14.0
26.0
23.666666666666668
28.25
25.8
24.833333333333332
24.571428571428573
23.625
22.88888888888889
21.7
21.363636363636363
21.083333333333332
21.384615384615383
21.142857142857142
20.8
21.5625
21.235294117647058
20.833333333333332
22.263157894736842
21.85
21.714285714285715
22.727272727272727
22.695652173913043
22.125
23.04
23.76923076923077
24.962962962962962
24.607142857142858
25.896551724137932
25.533333333333335
25.870967741935484
25.5
26.0
25.91176470588235
25.6
25.52777777777778
25.43243243243243
25.07894736842105
24.692307692307693
24.85
24.609756097560975
25.11904761904762
24.976744186046513
24.931818181818183
25.0
25.369565217391305
25.127659574468087
25.375
25.122448979591837
24.98
24.901960784313726
24.673076923076923
24.547169811320753
24.51851851851852
24.363636363636363
24.285714285714285
24.263157894736842
24.29310344827586
24.23728813559322
24.616666666666667
24.57377049180328
24.43548387096774
24.22222222222222
24.015625
23.984615384615385
23.96969696969697
23.895522388059703
23.75
23.6231884057971
23.757142857142856
23.95774647887324
23.805555555555557
23.65753424657534
23.72972972972973
23.68
23.776315789473685
23.675324675324674
23.67948717948718
23.734177215189874
23.975
23.876543209876544
23.74390243902439
23.91566265060241
23.833333333333332
23.847058823529412
23.77906976744186
23.885057471264368
23.818181818181817
23.8876404494382
23.91111111111111
23.912087912087912
23.83695652173913
24.301075268817204
24.20212765957447
24.16842105263158
24.375
24.391752577319586
24.459183673469386
24.505050505050505
24.79
24.84158415841584
25.401960784313726
25.718446601941746
25.759615384615383
25.866666666666667
26.066037735849058
26.233644859813083
26.15740740740741
26.192660550458715
26.072727272727274
25.972972972972972
26.142857142857142
26.115044247787612
26.19298245614035
26.269565217391303
26.49137931034483
26.358974358974358
26.3135593220339
26.319327731092436
26.416666666666668
26.322314049586776
26.21311475409836
26.650406504065042
26.60483870967742
26.52
26.476190476190474
26.401574803149607
26.3359375
26.27906976744186
26.584615384615386
26.49618320610687
26.515151515151516
26.55639097744361
26.574626865671643
26.57037037037037
26.46323529411765
26.51824817518248
26.47826086956522
26.48201438848921
26.557142857142857
26.45390070921986
26.54225352112676
26.475524475524477
26.5
26.55862068965517
26.493150684931507
26.496598639455783
26.527027027027028
26.583892617449663
26.653333333333332
26.589403973509935
26.625
26.555555555555557
26.474025974025974
26.393548387096775
26.807692307692307
26.866242038216562
27.018987341772153
26.949685534591193
27.0125
27.006211180124225
26.962962962962962
26.98159509202454
27.103658536585368
27.09090909090909
27.19277108433735
27.281437125748504
27.25595238095238
27.224852071005916
27.17058823529412
27.24561403508772
27.348837209302324
27.416184971098264
27.477011494252874
27.434285714285714
27.727272727272727
27.683615819209038
27.6123595505618
27.77094972067039
27.783333333333335
28.226519337016576
28.296703296703296
28.316939890710383
28.293478260869566
28.21081081081081
28.161290322580644
28.764705882352942
28.79255319148936
29.084656084656086
28.989473684210527
29.319371727748692
29.317708333333332
29.326424870466322
29.288659793814432
29.31282051282051
29.239795918367346
29.385786802030456
29.393939393939394
29.42713567839196
29.73
29.91044776119403
30.04950495049505
30.06896551724138
30.504901960784313
30.478048780487804
30.54854368932039
30.864734299516908
30.841346153846153
30.80861244019139
30.752380952380953
30.80094786729858
30.764150943396228
30.92488262910798
30.873831775700936
31.409302325581397
31.37037037037037
31.746543778801843
31.76605504587156
32.41552511415525
32.46363636363636
32.41628959276018
32.590090090090094
32.61434977578475
32.816964285714285
32.82222222222222
33.05309734513274
33.158590308370044
33.23245614035088
33.53711790393013
33.54782608695652
33.62770562770563
33.55172413793103
33.48927038626609
33.56837606837607
33.66382978723404
33.690677966101696
33.721518987341774
33.99579831932773
34.19246861924686
34.575
35.045643153526974
35.756198347107436
35.794238683127574
35.954918032786885
36.53877551020408
36.91463414634146
36.91902834008097
37.520161290322584
37.89558232931727
38.168
38.59760956175299
38.654761904761905
38.984189723320156
39.25590551181102
39.36862745098039
39.4609375
39.38910505836576
39.724806201550386
40.15444015444015
40.103846153846156
40.43295019157088
40.67175572519084
41.10266159695818
41.65530303030303
42.12830188679245
42.109022556390975
42.21722846441948
42.507462686567166
43.00743494423792
43.5
43.87822878228782
44.04779411764706
44.40659340659341
44.339416058394164
44.52363636363636
44.93478260869565
45.545126353790614
45.485611510791365
45.888888888888886
46.26428571428571
46.20996441281139
46.734042553191486
46.75618374558304
47.063380281690144
47.564912280701755
47.57342657342657
47.77351916376307
48.420138888888886
48.865051903114185
49.48620689655172
50.3745704467354
51.33561643835616
52.0
52.80952380952381
53.362711864406776
53.75675675675676
54.370370370370374
54.942953020134226
55.17725752508361
55.38333333333333
55.777408637873755
56.41721854304636
57.40924092409241
57.55592105263158
58.39344262295082
59.47385620915033
59.91205211726384
60.548701298701296
60.92880258899677
62.34516129032258
62.47909967845659
63.881410256410255
65.12140575079871
66.50636942675159
66.46031746031746
67.83227848101266
69.0
70.35534591194968
70.95924764890282
72.3
73.63239875389408
74.1863354037267
75.50464396284829
76.81481481481481
77.03076923076924
78.3282208588957
79.25688073394495
80.53963414634147
81.8145896656535
83.08181818181818
84.34138972809667
85.5933734939759
86.83783783783784
88.07485029940119
89.3044776119403
90.52678571428571
91.74183976261128
92.94970414201184
94.15044247787611
95.34411764705882
96.5307917888563
97.71052631578948
98.88338192419825
100.04941860465117
101.20869565217392
102.36127167630057
103.507204610951
104.64655172413794
105.77936962750717
106.90571428571428
108.02564102564102
109.13920454545455
110.24645892351275
111.34745762711864
112.44225352112676
113.53089887640449
114.61344537815125
115.68994413407822
116.76044568245125
117.825
118.88365650969529
119.93646408839778
120.98347107438016
122.02472527472527
123.06027397260274
124.09016393442623
125.11444141689373
126.13315217391305
127.14634146341463
128.15405405405406
129.15633423180594
130.15322580645162
131.14477211796248
132.13101604278074
133.112
134.0877659574468
135.0583554376658
136.02380952380952
136.98416886543535
137.93947368421053
138.88976377952756
139.83507853403142
140.77545691906005
141.7109375
142.64155844155843
143.56735751295338
144.48837209302326
145.40463917525773
146.31619537275066
147.22307692307692
148.12531969309464
149.02295918367346
149.91603053435114
150.80456852791878
151.6886075949367
152.5681818181818
153.4433249370277
154.3140703517588
155.18045112781954
156.0425
156.9002493765586
157.7537313432836
158.6029776674938
159.4480198019802
160.2888888888889
161.1256157635468
161.95823095823096
162.78676470588235
163.61124694376528
164.43170731707318
165.24817518248176
166.0606796116505
166.86924939467312
167.67391304347825
168.47469879518073
169.2716346153846
170.06474820143885
170.85406698564594
171.63961813842482
172.42142857142858
173.19952494061758
173.9739336492891
174.74468085106383
175.51179245283018
176.27529411764706
177.03521126760563
177.79156908665107
178.54439252336448
179.2937062937063
180.03953488372093
180.78190255220417
181.52083333333334
182.25635103926098
182.9884792626728
183.71724137931034
184.44266055045873
185.16475972540044
185.8835616438356
186.59908883826878
187.31136363636364
188.0204081632653
188.7262443438914
189.42889390519187
190.1283783783784
190.8247191011236
191.51793721973095
192.20805369127515
192.89508928571428
193.57906458797328
194.26
194.9379157427938
195.61283185840708
196.28476821192052
196.95374449339207
197.6197802197802
198.2828947368421
198.94310722100656
199.6004366812227
200.2549019607843
200.90652173913043
201.55531453362255
202.2012987012987
202.84449244060474
203.48491379310346
204.1225806451613
204.75751072961373
205.389721627409
206.01923076923077
206.64605543710022
207.27021276595744
207.89171974522293
208.510593220339
209.12684989429175
209.7405063291139
210.3515789473684
210.96008403361344
211.56603773584905
212.1694560669456
212.77035490605428
213.36875
213.96465696465697
214.55809128630705
215.14906832298138
215.73760330578511
216.3237113402062
216.90740740740742
217.48870636550308
218.06762295081967
218.64417177914112
219.21836734693878
219.79022403258656
220.359756097561
220.9269776876268
221.4919028340081
222.05454545454546
222.61491935483872
223.17303822937626
223.7289156626506
224.2825651302605
224.834
225.38323353293413
225.93027888446215
226.4751491053678
227.01785714285714
227.55841584158415
228.09683794466403
228.63313609467457
229.16732283464566
229.69941060903733
230.22941176470587
230.7573385518591
231.283203125
231.80701754385964
232.32879377431905
232.8485436893204
233.36627906976744
233.88201160541587
234.3957528957529
234.90751445086704
235.4173076923077
235.92514395393474
236.43103448275863
236.93499043977056
237.43702290076337
237.93714285714285
238.43536121673003
238.93168880455408
239.42613636363637
239.9187145557656
240.40943396226416
240.89830508474577
241.38533834586465
241.87054409005628
242.35393258426967
242.83551401869158
243.3152985074627
243.79329608938548
244.26951672862452
244.74397031539888
245.21666666666667
245.6876155268022
246.15682656826567
246.6243093922652
247.09007352941177
247.55412844036698
248.0164835164835
248.47714808043875
248.93613138686132
249.39344262295083
249.8490909090909
250.30308529945555
250.7554347826087
251.20614828209764
251.6552346570397
252.10270270270271
252.54856115107913
252.99281867145422
253.43548387096774
253.87656529516994
254.31607142857143
254.75401069518716
255.19039145907473
255.6252220248668
256.0585106382979
256.49026548672566
256.92049469964667
257.3492063492063
257.77640845070425
258.20210896309317
258.62631578947367
259.0490367775832
259.47027972027973
259.89005235602093
260.308362369338
260.72521739130434
261.140625
261.55459272097056
261.96712802768167
262.37823834196894
262.78793103448277
263.1962134251291
263.60309278350513
264.00857632933105
264.41267123287673
264.81538461538463
265.21672354948805
265.6166950596252
266.015306122449
266.4125636672326
266.8084745762712
267.20304568527916
267.5962837837838
267.9881956155143
268.3787878787879
268.76806722689076
269.15604026845637
269.5427135678392
269.928093645485
270.3121869782972
270.695
271.07653910149753
271.45681063122925
271.8358208955224
272.2135761589404
272.5900826446281
272.96534653465346
273.33937397034595
273.71217105263156
274.0837438423645
274.45409836065573
274.823240589198
275.19117647058823
275.557911908646
275.92345276872965
276.2878048780488
276.65097402597405
277.0129659643436
277.373786407767
277.7334410339257
278.09193548387094
278.4492753623188
278.80546623794214
279.1605136436597
279.5144230769231
279.8672
280.2188498402556
280.5693779904306
280.9187898089172
281.2670906200318
281.6142857142857
281.9603803486529
282.30537974683546
282.6492890995261
282.9921135646688
283.33385826771655
283.67452830188677
284.01412872841445
284.3526645768025
284.6901408450704
285.0265625
285.3619344773791
285.696261682243
286.02954898911355
286.361801242236
286.69302325581396
287.0232198142415
287.35239567233384
287.68055555555554
288.00770416024653
288.33384615384614
288.6589861751152
