18.0
15.5
15.333333333333334
16.25
15.2
15.833333333333334
15.142857142857142
15.25
15.333333333333334
17.8
19.727272727272727
19.25
19.692307692307693
19.5
19.133333333333333
18.6875
19.529411764705884
19.166666666666668
19.210526315789473
18.95
18.714285714285715
18.681818181818183
18.91304347826087
19.083333333333332
19.24
19.5
19.11111111111111
18.928571428571427
18.724137931034484
18.866666666666667
19.129032258064516
19.5625
19.393939393939394
20.058823529411764
19.914285714285715
20.194444444444443
20.10810810810811
20.44736842105263
20.564102564102566
20.3
20.317073170731707
20.357142857142858
20.767441860465116
20.772727272727273
21.355555555555554
21.282608695652176
21.170212765957448
21.5625
21.6734693877551
22.02
21.92156862745098
21.78846153846154
21.62264150943396
21.61111111111111
21.563636363636363
21.5
22.36842105263158
22.844827586206897
22.915254237288135
23.216666666666665
23.19672131147541
23.516129032258064
23.333333333333332
23.171875
23.0
22.818181818181817
22.761194029850746
22.63235294117647
22.6231884057971
22.7
22.788732394366196
22.72222222222222
22.616438356164384
22.54054054054054
22.85333333333333
22.82894736842105
22.68831168831169
22.628205128205128
22.50632911392405
22.4875
22.432098765432098
22.573170731707318
22.53012048192771
22.428571428571427
22.4
22.25581395348837
22.310344827586206
22.727272727272727
22.730337078651687
22.744444444444444
22.615384615384617
22.619565217391305
22.688172043010752
22.97872340425532
22.873684210526317
22.947916666666668
22.88659793814433
22.816326530612244
22.707070707070706
22.79
22.980198019801982
23.107843137254903
23.019417475728154
23.134615384615383
23.142857142857142
23.21698113207547
23.1588785046729
23.10185185185185
23.220183486238533
23.236363636363638
23.25225225225225
23.482142857142858
23.41592920353982
23.342105263157894
23.278260869565216
23.54310344827586
23.71794871794872
23.652542372881356
23.95798319327731
23.883333333333333
23.826446280991735
23.78688524590164
23.691056910569106
23.93548387096774
23.992
23.92063492063492
23.905511811023622
23.8828125
24.031007751937985
24.076923076923077
24.206106870229007
24.136363636363637
24.39097744360902
24.559701492537314
24.45925925925926
24.41176470588235
24.386861313868614
24.355072463768117
24.287769784172664
24.185714285714287
24.099290780141843
24.070422535211268
24.076923076923077
24.15972222222222
24.47586206896552
24.410958904109588
24.53061224489796
24.5472972972973
24.483221476510067
24.673333333333332
25.039735099337747
25.092105263157894
25.281045751633986
25.24025974025974
25.219354838709677
25.28205128205128
25.273885350318473
25.272151898734176
25.20754716981132
25.29375
25.335403726708076
25.296296296296298
25.595092024539877
25.548780487804876
25.545454545454547
25.52409638554217
25.62874251497006
25.732142857142858
25.70414201183432
25.75294117647059
26.04093567251462
26.093023255813954
26.034682080924856
26.011494252873565
26.04
26.051136363636363
26.016949152542374
25.98314606741573
25.966480446927374
25.91111111111111
25.972375690607734
25.923076923076923
26.081967213114755
26.081521739130434
26.313513513513513
26.322580645161292
26.44385026737968
26.4468085106383
26.825396825396826
26.81578947368421
26.958115183246072
26.932291666666668
26.844559585492227
26.90721649484536
26.923076923076923
26.862244897959183
26.82233502538071
26.90909090909091
26.91457286432161
27.1
27.09950248756219
27.376237623762375
27.399014778325125
27.397058823529413
27.5609756097561
27.645631067961165
27.59903381642512
27.567307692307693
27.607655502392344
27.68095238095238
27.838862559241708
27.80188679245283
27.863849765258216
27.817757009345794
27.77674418604651
27.75
27.764976958525345
27.706422018348626
27.625570776255707
27.7
27.742081447963802
27.67117117117117
28.076233183856502
28.299107142857142
28.31111111111111
28.278761061946902
28.41409691629956
28.36842105263158
28.406113537117903
28.482608695652175
28.805194805194805
28.995689655172413
29.107296137339056
29.081196581196583
29.068085106382977
29.949152542372882
29.940928270042193
29.861344537815125
29.815899581589957
29.791666666666668
29.771784232365146
29.710743801652892
29.68724279835391
29.897540983606557
30.37142857142857
30.39430894308943
30.323886639676115
30.411290322580644
30.477911646586346
30.716
30.713147410358566
30.686507936507937
31.035573122529645
31.34251968503937
31.647058823529413
31.80078125
31.739299610894943
31.72093023255814
31.8996138996139
32.21153846153846
32.206896551724135
32.16793893129771
32.32699619771863
32.86742424242424
32.841509433962266
33.06015037593985
33.344569288389515
33.63059701492537
34.04460966542751
33.98518518518519
34.43173431734317
34.37132352941177
34.35531135531136
35.02189781021898
35.22181818181818
35.333333333333336
35.37906137184115
35.723021582733814
35.8494623655914
35.8
35.86476868327402
36.255319148936174
36.72791519434629
37.098591549295776
37.12982456140351
37.48251748251748
37.81184668989547
38.28472222222222
38.70242214532872
39.07931034482758
39.44329896907217
39.92465753424658
40.62457337883959
41.08163265306123
41.623728813559325
42.04391891891892
42.754208754208754
43.100671140939596
43.4314381270903
43.946666666666665
44.16279069767442
44.73841059602649
45.04290429042904
45.60197368421053
45.924590163934425
46.1797385620915
46.384364820846905
46.83766233766234
47.13592233009709
47.74516129032258
48.51446945337621
49.28525641025641
49.281150159744406
49.63057324840764
50.24761904761905
51.360759493670884
51.867507886435334
52.45283018867924
53.191222570532915
53.709375
54.36760124610592
55.077639751552795
55.869969040247675
56.06172839506173
57.42769230769231
58.785276073619634
58.63914373088685
59.68292682926829
60.422492401215806
61.35151515151515
62.676737160120844
62.924698795180724
63.072072072072075
63.65269461077844
64.3910447761194
65.6875
66.97626112759644
68.25739644970415
69.53097345132744
70.79705882352941
71.37536656891496
72.18713450292398
73.07288629737609
74.31395348837209
74.23768115942029
74.91618497109826
75.53314121037464
76.75287356321839
77.45845272206304
78.66571428571429
79.86609686609687
81.0596590909091
82.24645892351275
82.58757062146893
83.76338028169015
84.93258426966293
86.0952380952381
87.25139664804469
88.40111420612813
89.54444444444445
90.68144044321329
91.8121546961326
92.9366391184573
94.05494505494505
95.16712328767123
96.27322404371584
97.3732970027248
98.46739130434783
99.55555555555556
100.63783783783784
101.71428571428571
102.78494623655914
103.84986595174263
104.9090909090909
105.96266666666666
107.01063829787235
108.05305039787798
109.08994708994709
110.12137203166228
111.14736842105263
112.16797900262468
113.18324607329843
113.64490861618799
114.65104166666667
115.65194805194805
116.64766839378238
117.63824289405684
118.62371134020619
119.60411311053984
120.57948717948717
121.54987212276215
122.51530612244898
123.47582697201018
124.43147208121827
125.38227848101266
126.32828282828282
127.26952141057934
128.20603015075378
129.13784461152883
130.065
130.98753117206982
131.90547263681592
132.81885856079404
133.72772277227722
134.6320987654321
135.5320197044335
136.42751842751844
137.3186274509804
138.20537897310513
139.0878048780488
139.96593673965936
140.8398058252427
141.7094430992736
142.57487922705315
143.43614457831325
144.29326923076923
145.1462829736211
145.99521531100478
146.8400954653938
147.6809523809524
148.51781472684087
149.35071090047393
150.17966903073287
151.00471698113208
151.82588235294116
152.6431924882629
153.45667447306792
154.2663551401869
155.07226107226109
155.87441860465117
156.67285382830627
157.46759259259258
158.25866050808315
159.04608294930875
159.82988505747127
160.61009174311926
161.38672768878718
162.15981735159818
162.92938496583145
163.69545454545454
164.45804988662132
165.21719457013575
165.9729119638826
166.72522522522522
167.4741573033708
168.21973094170403
168.96196868008948
169.70089285714286
170.43652561247217
171.1688888888889
171.8980044345898
172.62389380530973
173.34657836644593
174.0660792951542
174.7824175824176
175.49561403508773
176.20568927789935
176.9126637554585
177.6165577342048
178.31739130434784
179.01518438177874
179.7099567099567
180.40172786177106
181.0905172413793
181.7763440860215
182.45922746781116
183.1391862955032
183.81623931623932
184.4904051172708
185.16170212765957
185.83014861995753
186.49576271186442
187.1585623678647
187.81856540084388
188.47578947368422
189.13025210084032
189.7819706498952
190.43096234309624
191.07724425887264
191.72083333333333
192.36174636174636
193.0
193.63561076604555
194.26859504132233
194.89896907216496
195.52674897119343
196.15195071868584
196.77459016393442
197.39468302658486
198.0122448979592
198.62729124236253
199.239837398374
199.8498985801217
200.4574898785425
201.06262626262625
201.66532258064515
202.2655935613682
202.86345381526104
203.45891783567134
204.052
204.6427145708583
205.23107569721117
205.81709741550696
206.40079365079364
206.98217821782177
207.56126482213438
208.13806706114397
208.71259842519686
209.28487229862475
209.8549019607843
210.42270058708414
210.98828125
211.55165692007796
212.11284046692606
212.67184466019418
213.22868217054264
213.7833655705996
214.33590733590734
214.88631984585743
215.4346153846154
215.98080614203454
216.5249042145594
217.06692160611854
217.60687022900763
218.1447619047619
218.680608365019
219.21442125237192
219.74621212121212
220.27599243856332
220.80377358490566
221.3295668549906
221.85338345864662
222.37523452157598
222.89513108614233
223.41308411214953
223.92910447761193
224.44320297951583
224.95539033457248
225.46567717996288
225.97407407407408
226.48059149722735
226.98523985239854
227.48802946593003
227.9889705882353
228.48807339449542
228.98534798534797
229.48080438756855
229.97445255474452
230.46630236794172
230.95636363636365
231.44464609800363
231.93115942028984
232.41591320072334
232.89891696750902
233.3801801801802
233.85971223021582
234.3375224416517
234.8136200716846
235.28801431127013
235.76071428571427
236.23172905525846
236.70106761565836
237.16873889875666
237.63475177304966
238.09911504424778
238.56183745583039
239.02292768959435
239.48239436619718
239.9402460456942
240.39649122807018
240.85113835376532
241.3041958041958
241.75567190226877
242.205574912892
242.65391304347827
243.10069444444446
243.54592720970538
243.98961937716263
244.43177892918825
244.87241379310345
245.3115318416523
245.74914089347078
246.1852487135506
246.61986301369862
247.05299145299145
247.48464163822527
247.91482112436117
248.343537414966
248.77079796264854
249.19661016949152
249.62098138747885
250.0439189189189
250.4654300168634
250.88552188552188
251.30420168067226
251.7214765100671
252.13735343383584
252.55183946488293
252.96494156928213
253.37666666666667
253.78702163061564
254.19601328903656
254.60364842454393
255.00993377483445
255.41487603305785
255.81848184818483
256.2207578253707
256.6217105263158
257.02134646962236
257.41967213114754
257.8166939443535
258.2124183006536
258.6068515497553
259.0
259.3918699186992
259.78246753246754
260.17179902755265
260.5598705501618
260.94668820678515
261.3322580645161
261.71658615136874
262.0996784565916
262.4815409309791
262.8621794871795
263.2416
263.6198083067093
263.9968102073365
264.37261146496814
264.74721780604136
265.1206349206349
265.49286846275754
265.86392405063293
266.23380726698264
266.602523659306
266.9700787401575
267.3364779874214
267.70172684458396
268.0658307210031
268.42879499217526
268.790625
269.1513260530421
269.5109034267913
269.86936236391915
270.22670807453414
270.5829457364341
270.938080495356
271.2921174652241
271.64506172839504
271.9969183359014
272.3476923076923
272.6973886328725
273.0460122699387
273.3935681470138
273.7400611620795
274.0854961832061
274.4298780487805
274.7732115677321
275.11550151975683
275.4567526555387
275.7969696969697
276.13615733736765
276.4743202416918
276.8114630467572
277.1475903614458
277.4827067669173
277.8168168168168
278.14992503748124
278.4820359281437
278.81315396113604
279.14328358208957
279.4724292101341
279.80059523809524
