12.0
15.5
14.666666666666666
24.75
25.4
22.833333333333332
22.428571428571427
21.5
21.0
21.1
21.90909090909091
22.666666666666668
23.153846153846153
26.142857142857142
25.466666666666665
25.8125
26.352941176470587
26.0
25.31578947368421
25.8
25.142857142857142
28.545454545454547
28.043478260869566
27.416666666666668
27.56
27.0
26.85185185185185
26.535714285714285
26.17241379310345
26.233333333333334
25.93548387096774
26.125
25.818181818181817
25.61764705882353
25.428571428571427
25.0
24.83783783783784
24.605263157894736
24.307692307692307
24.425
24.414634146341463
24.404761904761905
24.13953488372093
24.113636363636363
23.822222222222223
23.652173913043477
23.46808510638298
23.333333333333332
23.102040816326532
23.2
23.0
22.75
22.67924528301887
22.5
22.381818181818183
22.5
22.36842105263158
23.137931034482758
23.1864406779661
22.983333333333334
23.147540983606557
22.983870967741936
22.936507936507937
23.28125
23.06153846153846
22.939393939393938
22.83582089552239
22.926470588235293
22.840579710144926
23.17142857142857
23.056338028169016
22.958333333333332
23.26027397260274
23.324324324324323
23.173333333333332
23.513157894736842
23.454545454545453
23.371794871794872
23.29113924050633
23.35
23.765432098765434
23.73170731707317
23.626506024096386
23.5
23.4
23.38372093023256
23.586206896551722
23.46590909090909
23.415730337078653
23.622222222222224
23.75824175824176
23.630434782608695
23.473118279569892
23.425531914893618
23.36842105263158
23.958333333333332
24.103092783505154
24.010204081632654
23.92929292929293
24.0
24.07920792079208
24.04901960784314
23.980582524271846
24.076923076923077
23.99047619047619
23.952830188679247
24.233644859813083
24.13888888888889
24.174311926605505
24.154545454545456
24.17117117117117
24.098214285714285
24.123893805309734
24.04385964912281
24.37391304347826
24.28448275862069
24.23931623931624
24.194915254237287
24.235294117647058
24.433333333333334
24.41322314049587
24.57377049180328
24.45528455284553
24.419354838709676
24.328
24.523809523809526
24.551181102362204
24.4921875
24.62015503875969
24.8
24.732824427480917
24.689393939393938
24.74436090225564
24.70149253731343
24.74074074074074
24.66176470588235
24.94160583941606
24.905797101449274
24.928057553956833
24.857142857142858
25.382978723404257
25.366197183098592
25.41958041958042
25.34027777777778
25.427586206896553
25.335616438356166
25.65986394557823
25.62837837837838
25.751677852348994
25.64666666666667
25.721854304635762
25.63157894736842
26.013071895424837
26.006493506493506
25.993548387096773
26.01923076923077
25.936305732484076
25.873417721518987
25.91823899371069
26.0375
25.981366459627328
26.21604938271605
26.496932515337424
26.445121951219512
26.412121212121214
26.43975903614458
26.365269461077844
26.339285714285715
26.24852071005917
26.38235294117647
26.327485380116958
26.302325581395348
26.387283236994218
26.49425287356322
26.65142857142857
26.698863636363637
26.74576271186441
26.668539325842698
26.59776536312849
26.594444444444445
26.613259668508288
26.686813186813186
26.601092896174862
26.831521739130434
26.745945945945945
26.731182795698924
26.74331550802139
27.143617021276597
27.063492063492063
27.242105263157896
27.267015706806284
27.307291666666668
27.3419689119171
27.3659793814433
27.28205128205128
27.21938775510204
27.13705583756345
27.065656565656564
27.040201005025125
27.125
27.09452736318408
27.252475247524753
27.44334975369458
27.46078431372549
27.70731707317073
28.038834951456312
28.057971014492754
28.1875
28.29665071770335
28.214285714285715
28.175355450236967
28.14622641509434
28.145539906103288
28.074766355140188
28.013953488372092
28.064814814814813
28.433179723502302
28.68807339449541
29.054794520547944
29.5
29.552036199095024
29.527027027027028
29.641255605381165
29.571428571428573
29.72888888888889
29.84070796460177
29.845814977973568
29.885964912280702
29.986899563318776
30.117391304347827
30.03030303030303
30.31896551724138
30.27038626609442
30.346153846153847
30.378723404255318
30.470338983050848
30.421940928270043
30.54201680672269
30.560669456066947
30.504166666666666
30.61825726141079
30.553719008264462
30.604938271604937
30.59016393442623
30.808163265306124
30.78048780487805
30.785425101214575
31.06451612903226
31.120481927710845
31.548
31.657370517928285
31.821428571428573
31.873517786561266
31.81496062992126
31.886274509803922
32.11328125
32.4863813229572
32.736434108527135
32.76447876447877
33.23461538461538
33.46743295019157
33.47709923664122
33.57414448669201
33.85606060606061
34.339622641509436
34.32706766917293
34.344569288389515
34.64179104477612
35.215613382899626
35.425925925925924
35.55350553505535
35.845588235294116
35.82051282051282
35.92700729927007
36.32
36.416666666666664
36.537906137184116
36.615107913669064
36.702508960573475
36.95357142857143
37.51601423487544
37.773049645390074
38.56890459363957
38.943661971830984
39.22105263157895
39.19230769230769
39.32752613240418
40.010416666666664
40.42560553633218
40.324137931034485
41.03780068728523
41.852739726027394
42.22184300341297
42.85374149659864
43.43728813559322
44.16216216216216
44.50841750841751
45.23489932885906
45.57190635451505
45.656666666666666
46.30564784053156
46.47019867549669
46.646864686468646
46.703947368421055
47.144262295081965
47.62091503267974
49.09446254071661
49.05194805194805
49.724919093851135
50.02258064516129
50.48874598070739
50.59615384615385
51.53674121405751
51.996815286624205
53.384126984126986
53.81012658227848
54.96845425867508
55.839622641509436
56.8307210031348
57.371875
58.75077881619938
58.61490683229814
59.98142414860681
61.339506172839506
61.215384615384615
62.561349693251536
62.47094801223242
63.103658536585364
64.4224924012158
64.81818181818181
66.13293051359517
65.98192771084338
67.28528528528528
67.99101796407186
69.00298507462686
70.28571428571429
70.5727002967359
71.31656804733728
72.18289085545723
73.44117647058823
73.4633431085044
74.71052631578948
74.56851311953353
75.80523255813954
76.31014492753623
77.08959537572254
78.30835734870317
78.59770114942529
79.80515759312321
80.19714285714285
81.3931623931624
81.48295454545455
82.6685552407932
82.49152542372882
83.48732394366198
84.65730337078652
85.82072829131653
85.65921787709497
86.65738161559888
87.80555555555556
88.94736842105263
90.0828729281768
91.21212121212122
92.33516483516483
93.45205479452055
94.56284153005464
95.66757493188011
96.73913043478261
97.8319783197832
98.91891891891892
100.0
101.0752688172043
102.14477211796246
103.20855614973262
104.26666666666667
105.31914893617021
106.36604774535809
107.4074074074074
108.44327176781003
109.47368421052632
110.498687664042
111.51832460732984
112.53263707571801
113.54166666666667
114.54545454545455
115.5440414507772
116.5374677002584
117.52577319587628
118.50899742930591
119.48717948717949
120.46035805626599
121.42857142857143
122.3587786259542
123.31725888324873
124.27088607594936
124.02777777777777
124.97481108312343
125.91708542713567
126.8546365914787
127.7875
128.71571072319202
129.63930348258705
130.55831265508684
131.47277227722773
132.3827160493827
133.28817733990147
134.1891891891892
135.0857843137255
135.97799511002444
136.8658536585366
137.74939172749393
138.62864077669903
139.5036319612591
140.3743961352657
141.24096385542168
142.1033653846154
142.96163069544363
143.81578947368422
144.66587112171837
145.51190476190476
146.353919239905
147.19194312796208
148.0260047281324
148.8561320754717
149.68235294117648
150.50469483568074
151.3231850117096
152.13785046728972
152.94871794871796
153.75581395348837
154.55916473317865
155.3587962962963
156.15473441108546
156.94700460829492
157.73563218390805
158.52064220183487
159.3020594965675
160.0799086757991
160.85421412300684
161.625
162.3922902494331
163.15610859728505
163.91647855530474
164.67342342342343
165.42696629213484
166.17713004484304
166.92393736017897
167.66741071428572
168.4075723830735
169.14444444444445
169.8780487804878
170.608407079646
171.3355408388521
172.05947136563876
172.78021978021977
173.49780701754386
174.21225382932167
174.9235807860262
175.6318082788671
176.33695652173913
177.03904555314534
177.73809523809524
178.4341252699784
179.12715517241378
179.81720430107526
180.50429184549355
181.18843683083512
181.8696581196581
182.54797441364605
183.22340425531914
183.89596602972398
184.5656779661017
185.2325581395349
185.89662447257385
186.55789473684212
187.21638655462183
187.87211740041928
188.52510460251045
189.17536534446765
189.82291666666666
190.46777546777548
191.10995850622407
191.7494824016563
192.38636363636363
193.02061855670104
193.65226337448559
194.28131416837783
194.9077868852459
195.53169734151328
196.1530612244898
196.77189409368634
197.3882113821138
198.00202839756594
198.61336032388664
199.22222222222223
199.82862903225808
200.43259557344064
201.03413654618473
201.63326653306612
202.23
202.8243512974052
203.41633466135457
204.00596421471172
204.59325396825398
205.17821782178217
205.7608695652174
206.3412228796844
206.91929133858267
207.4950884086444
208.0686274509804
208.6399217221135
209.208984375
209.77582846003898
210.34046692607004
210.90291262135923
211.46317829457365
212.0212765957447
212.5772200772201
213.131021194605
213.68269230769232
214.23224568138195
214.77969348659005
215.32504780114724
215.86832061068702
216.40952380952382
216.94866920152091
217.48576850094878
218.02083333333334
218.55387523629489
219.08490566037736
219.61393596986818
220.14097744360902
220.66604127579737
221.18913857677902
221.71028037383178
222.2294776119403
222.7467411545624
223.26208178438662
223.77551020408163
224.28703703703704
224.79667282809612
225.30442804428046
225.81031307550646
226.31433823529412
226.8165137614679
227.3168498168498
227.81535648994515
228.31204379562044
228.80692167577413
229.3
229.7912885662432
230.28079710144928
230.76853526220614
230.8231046931408
231.19819819819818
231.681654676259
231.45780969479353
231.9390681003584
232.41860465116278
232.89642857142857
232.71657754010695
233.19217081850533
233.66607460035524
234.13829787234042
234.60884955752212
235.07773851590105
235.54497354497354
236.0105633802817
236.47451669595782
236.93684210526317
237.39754816112085
237.85664335664336
238.31413612565444
238.77003484320556
239.22434782608696
239.67708333333334
240.12824956672443
240.57785467128028
241.0259067357513
241.47241379310344
241.91738382099828
242.36082474226805
242.80274442538592
243.2431506849315
243.68205128205128
244.11945392491467
244.55536626916523
244.98979591836735
245.42275042444822
245.8542372881356
246.28426395939087
246.71283783783784
247.13996627318718
247.56565656565655
247.98991596638655
248.41275167785236
248.83417085427135
249.2541806020067
249.6727879799666
250.09
250.50582362728787
250.9202657807309
251.33333333333334
251.74503311258277
252.15537190082645
252.56435643564356
252.97199341021417
253.37828947368422
253.7832512315271
254.18688524590164
254.58919803600654
254.99019607843138
255.38988580750407
255.78827361563518
256.18536585365854
256.58116883116884
256.9756888168558
257.36893203883494
257.76090468497574
258.1516129032258
258.54106280193236
258.92926045016077
259.31621187800965
259.7019230769231
260.0864
260.46964856230034
260.85167464114835
261.23248407643314
261.6120826709062
261.9904761904762
262.3676703645008
262.74367088607596
263.1184834123223
263.4921135646688
263.86456692913384
264.2358490566038
264.6059654631083
264.97492163009406
265.34272300469485
265.709375
266.0748829953198
266.4392523364486
266.8024883359254
267.1645962732919
267.52558139534887
267.8854489164087
268.2442040185471
268.60185185185185
268.95839753466873
269.31384615384616
269.66820276497697
270.02147239263803
270.3736600306279
270.72477064220186
271.07480916030534
271.4237804878049
271.7716894977169
272.11854103343467
272.464339908953
272.8090909090909
273.15279878971256
273.49546827794563
273.8371040723982
274.1777108433735
274.5172932330827
274.85585585585585
275.1934032983508
275.52994011976045
275.86547085201795
276.2
276.5335320417288
276.86607142857144
277.19762258543835
277.5281899109792
277.85777777777776
278.18639053254435
