30.0
31.5
25.666666666666668
22.5
22.0
20.666666666666668
21.714285714285715
21.5
21.0
20.2
22.727272727272727
21.833333333333332
20.846153846153847
22.0
21.733333333333334
21.0625
21.823529411764707
22.444444444444443
22.263157894736842
21.95
21.857142857142858
21.454545454545453
21.043478260869566
20.541666666666668
20.32
20.384615384615383
20.296296296296298
21.285714285714285
21.20689655172414
21.166666666666668
20.838709677419356
20.5625
20.454545454545453
20.323529411764707
20.942857142857143
21.13888888888889
21.7027027027027
21.81578947368421
22.076923076923077
21.825
21.536585365853657
21.333333333333332
21.372093023255815
21.318181818181817
21.244444444444444
21.08695652173913
21.04255319148936
20.979166666666668
20.857142857142858
21.22
21.235294117647058
21.326923076923077
21.32075471698113
21.25925925925926
21.272727272727273
21.232142857142858
21.24561403508772
21.103448275862068
21.016949152542374
21.366666666666667
21.278688524590162
21.258064516129032
21.11111111111111
21.03125
21.123076923076923
21.348484848484848
21.47761194029851
21.352941176470587
21.202898550724637
21.285714285714285
21.154929577464788
21.01388888888889
20.958904109589042
21.06756756756757
21.013333333333332
21.407894736842106
21.285714285714285
21.17948717948718
21.265822784810126
21.1875
21.098765432098766
21.195121951219512
21.36144578313253
21.285714285714285
21.223529411764705
21.186046511627907
21.06896551724138
21.125
21.146067415730336
21.22222222222222
21.208791208791208
21.097826086956523
21.118279569892472
21.117021276595743
21.021052631578947
21.020833333333332
21.072164948453608
21.183673469387756
21.1010101010101
21.68
21.93069306930693
21.88235294117647
21.83495145631068
21.826923076923077
21.79047619047619
21.70754716981132
21.747663551401867
21.63888888888889
21.61467889908257
21.581818181818182
21.864864864864863
21.830357142857142
21.831858407079647
21.79824561403509
22.57391304347826
22.586206896551722
22.683760683760685
22.838983050847457
22.88235294117647
22.958333333333332
23.024793388429753
22.950819672131146
22.934959349593495
22.846774193548388
23.184
23.349206349206348
23.62204724409449
23.5546875
23.573643410852714
23.73846153846154
23.748091603053435
23.704545454545453
23.887218045112782
23.91044776119403
23.918518518518518
24.330882352941178
24.547445255474454
24.492753623188406
24.446043165467625
24.685714285714287
24.73049645390071
24.661971830985916
24.81118881118881
24.881944444444443
24.896551724137932
24.828767123287673
24.904761904761905
24.81756756756757
24.926174496644297
24.833333333333332
24.973509933774835
24.92763157894737
24.88235294117647
24.88961038961039
24.87741935483871
24.871794871794872
24.9171974522293
24.854430379746834
24.949685534591193
25.1375
25.211180124223603
25.308641975308642
25.312883435582823
25.29268292682927
25.296969696969697
25.41566265060241
25.365269461077844
25.488095238095237
25.50887573964497
25.46470588235294
25.883040935672515
25.953488372093023
26.040462427745666
26.114942528735632
26.045714285714286
26.022727272727273
25.966101694915253
26.10112359550562
26.452513966480446
26.544444444444444
26.65193370165746
26.63736263736264
26.584699453551913
26.527173913043477
26.594594594594593
26.56989247311828
26.577540106951872
26.601063829787233
26.93121693121693
27.021052631578947
27.099476439790575
27.473958333333332
27.616580310880828
27.675257731958762
27.91794871794872
27.892857142857142
27.934010152284262
27.853535353535353
27.85929648241206
27.82
27.756218905472636
27.787128712871286
28.088669950738915
28.03921568627451
27.995121951219513
27.941747572815533
28.028985507246375
28.298076923076923
28.36842105263158
28.404761904761905
28.46919431279621
28.42452830188679
28.502347417840376
28.5
28.469767441860466
28.578703703703702
28.677419354838708
28.660550458715598
29.401826484018265
29.490909090909092
29.72398190045249
29.936936936936938
30.269058295964125
30.325892857142858
30.586666666666666
30.641592920353983
30.748898678414097
30.80701754385965
31.074235807860262
31.095652173913045
31.36796536796537
31.461206896551722
31.841201716738198
32.03846153846154
31.982978723404255
31.983050847457626
32.10126582278481
32.1764705882353
32.52719665271967
32.61666666666667
32.572614107883815
32.70661157024794
32.7201646090535
32.692622950819676
32.69387755102041
32.6869918699187
33.15384615384615
33.45564516129032
33.75502008032129
33.792
34.211155378486055
34.38095238095238
34.3794466403162
34.610236220472444
34.96862745098039
35.265625
35.34630350194553
35.71705426356589
36.0
36.103846153846156
36.81992337164751
36.79389312977099
37.136882129277566
37.484848484848484
37.49433962264151
37.89473684210526
37.86142322097378
37.86940298507463
37.806691449814124
38.00370370370371
38.247232472324725
38.595588235294116
38.985347985347985
39.551094890510946
39.64363636363636
40.094202898550726
40.111913357400724
40.68345323741007
40.702508960573475
40.660714285714285
40.74021352313167
40.90780141843972
41.32155477031802
41.96478873239437
41.95087719298245
42.56293706293706
42.90940766550523
43.513888888888886
43.602076124567475
44.227586206896554
44.7147766323024
45.41438356164384
45.40955631399317
45.874149659863946
46.3593220338983
46.736486486486484
47.14478114478114
47.493288590604024
47.88963210702341
48.72
48.63455149501661
49.24503311258278
50.26072607260726
50.63157894736842
51.27213114754098
51.73202614379085
52.534201954397396
53.20779220779221
53.90614886731392
54.31612903225806
54.556270096463024
55.67628205128205
56.361022364217256
56.76433121019108
57.787301587301585
59.186708860759495
59.186119873817034
60.57232704402516
60.43887147335423
61.8125
61.90965732087228
63.27018633540373
63.139318885448915
63.70987654320987
65.05230769230769
65.56134969325153
66.88990825688073
67.70426829268293
69.01823708206688
70.32424242424243
71.62235649546828
71.95481927710843
73.24024024024024
74.51796407185628
75.78805970149254
77.05059523809524
78.30563798219585
79.55325443786982
80.79351032448378
81.12058823529412
82.34897360703812
83.5701754385965
84.03498542274052
85.24418604651163
86.4463768115942
87.64161849710983
88.82997118155619
90.01149425287356
91.18624641833811
92.35428571428571
93.51566951566952
94.67045454545455
95.8186968838527
96.11299435028249
97.25070422535211
98.38202247191012
99.50700280112045
100.62569832402235
101.73816155988858
102.84444444444445
103.94459833795014
105.03867403314918
106.1267217630854
107.20879120879121
108.28493150684932
109.35519125683061
110.41961852861036
111.47826086956522
112.53116531165311
113.57837837837837
114.0377358490566
115.0752688172043
114.80428954423593
115.60160427807487
116.62666666666667
117.64627659574468
118.6604774535809
119.66931216931216
120.67282321899737
121.67105263157895
122.66404199475066
123.65183246073299
124.63446475195822
125.61197916666667
126.58441558441558
127.55181347150258
128.5142118863049
129.47164948453607
130.4241645244216
131.37179487179486
132.3145780051151
133.25255102040816
134.18575063613233
135.11421319796955
136.0379746835443
136.9570707070707
137.87153652392948
138.78140703517587
139.68671679197996
140.5875
141.48379052369077
142.37562189054725
143.26302729528535
144.1460396039604
145.02469135802468
145.89901477832512
146.76904176904176
147.63480392156862
148.4963325183374
149.35365853658536
150.20681265206812
151.05582524271844
151.9007263922518
152.7415458937198
153.57831325301206
154.41105769230768
155.2398081534772
156.0645933014354
156.8854415274463
157.70238095238096
158.51543942992873
159.32464454976304
160.13002364066193
160.9316037735849
161.72941176470587
162.52347417840375
163.31381733021078
164.10046728971963
164.88344988344988
165.6627906976744
166.4385150812065
167.21064814814815
167.97921478060047
168.7442396313364
169.50574712643677
170.2637614678899
171.01830663615561
171.76940639269407
172.51708428246013
173.26136363636363
174.00226757369614
174.7398190045249
175.47404063205417
176.20495495495496
176.93258426966293
177.65695067264573
178.37807606263982
179.09598214285714
179.81069042316258
180.5222222222222
181.23059866962305
181.93584070796462
182.63796909492274
183.33700440528634
184.03296703296704
184.72587719298247
185.41575492341357
186.10262008733625
186.78649237472766
187.4673913043478
188.14533622559654
188.82034632034632
189.4924406047516
190.16163793103448
190.8279569892473
191.49141630901286
192.15203426124197
192.80982905982907
193.46481876332624
194.11702127659575
194.76645435244163
195.41313559322035
196.0570824524313
196.6983122362869
197.33684210526314
197.97268907563026
198.60587002096437
199.23640167364016
199.8643006263048
200.48958333333334
201.1122661122661
201.73236514522821
202.34989648033127
202.96487603305786
203.57731958762886
204.1872427983539
204.7946611909651
205.39959016393442
206.00204498977504
206.60204081632654
207.19959266802445
207.79471544715446
208.38742393509128
208.97773279352228
209.56565656565655
210.15120967741936
210.7344064386318
211.3152610441767
211.8937875751503
212.47
213.0439121756487
213.61553784860558
214.18489065606363
214.75198412698413
215.31683168316832
215.87944664031622
216.439842209073
216.998031496063
217.5540275049116
218.1078431372549
218.65949119373778
219.208984375
219.75633528265107
220.30155642023345
220.84466019417476
221.38565891472868
221.92456479690523
222.46138996138995
222.9961464354528
223.52884615384616
224.0595009596929
224.588122605364
225.1147227533461
225.63931297709922
226.16190476190476
226.68250950570342
227.2011385199241
227.71780303030303
228.23251417769376
228.74528301886792
229.25612052730696
229.76503759398497
230.2720450281426
230.77715355805245
231.2803738317757
231.78171641791045
232.28119180633146
232.77881040892194
233.27458256029684
233.7685185185185
234.26062846580407
234.7509225092251
235.23941068139962
235.72610294117646
236.21100917431193
236.69413919413918
237.17550274223035
237.65510948905109
238.13296903460838
238.6090909090909
239.08348457350272
239.55615942028984
240.02712477396022
240.49638989169677
240.96396396396398
241.42985611510792
241.89407540394973
242.35663082437276
242.8175313059034
243.27678571428572
243.73440285204993
244.19039145907473
244.64476021314388
245.09751773049646
245.5486725663717
245.9982332155477
246.44620811287479
246.89260563380282
247.33743409490333
247.78070175438597
248.22241681260945
248.6625874125874
249.10122164048866
249.5383275261324
249.97391304347826
250.40798611111111
250.84055459272096
251.27162629757785
251.7012089810017
252.1293103448276
252.55593803786576
252.9810996563574
253.40480274442538
253.82705479452054
254.24786324786325
254.66723549488054
255.08517887563883
255.5017006802721
255.91680814940577
256.3305084745763
256.74280879864637
257.1537162162162
257.56323777403037
257.9713804713805
258.3781512605042
258.78355704697987
259.18760469011727
259.5903010033445
259.991652754591
260.39166666666665
260.7903494176373
261.187707641196
261.5837479270315
261.97847682119203
262.3719008264463
262.76402640264024
263.1548599670511
263.5444078947368
263.9326765188834
264.3196721311475
264.7054009819967
265.08986928104576
265.4730831973899
265.85504885993487
266.2357723577236
266.6152597402597
266.9935170178282
267.3705501618123
267.74636510500807
268.1209677419355
268.4943639291465
268.86655948553056
269.2375601926164
269.60737179487177
269.976
270.34345047923324
270.7097288676236
271.0748407643312
271.4387917329094
271.8015873015873
272.16323296354994
272.5237341772152
272.8830963665087
273.24132492113563
273.59842519685037
273.95440251572325
274.309262166405
274.66300940438873
275.01564945226914
275.3671875
275.71762870514823
276.06697819314644
276.41524105754274
276.7624223602484
277.1085271317829
277.453560371517
277.79752704791343
278.1404320987654
278.48228043143297
278.82307692307694
279.16282642089095
279.5015337423313
279.83920367534455
280.17584097859327
280.51145038167937
280.8460365853659
281.17960426179604
281.5121580547112
281.84370257966617
282.17424242424244
282.5037821482602
282.8323262839879
283.15987933634995
283.4864457831325
