12.0
19.0
13.0
55.0
28.0
10.0
20.0
15.0
17.0
22.0
30.0
31.0
29.0
65.0
16.0
31.0
35.0
20.0
13.0
35.0
12.0
100.0
17.0
13.0
31.0
13.0
23.0
18.0
16.0
28.0
17.0
32.0
16.0
19.0
19.0
10.0
19.0
16.0
13.0
29.0
24.0
24.0
13.0
23.0
11.0
16.0
15.0
17.0
12.0
28.0
13.0
10.0
19.0
13.0
16.0
29.0
15.0
67.0
26.0
11.0
33.0
13.0
20.0
45.0
9.0
15.0
16.0
29.0
17.0
46.0
15.0
16.0
45.0
28.0
12.0
49.0
19.0
17.0
17.0
28.0
57.0
21.0
15.0
13.0
15.0
22.0
41.0
13.0
19.0
42.0
36.0
12.0
9.0
19.0
18.0
80.0
38.0
15.0
16.0
31.0
32.0
21.0
17.0
34.0
15.0
20.0
54.0
14.0
28.0
22.0
26.0
16.0
27.0
15.0
62.0
14.0
19.0
19.0
29.0
48.0
22.0
44.0
10.0
20.0
13.0
49.0
28.0
17.0
41.0
48.0
16.0
19.0
32.0
19.0
30.0
14.0
63.0
20.0
28.0
15.0
99.0
23.0
33.0
14.0
38.0
12.0
73.0
21.0
44.0
10.0
37.0
12.0
84.0
25.0
24.0
30.0
13.0
16.0
33.0
45.0
17.0
64.0
72.0
18.0
21.0
31.0
14.0
22.0
11.0
49.0
17.0
22.0
41.0
45.0
54.0
35.0
35.0
13.0
14.0
26.0
30.0
40.0
11.0
69.0
11.0
24.0
29.0
102.0
12.0
61.0
32.0
35.0
34.0
32.0
11.0
15.0
11.0
13.0
22.0
44.0
21.0
59.0
66.0
31.0
78.0
96.0
32.0
55.0
51.0
11.0
20.0
22.0
28.0
13.0
15.0
39.0
108.0
84.0
109.0
127.0
41.0
24.0
55.0
14.0
65.0
55.0
31.0
39.0
53.0
60.0
10.0
97.0
19.0
48.0
38.0
52.0
19.0
59.0
35.0
17.0
58.0
15.0
43.0
27.0
84.0
24.0
32.0
100.0
45.0
138.0
59.0
73.0
45.0
17.0
50.0
90.0
128.0
97.0
40.0
155.0
94.0
36.0
59.0
108.0
162.0
31.0
39.0
114.0
189.0
92.0
70.0
115.0
29.0
65.0
144.0
63.0
70.0
58.0
61.0
107.0
195.0
110.0
263.0
145.0
118.0
31.0
78.0
236.0
160.0
11.0
248.0
279.0
150.0
228.0
215.0
258.0
147.0
261.0
146.0
71.0
241.0
96.0
100.0
64.0
181.0
193.0
500.0
36.0
257.0
142.0
195.0
84.0
345.0
196.0
489.0
188.0
421.0
332.0
372.0
230.0
500.0
15.0
500.0
500.0
21.0
500.0
33.0
270.0
497.0
195.0
500.0
16.0
500.0
303.0
407.0
500.0
167.0
322.0
365.0
500.0
81.0
500.0
26.0
500.0
250.0
346.0
500.0
179.0
500.0
217.0
500.0
113.0
500.0
20.0
436.0
500.0
500.0
28.0
444.0
500.0
500.0
500.0
500.0
500.0
500.0
500.0
500.0
490.0
500.0
500.0
500.0
500.0
500.0
500.0
500.0
500.0
500.0
500.0
500.0
500.0
500.0
500.0
500.0
500.0
500.0
500.0
500.0
500.0
500.0
500.0
500.0
500.0
487.0
500.0
500.0
28.0
500.0
500.0
500.0
500.0
500.0
500.0
500.0
500.0
500.0
500.0
500.0
500.0
500.0
500.0
500.0
500.0
500.0
500.0
500.0
500.0
500.0
500.0
500.0
500.0
500.0
500.0
500.0
500.0
500.0
500.0
500.0
500.0
500.0
500.0
500.0
500.0
500.0
500.0
500.0
500.0
500.0
500.0
500.0
500.0
500.0
500.0
500.0
500.0
500.0
500.0
500.0
500.0
500.0
500.0
500.0
500.0
500.0
500.0
500.0
500.0
500.0
500.0
500.0
500.0
500.0
500.0
500.0
500.0
500.0
500.0
500.0
500.0
500.0
500.0
500.0
500.0
500.0
500.0
500.0
500.0
500.0
500.0
500.0
500.0
500.0
500.0
500.0
500.0
500.0
500.0
500.0
500.0
500.0
500.0
500.0
500.0
500.0
500.0
500.0
500.0
500.0
500.0
500.0
500.0
500.0
500.0
500.0
500.0
500.0
500.0
500.0
500.0
500.0
500.0
500.0
500.0
500.0
500.0
500.0
500.0
500.0
500.0
500.0
500.0
500.0
500.0
500.0
500.0
500.0
500.0
500.0
500.0
500.0
500.0
500.0
500.0
500.0
500.0
500.0
500.0
500.0
500.0
500.0
500.0
500.0
500.0
500.0
500.0
500.0
500.0
500.0
500.0
500.0
500.0
500.0
500.0
500.0
261.0
439.0
500.0
107.0
500.0
500.0
500.0
132.0
500.0
500.0
500.0
500.0
500.0
500.0
500.0
500.0
500.0
500.0
500.0
500.0
500.0
500.0
500.0
500.0
500.0
500.0
500.0
500.0
500.0
500.0
500.0
500.0
500.0
500.0
500.0
500.0
500.0
500.0
500.0
500.0
500.0
500.0
500.0
500.0
500.0
500.0
500.0
500.0
500.0
500.0
500.0
500.0
500.0
500.0
500.0
500.0
500.0
500.0
500.0
500.0
500.0
500.0
500.0
500.0
500.0
500.0
500.0
500.0
500.0
500.0
500.0
500.0
500.0
500.0
500.0
500.0
500.0
500.0
500.0
500.0
500.0
500.0
500.0
500.0
500.0
500.0
500.0
500.0
500.0
500.0
500.0
500.0
500.0
500.0
500.0
500.0
500.0
500.0
500.0
500.0
500.0
500.0
500.0
500.0
500.0
500.0
500.0
500.0
500.0
500.0
500.0
500.0
500.0
500.0
500.0
500.0
500.0
500.0
500.0
500.0
500.0
500.0
500.0
