14.0
38.0
19.0
42.0
16.0
20.0
23.0
17.0
17.0
11.0
18.0
18.0
25.0
18.0
16.0
33.0
16.0
14.0
48.0
14.0
19.0
44.0
22.0
9.0
45.0
42.0
56.0
15.0
62.0
15.0
36.0
14.0
42.0
23.0
15.0
23.0
22.0
12.0
10.0
31.0
15.0
46.0
19.0
23.0
28.0
42.0
14.0
37.0
13.0
18.0
21.0
13.0
18.0
23.0
16.0
20.0
23.0
26.0
21.0
47.0
22.0
16.0
11.0
11.0
22.0
23.0
19.0
14.0
15.0
33.0
38.0
13.0
13.0
29.0
20.0
31.0
16.0
24.0
28.0
43.0
16.0
13.0
38.0
17.0
25.0
18.0
33.0
18.0
30.0
26.0
24.0
17.0
67.0
15.0
21.0
44.0
26.0
31.0
29.0
53.0
30.0
82.0
58.0
30.0
37.0
47.0
44.0
18.0
30.0
13.0
15.0
45.0
23.0
35.0
35.0
52.0
11.0
21.0
27.0
38.0
15.0
13.0
80.0
21.0
16.0
21.0
17.0
18.0
19.0
66.0
15.0
29.0
32.0
29.0
26.0
12.0
34.0
21.0
27.0
37.0
12.0
39.0
17.0
30.0
35.0
17.0
27.0
31.0
35.0
37.0
17.0
32.0
16.0
14.0
14.0
91.0
36.0
51.0
16.0
37.0
26.0
20.0
30.0
47.0
25.0
44.0
42.0
23.0
22.0
18.0
40.0
45.0
39.0
38.0
20.0
79.0
20.0
15.0
56.0
30.0
108.0
41.0
32.0
24.0
13.0
19.0
141.0
34.0
84.0
11.0
92.0
29.0
31.0
22.0
34.0
15.0
58.0
31.0
36.0
90.0
66.0
58.0
34.0
119.0
25.0
45.0
96.0
26.0
24.0
19.0
41.0
23.0
65.0
20.0
146.0
23.0
113.0
36.0
174.0
43.0
22.0
71.0
38.0
78.0
34.0
85.0
57.0
50.0
103.0
36.0
52.0
16.0
19.0
52.0
56.0
40.0
41.0
99.0
81.0
126.0
148.0
207.0
45.0
75.0
179.0
129.0
38.0
186.0
131.0
106.0
146.0
53.0
122.0
108.0
68.0
63.0
21.0
126.0
151.0
27.0
126.0
103.0
154.0
187.0
167.0
37.0
71.0
120.0
177.0
176.0
146.0
90.0
142.0
26.0
95.0
158.0
214.0
29.0
158.0
151.0
31.0
194.0
53.0
134.0
190.0
50.0
105.0
234.0
177.0
229.0
308.0
331.0
246.0
290.0
216.0
170.0
236.0
225.0
125.0
117.0
174.0
249.0
357.0
102.0
313.0
389.0
194.0
256.0
178.0
500.0
104.0
500.0
452.0
500.0
52.0
500.0
438.0
500.0
263.0
500.0
500.0
252.0
500.0
500.0
147.0
500.0
382.0
500.0
500.0
500.0
500.0
500.0
500.0
500.0
500.0
500.0
500.0
500.0
500.0
500.0
500.0
500.0
500.0
500.0
500.0
500.0
500.0
500.0
500.0
500.0
500.0
500.0
500.0
500.0
500.0
500.0
500.0
500.0
500.0
500.0
500.0
500.0
500.0
500.0
500.0
500.0
500.0
500.0
500.0
500.0
500.0
500.0
500.0
500.0
500.0
500.0
500.0
500.0
500.0
500.0
500.0
500.0
500.0
500.0
500.0
500.0
500.0
500.0
500.0
500.0
500.0
500.0
500.0
500.0
500.0
500.0
500.0
500.0
500.0
500.0
500.0
500.0
500.0
500.0
500.0
500.0
500.0
500.0
500.0
500.0
500.0
500.0
500.0
500.0
500.0
500.0
500.0
500.0
500.0
500.0
500.0
500.0
500.0
500.0
500.0
500.0
500.0
500.0
500.0
500.0
500.0
500.0
500.0
500.0
500.0
500.0
500.0
500.0
500.0
500.0
500.0
500.0
500.0
500.0
500.0
500.0
500.0
500.0
500.0
500.0
500.0
500.0
500.0
500.0
500.0
500.0
500.0
500.0
500.0
500.0
500.0
500.0
500.0
500.0
500.0
500.0
500.0
500.0
500.0
500.0
500.0
500.0
500.0
500.0
500.0
500.0
500.0
500.0
500.0
500.0
500.0
500.0
500.0
500.0
500.0
500.0
500.0
500.0
500.0
500.0
500.0
500.0
500.0
500.0
500.0
500.0
500.0
500.0
500.0
500.0
500.0
500.0
500.0
500.0
500.0
500.0
500.0
500.0
500.0
500.0
500.0
500.0
500.0
500.0
500.0
500.0
500.0
500.0
500.0
500.0
500.0
500.0
500.0
500.0
500.0
500.0
500.0
500.0
500.0
500.0
500.0
500.0
500.0
500.0
500.0
500.0
500.0
500.0
500.0
500.0
500.0
500.0
500.0
500.0
500.0
500.0
500.0
500.0
500.0
500.0
500.0
500.0
500.0
500.0
500.0
500.0
500.0
500.0
500.0
500.0
500.0
500.0
500.0
500.0
500.0
500.0
500.0
500.0
500.0
500.0
500.0
500.0
500.0
500.0
500.0
500.0
500.0
500.0
500.0
500.0
500.0
500.0
500.0
500.0
500.0
500.0
500.0
500.0
500.0
500.0
500.0
500.0
500.0
500.0
500.0
500.0
500.0
500.0
500.0
500.0
500.0
500.0
500.0
500.0
500.0
500.0
500.0
500.0
500.0
500.0
500.0
500.0
500.0
500.0
500.0
500.0
500.0
500.0
500.0
500.0
500.0
500.0
500.0
500.0
500.0
500.0
500.0
500.0
500.0
500.0
500.0
500.0
500.0
500.0
500.0
500.0
500.0
500.0
500.0
500.0
500.0
500.0
500.0
500.0
500.0
500.0
500.0
500.0
500.0
500.0
500.0
