28.0
58.0
28.0
19.0
16.0
23.0
18.0
33.0
34.0
10.0
25.0
25.0
9.0
17.0
25.0
21.0
24.0
17.0
18.0
23.0
21.0
18.0
47.0
24.0
21.0
17.0
40.0
24.0
33.0
18.0
18.0
53.0
14.0
11.0
12.0
36.0
33.0
14.0
11.0
10.0
13.0
18.0
26.0
11.0
22.0
20.0
22.0
19.0
24.0
31.0
18.0
20.0
43.0
46.0
41.0
15.0
29.0
41.0
13.0
21.0
17.0
46.0
11.0
19.0
14.0
16.0
11.0
17.0
21.0
13.0
19.0
34.0
35.0
14.0
13.0
24.0
22.0
11.0
11.0
24.0
19.0
52.0
16.0
32.0
13.0
43.0
50.0
19.0
57.0
37.0
23.0
42.0
9.0
26.0
35.0
18.0
18.0
11.0
48.0
27.0
24.0
13.0
19.0
23.0
41.0
22.0
93.0
15.0
26.0
39.0
38.0
22.0
36.0
51.0
15.0
27.0
36.0
28.0
22.0
19.0
25.0
23.0
50.0
28.0
23.0
41.0
21.0
16.0
29.0
21.0
16.0
27.0
18.0
18.0
18.0
41.0
57.0
20.0
16.0
23.0
28.0
20.0
14.0
40.0
26.0
18.0
44.0
14.0
17.0
34.0
54.0
85.0
21.0
28.0
11.0
29.0
44.0
38.0
86.0
18.0
42.0
15.0
27.0
12.0
44.0
97.0
24.0
37.0
12.0
11.0
51.0
41.0
45.0
31.0
69.0
43.0
30.0
37.0
109.0
56.0
19.0
30.0
66.0
57.0
103.0
18.0
51.0
21.0
9.0
25.0
36.0
24.0
31.0
11.0
19.0
17.0
19.0
40.0
29.0
40.0
49.0
25.0
23.0
117.0
38.0
14.0
44.0
147.0
25.0
77.0
23.0
98.0
22.0
96.0
22.0
101.0
26.0
54.0
67.0
31.0
33.0
23.0
47.0
73.0
125.0
105.0
17.0
75.0
61.0
28.0
38.0
17.0
23.0
52.0
110.0
57.0
111.0
44.0
45.0
24.0
51.0
33.0
28.0
160.0
111.0
98.0
130.0
130.0
112.0
47.0
27.0
209.0
18.0
54.0
29.0
18.0
132.0
69.0
20.0
89.0
74.0
72.0
94.0
27.0
77.0
64.0
107.0
51.0
86.0
231.0
88.0
145.0
118.0
147.0
179.0
180.0
143.0
245.0
49.0
93.0
74.0
146.0
133.0
135.0
196.0
157.0
158.0
138.0
224.0
183.0
184.0
166.0
164.0
181.0
158.0
92.0
264.0
204.0
215.0
293.0
298.0
172.0
235.0
188.0
235.0
254.0
233.0
213.0
171.0
393.0
500.0
43.0
244.0
158.0
246.0
239.0
343.0
500.0
220.0
372.0
500.0
488.0
500.0
96.0
500.0
286.0
382.0
255.0
294.0
500.0
69.0
246.0
500.0
272.0
500.0
234.0
500.0
500.0
387.0
500.0
500.0
500.0
500.0
214.0
500.0
500.0
500.0
500.0
500.0
462.0
500.0
500.0
500.0
238.0
500.0
500.0
500.0
500.0
500.0
500.0
500.0
500.0
500.0
500.0
500.0
500.0
500.0
500.0
500.0
500.0
500.0
500.0
500.0
500.0
500.0
500.0
500.0
500.0
500.0
500.0
500.0
500.0
500.0
500.0
500.0
500.0
500.0
500.0
500.0
500.0
500.0
500.0
500.0
500.0
500.0
500.0
500.0
500.0
500.0
500.0
500.0
500.0
500.0
500.0
500.0
500.0
500.0
500.0
500.0
500.0
500.0
500.0
500.0
500.0
500.0
500.0
500.0
500.0
500.0
500.0
500.0
500.0
500.0
500.0
500.0
500.0
500.0
500.0
500.0
500.0
500.0
500.0
500.0
500.0
500.0
500.0
500.0
500.0
500.0
500.0
500.0
500.0
500.0
500.0
500.0
500.0
500.0
500.0
500.0
500.0
500.0
500.0
500.0
500.0
500.0
500.0
500.0
500.0
500.0
500.0
500.0
500.0
500.0
500.0
500.0
500.0
500.0
500.0
500.0
500.0
500.0
500.0
500.0
500.0
500.0
500.0
500.0
500.0
500.0
500.0
500.0
500.0
500.0
500.0
500.0
500.0
500.0
500.0
500.0
500.0
500.0
500.0
500.0
500.0
500.0
500.0
500.0
500.0
500.0
500.0
500.0
500.0
500.0
500.0
500.0
500.0
500.0
500.0
500.0
500.0
500.0
500.0
500.0
500.0
500.0
500.0
500.0
500.0
500.0
500.0
500.0
500.0
500.0
500.0
500.0
500.0
500.0
500.0
500.0
500.0
500.0
500.0
500.0
500.0
500.0
500.0
500.0
500.0
500.0
500.0
500.0
500.0
500.0
500.0
500.0
500.0
500.0
500.0
500.0
500.0
500.0
500.0
500.0
500.0
500.0
500.0
500.0
500.0
500.0
500.0
500.0
500.0
500.0
500.0
500.0
500.0
500.0
500.0
500.0
500.0
500.0
500.0
500.0
500.0
500.0
500.0
500.0
500.0
500.0
500.0
500.0
500.0
500.0
500.0
500.0
500.0
500.0
500.0
500.0
500.0
500.0
500.0
500.0
500.0
500.0
500.0
500.0
500.0
500.0
500.0
500.0
500.0
500.0
500.0
500.0
500.0
500.0
500.0
500.0
500.0
500.0
500.0
500.0
500.0
500.0
500.0
500.0
500.0
500.0
500.0
500.0
500.0
500.0
500.0
500.0
500.0
500.0
500.0
500.0
500.0
500.0
500.0
500.0
500.0
500.0
500.0
500.0
500.0
500.0
500.0
500.0
500.0
500.0
500.0
500.0
500.0
500.0
500.0
500.0
500.0
500.0
500.0
500.0
500.0
500.0
500.0
500.0
500.0
500.0
500.0
500.0
