1717157454.1919982
1717157454.2128048
1717157454.2231958
1717157454.2461336
1717157454.254959
1717157454.265909
1717157454.278457
1717157454.287818
1717157454.2971525
1717157454.3031945
1717157454.3130388
1717157454.322996
1717157454.3367286
1717157454.3465931
1717157454.355364
1717157454.3734272
1717157454.3821568
1717157454.3899066
1717157454.4174976
1717157454.4287388
1717157454.4395518
1717157454.4637935
1717157454.475872
1717157454.480837
1717157454.5055416
1717157454.5285275
1717157454.5593626
1717157454.5675597
1717157454.6016076
1717157454.6098838
1717157454.6295986
1717157454.6372929
1717157454.6603727
1717157454.6732664
1717157454.6826603
1717157454.696784
1717157454.7102516
1717157454.7176538
1717157454.7237952
1717157454.7428234
1717157454.7519758
1717157454.7803254
1717157454.7920132
1717157454.8063152
1717157454.823536
1717157454.8496006
1717157454.8582487
1717157454.8814106
1717157454.8894691
1717157454.9005756
1717157454.9129338
1717157454.9201238
1717157454.9300206
1717157454.94289
1717157454.9542031
1717157454.9680076
1717157454.9806795
1717157454.995033
1717157455.0066454
1717157455.0325034
1717157455.0446732
1717157455.0534718
1717157455.0595334
1717157455.0656104
1717157455.0777342
1717157455.090437
1717157455.1008763
1717157455.1086137
1717157455.116852
1717157455.1350846
1717157455.156044
1717157455.1632516
1717157455.1703985
1717157455.1863136
1717157455.1973133
1717157455.2144277
1717157455.223258
1717157455.236482
1717157455.251898
1717157455.2755742
1717157455.2843692
1717157455.2915208
1717157455.3124464
1717157455.3218253
1717157455.3355784
1717157455.3454993
1717157456.555203
1717157456.565061
1717157456.5815115
1717157456.5958512
1717157456.6089933
1717157456.618323
1717157456.6549737
1717157456.663185
1717157456.6747568
1717157456.6988962
1717157456.71306
1717157456.7300653
1717157456.7459965
1717157456.7750454
1717157456.7914627
1717157456.8363273
1717157456.8682485
1717157456.8846939
1717157456.9049878
1717157456.9308808
1717157456.9550962
1717157456.9649727
1717157456.9814374
1717157456.9885902
1717157456.9968715
1717157457.0216706
1717157457.036941
1717157457.0583076
1717157457.0776515
1717157457.1063292
1717157457.1124074
1717157457.1240242
1717157457.1388307
1717157457.1597028
1717157457.1679416
1717157457.1751542
1717157457.2191858
1717157457.2307806
1717157457.23961
1717157457.2511582
1717157457.2605696
1717157457.2704508
1717157457.2809558
1717157457.3172307
1717157457.325515
1717157457.341511
1717157457.3590815
1717157457.3751457
1717157457.3894799
1717157457.3961
1717157457.414788
1717157457.4263012
1717157457.4411643
1717157457.461529
1717157457.4681823
1717157457.4896255
1717157457.4990096
1717157457.5155134
1717157457.534753
1717157457.5441318
1717157457.5620627
1717157457.5807521
1717157457.6000466
1717157457.6205165
1717157457.6298807
1717157457.6475265
1717157457.656367
1717157457.6641116
1717157457.6718457
1717157458.8661327
1717157458.8858037
1717157458.9138188
1717157458.922577
1717157458.9428082
1717157458.9570487
1717157458.9679935
1717157458.984412
1717157459.011037
1717157459.0248296
1717157459.0488935
1717157459.0718846
1717157459.0845075
1717157459.0965989
1717157459.1065242
1717157459.1292863
1717157459.1592574
1717157459.1806989
1717157459.2030203
1717157459.2154088
1717157459.2626119
1717157459.2736177
1717157459.2818632
1717157459.3126597
1717157459.329133
1717157459.3884773
1717157459.4109895
1717157459.4285226
1717157459.4417477
1717157459.448943
1717157459.4593892
1717157459.5368946
1717157459.5555232
1717157459.6015651
1717157459.6076028
1717157459.6591454
1717157459.6751199
1717157459.6922245
1717157459.704291
1717157459.7229142
1717157459.7311926
1717157459.7630126
1717157459.780056
1717157459.7998421
1717157459.8492994
1717157459.8854403
1717157459.9173274
1717157459.935988
1717157461.1395938
1717157461.153396
1717157461.180936
1717157461.2393475
1717157461.2554214
1717157461.2696264
1717157461.2800298
1717157461.3026457
1717157461.3152573
1717157461.3510044
1717157461.3620002
1717157461.4420528
1717157461.4546487
1717157461.516623
1717157461.5364354
1717157461.6316764
1717157461.6551971
1717157461.6672773
1717157461.7061646
1717157461.72697
1717157461.7711754
1717157461.7898824
1717157461.8364918
1717157461.8678038
1717157461.8953767
1717157461.9519563
1717157461.971706
1717157462.0002592
1717157462.009124
1717157462.019596
1717157462.0481405
1717157462.0788171
1717157462.1008036
1717157462.123365
1717157462.17767
1717157462.2221029
1717157463.458253
1717157463.540827
1717157463.656072
1717157463.6812115
1717157463.7228217
1717157463.8238776
1717157463.8960173
1717157463.917314
1717157464.020712
1717157464.0918064
1717157464.1501043
1717157464.2314258
1717157464.2611425
1717157464.32871
1717157464.389597
1717157464.4274955
1717157464.4627535
1717157464.474516
1717157465.6824331
1717157465.7671845
1717157465.7823608
1717157465.853163
1717157465.9120388
1717157466.0044477
1717157466.1094606
1717157466.203203
1717157466.2240717
1717157466.2640715
1717157466.3315468
1717157466.4320555
1717157466.5310278
1717157466.6127954
1717157466.663536
1717157466.7433403
1717157466.757908
1717157466.8110383
1717157468.0911827
1717157468.2123044
1717157468.2288115
1717157468.3180795
1717157468.4038239
1717157468.421484
1717157468.5328157
1717157468.5627701
1717157468.6387558
1717157468.7465456
1717157468.7749653
1717157468.8346176
1717157468.9674356
1717157469.0689821
1717157470.372332
1717157470.5473664
1717157470.7421591
1717157470.8907278
1717157471.058982
1717157471.1790662
1717157471.272095
1717157471.4015472
1717157471.5248451
1717157472.7428129
1717157472.8075936
1717157472.904286
1717157473.0436351
1717157473.2438116
1717157473.3010728
1717157473.474938
1717157473.6922367
1717157473.8006327
1717157475.077487
1717157475.1795752
1717157475.4687788
1717157475.5286398
1717157475.814607
1717157476.078805
1717157477.4986951
1717157477.5324996
1717157477.8351636
1717157478.1014497
1717157478.383396
1717157479.6870499
1717157479.9716127
1717157480.2574482
1717157480.4005718
1717157480.6870356
1717157482.1205015
1717157482.205974
1717157482.496025
1717157482.718517
1717157483.0090435
1717157484.441389
1717157484.7364042
1717157485.0288665
1717157485.3366916
1717157486.755049
1717157487.0474246
1717157487.3390996
1717157487.6283884
1717157489.0653243
1717157489.35541
1717157489.6468098
1717157489.9379866
1717157491.37794
1717157491.6699188
1717157491.9611623
1717157492.2581456
1717157493.7109265
1717157494.0203717
1717157494.335372
1717157494.644659
1717157496.1118343
1717157496.4208937
1717157496.7303846
1717157497.0393445
1717157498.5265012
1717157498.8359857
1717157499.144963
1717157499.4603713
1717157499.7814295
1717157501.262548
1717157501.572344
1717157501.8760638
1717157502.1857457
1717157503.6459453
1717157503.9494653
1717157504.2578914
1717157504.5603087
1717157505.9471657
1717157506.2570088
1717157506.5601776
1717157506.8697407
1717157508.316349
1717157508.6278894
1717157508.9421933
1717157509.2537274
1717157510.721008
1717157511.0265942
1717157511.33069
1717157511.6358242
1717157513.096464
1717157513.3909652
1717157513.694259
1717157513.9900784
1717157515.4395168
1717157515.765812
1717157516.1097064
1717157516.4191718
1717157517.8685179
1717157518.1653233
1717157518.458225
1717157518.751859
1717157520.1584737
1717157520.454704
1717157520.7492719
1717157521.0453725
1717157522.4854121
1717157522.7791505
1717157523.0750644
1717157523.3690863
1717157523.6874819
1717157525.126519
1717157525.426353
1717157525.7267118
1717157526.0354834
1717157527.4682302
1717157527.764132
1717157528.058697
1717157528.3542812
1717157529.8397613
1717157530.1446424
1717157530.4448867
1717157530.7394078
1717157532.1751823
1717157532.4712458
1717157532.7663906
1717157533.0629807
1717157534.5257306
1717157534.830692
1717157535.1411753
1717157535.4466612
1717157536.8915539
1717157537.1976056
1717157537.5032425
1717157537.8074496
1717157539.2620335
1717157539.5667038
1717157539.8763256
1717157540.188297
1717157541.608252
1717157541.9158123
1717157542.2138002
1717157542.5104191
1717157543.9334242
1717157544.2295742
1717157544.5314035
1717157544.8327029
1717157546.2747474
1717157546.571027
1717157546.8670487
1717157547.1641843
1717157547.461716
1717157548.910421
1717157549.2120543
1717157549.5087962
1717157549.8093379
1717157551.2237635
1717157551.5203748
1717157551.8172336
1717157552.114066
1717157553.4803326
1717157553.7777174
1717157554.0855443
1717157554.3887765
1717157555.8191514
1717157556.115324
1717157556.4162023
1717157556.7125933
1717157558.1437473
1717157558.452728
1717157558.7466822
1717157559.0417876
1717157560.4647927
1717157560.7745438
1717157561.0704627
1717157561.3648238
1717157562.7979488
1717157563.115986
1717157563.4100585
1717157563.743254
1717157565.1592526
1717157565.4545949
1717157565.750346
1717157566.0451221
1717157567.4907384
1717157567.7857163
1717157568.0860195
1717157568.3883088
1717157569.7571461
1717157570.0526035
1717157570.3474348
1717157570.6439168
1717157572.1419148
1717157572.435911
1717157572.7370932
1717157573.03274
1717157573.3269567
1717157574.7735217
1717157575.0743027
1717157575.3812208
1717157575.6767263
1717157577.095934
1717157577.390566
1717157577.6846426
1717157577.980976
1717157579.432451
1717157579.7268274
1717157580.0227098
1717157580.3201284
1717157581.6905274
1717157582.0004938
1717157582.2991776
1717157582.5958579
1717157584.0603554
1717157584.3634667
1717157584.6582608
1717157584.9524043
1717157586.408256
1717157586.7084134
1717157587.0191185
1717157587.3203483
1717157588.6859415
1717157588.99127
1717157589.2974515
1717157589.5918639
1717157590.9870164
1717157591.2832613
1717157591.5796995
1717157591.8806617
1717157593.297034
1717157593.602326
1717157593.8965225
1717157594.192046
1717157595.6306279
1717157595.923879
1717157596.2284985
1717157596.523147
1717157596.8191695
1717157598.237928
1717157598.5321343
1717157598.8329098
1717157599.1273289
1717157600.5612671
1717157600.866311
1717157601.1606934
1717157601.4781733
1717157602.8969996
1717157603.1897626
1717157603.4894764
1717157603.783588
1717157605.2312417
1717157605.525945
1717157605.820219
1717157606.1154943
1717157607.5923278
1717157607.8873968
1717157608.1838899
1717157608.4786339
1717157609.9548857
1717157610.2514887
1717157610.5460474
1717157610.8420944
1717157612.313409
1717157612.6075733
1717157612.9035742
1717157613.1984181
1717157614.6659865
1717157614.975697
1717157615.285659
1717157615.590639
1717157617.082988
1717157617.380015
1717157617.6875448
1717157617.9826794
1717157619.4502609
1717157619.7458658
1717157620.040814
1717157620.3408437
1717157621.8362255
1717157622.1303394
1717157622.436217
1717157622.7323632
1717157623.031933
1717157624.4949708
1717157624.789672
1717157625.0905483
1717157625.3898509
1717157626.8417206
1717157627.143555
1717157627.4390252
1717157627.7435122
1717157629.2080035
1717157629.5029278
1717157629.8038294
1717157630.1044695
1717157631.570035
1717157631.871834
1717157632.1696844
1717157632.4674268
1717157633.9733424
1717157634.2802413
1717157634.5751407
1717157634.8709133
1717157636.3227565
1717157636.617691
1717157636.912458
1717157637.206369
1717157638.6158051
1717157638.915196
1717157639.2263477
1717157639.5223465
1717157640.8684614
1717157641.1649635
1717157641.459681
1717157641.7557585
1717157643.2180367
1717157643.5162878
1717157643.8177724
1717157644.1059532
1717157645.5029671
1717157645.8053808
1717157646.1001613
1717157646.3966727
1717157646.6911502
1717157648.0605693
1717157648.3679252
1717157648.662871
1717157648.986891
1717157650.3908234
1717157650.7082157
1717157651.007034
1717157651.3017886
1717157652.7779617
1717157653.0748515
1717157653.3659136
1717157653.658167
1717157655.0131164
1717157655.3059435
1717157655.5973773
1717157655.8948793
1717157657.2671285
1717157657.5587263
1717157657.8557131
1717157658.1599221
1717157659.5230153
1717157659.8175933
1717157660.1303914
1717157660.433295
1717157661.9090478
1717157662.2086117
1717157662.5115738
1717157662.8056018
1717157664.276775
1717157664.5711167
1717157664.864587
1717157665.1591356
1717157666.6151366
1717157666.9079616
1717157667.207247
1717157667.5000484
1717157668.891788
1717157669.1837018
1717157669.481037
1717157669.7787926
