768
1984
2816
6336
8128
8768
10048
11008
12096
13504
15424
17408
19264
23424
24448
26432
28672
29952
30784
33024
33792
40192
41280
42112
44096
44928
46400
47552
48576
50368
51456
53504
54528
55744
56960
57600
58816
59840
60672
62528
64064
65600
66432
67904
68608
69632
70592
71680
72448
74240
75072
75712
76928
77760
78784
80640
81600
85888
87552
88256
90368
91200
92480
95360
95936
96896
97920
99776
100864
103808
104768
105792
108672
110464
111232
114368
115584
116672
117760
119552
123200
124544
125504
126336
127296
128704
131328
132160
133376
136064
138368
139136
139712
140928
142080
147200
149632
150592
151616
153600
155648
156992
158080
160256
161216
162496
165952
166848
168640
170048
171712
172736
174464
175424
179392
180288
181504
182720
184576
187648
189056
191872
192512
193792
194624
197760
199552
200640
203264
206336
207360
208576
210624
211840
213760
214656
218688
219968
221760
222720
229056
230528
232640
233536
235968
236736
241408
242752
245568
246208
248576
249344
254720
256320
257856
259776
260608
261632
263744
266624
267712
271808
276416
277568
278912
280896
281792
283200
283904
287040
288128
289536
292160
295040
298496
300736
302976
303808
304704
306368
308288
310848
311552
315968
316672
318208
320064
326592
327360
331264
333312
335552
337728
339776
340480
341440
342144
342976
344384
347200
348544
352320
356544
358528
363520
369664
371712
375232
378496
379200
380480
381888
383680
384512
385472
387968
394880
400256
407232
415360
417984
419520
423040
423936
428096
431616
433600
436096
439488
443328
443968
450176
451392
454464
456896
460224
461440
465216
467456
468544
472256
473216
475968
477696
483072
484608
486656
493056
495936
504768
508544
513216
516096
517184
520384
526144
534336
540544
543104
553024
559040
561344
565120
572032
582400
584384
586880
594176
606272
612160
616640
624000
625856
630016
639232
643264
647744
651456
655360
662208
674688
681728
698560
707840
715392
717376
722368
737472
747712
748416
764288
782144
791744
806336
820096
836608
846016
862720
872064
876608
892032
898176
904576
908672
920256
932608
964608
966912
983360
992448
1004928
1010304
1032384
1044928
1076224
1088256
1115200
1136448
1160256
1174976
1206976
1207936
1239936
1271936
1273280
1305280
1307392
1324672
1356480
1368960
1400960
1401984
1433984
1453376
1479424
1511424
1522112
1542720
1566080
1598080
1603264
1635264
1636928
1668928
1684928
1707072
1739072
1750528
1782528
1796416
1828416
1835648
1867648
1868928
1896832
1928832
1960832
1962624
1991040
2023040
2055040
2087040
2119040
2151040
2183040
2215040
2247040
2278400
2310400
2342400
2374400
2406400
2438400
2470400
2502400
2534400
2566400
2598400
2630400
2662400
2694400
2726400
2758400
2790400
2822400
2854400
2886400
2918400
2950400
2982400
3014400
3046400
3077568
3109568
3141568
3143360
3175360
3207360
3239360
3271360
3303360
3335360
3367360
3399360
3431360
3463360
3495360
3527360
3559360
3591360
3623360
3655360
3687360
3719360
3751360
3783360
3815360
3847360
3879360
3911360
3943360
3975360
4007360
4039360
4071360
4103360
4135360
4167360
4199360
4231360
4263360
4295360
4327360
4359360
4391360
4423360
4455360
4487360
4519360
4551360
4583360
4615360
4647360
4679360
4711360
4743360
4775360
4807360
4839360
4871360
4903360
4935360
4967360
4999360
5031360
5063360
5095360
5127360
5159360
5191360
5223360
5255360
5287360
5319360
5351360
5383360
5415360
5447360
5479360
5511360
5543360
5575360
5607360
5639360
5671360
5703360
5735360
5767360
5799360
5831360
5863360
5895360
5927360
5959360
5991360
6023360
6055360
6087360
6119360
6151360
6183360
6215360
6247360
6279360
6311360
6343360
6375360
6407360
6439360
6471360
6503360
6535360
6567360
6599360
6631360
6663360
6695360
6727360
6759360
6791360
6823360
6855360
6887360
6919360
6951360
6983360
7015360
7047360
7079360
7111360
7143360
7175360
7207360
7239360
7271360
7303360
7335360
7367360
7399360
7431360
7463360
7495360
7527360
7559360
7591360
7623360
7655360
7687360
7719360
7751360
7783360
7815360
7847360
7879360
7911360
7943360
7975360
8007360
8039360
8071360
8103360
8135360
8167360
8184064
8212160
8244160
8251008
8283008
8315008
8347008
8355456
8387456
8419456
8451456
8483456
8515456
8547456
8579456
8611456
8643456
8675456
8707456
8739456
8771456
8803456
8835456
8867456
8899456
8931456
8963456
8995456
9027456
9059456
9091456
9123456
9155456
9187456
9219456
9251456
9283456
9315456
9347456
9379456
9411456
9443456
9475456
9507456
9539456
9571456
9603456
9635456
9667456
9699456
9731456
9763456
9795456
9827456
9859456
9891456
9923456
9955456
9987456
10019456
10051456
10083456
10115456
10147456
10179456
10211456
10243456
10275456
10307456
10339456
10371456
10403456
10435456
10467456
10499456
10531456
10563456
10595456
10627456
10659456
10691456
10723456
10755456
10787456
10819456
10851456
10883456
10915456
10947456
10979456
11011456
11043456
11075456
11107456
11139456
11171456
11203456
11235456
11267456
11299456
11331456
11363456
11395456
11427456
11459456
11491456
11523456
11555456
11587456
11619456
11651456
11683456
11715456
11747456
11779456
11811456
11843456
11875456
11907456
11939456
11971456
12003456
12035456
