52.0
43.0
37.666666666666664
33.5
33.4
30.166666666666668
29.285714285714285
27.0
27.88888888888889
26.3
24.818181818181817
26.833333333333332
25.923076923076923
25.0
25.0
26.1875
25.294117647058822
24.72222222222222
24.263157894736842
24.2
23.761904761904763
23.318181818181817
23.52173913043478
23.541666666666668
24.08
23.692307692307693
24.333333333333332
23.892857142857142
23.75862068965517
24.833333333333332
24.451612903225808
24.65625
24.454545454545453
24.294117647058822
25.0
24.833333333333332
24.7027027027027
24.473684210526315
24.923076923076923
24.625
24.585365853658537
25.285714285714285
25.093023255813954
25.272727272727273
25.42222222222222
25.369565217391305
25.404255319148938
25.291666666666668
25.46938775510204
25.28
25.11764705882353
24.96153846153846
25.11320754716981
25.11111111111111
24.89090909090909
24.696428571428573
24.596491228070175
24.982758620689655
24.8135593220339
24.633333333333333
24.737704918032787
24.774193548387096
24.73015873015873
24.546875
24.49230769230769
24.439393939393938
24.35820895522388
24.16176470588235
24.6231884057971
24.585714285714285
24.492957746478872
24.569444444444443
24.397260273972602
24.72972972972973
24.973333333333333
25.05263157894737
25.584415584415584
25.474358974358974
25.430379746835442
25.4875
25.555555555555557
25.5
25.457831325301203
25.738095238095237
25.729411764705883
25.558139534883722
25.804597701149426
25.693181818181817
25.629213483146067
25.855555555555554
26.263736263736263
26.130434782608695
26.096774193548388
26.0531914893617
26.0
25.989583333333332
25.835051546391753
26.29591836734694
26.22222222222222
26.12
26.11881188118812
25.980392156862745
25.844660194174757
25.73076923076923
25.752380952380953
25.67924528301887
25.570093457943926
25.833333333333332
25.73394495412844
25.881818181818183
26.396396396396398
26.285714285714285
26.221238938053098
26.412280701754387
26.46086956521739
26.54310344827586
26.5982905982906
26.796610169491526
26.907563025210084
26.916666666666668
26.859504132231404
26.795081967213115
26.723577235772357
26.774193548387096
26.896
26.936507936507937
26.976377952755904
26.8671875
26.790697674418606
26.83076923076923
26.770992366412212
26.65909090909091
26.548872180451127
26.559701492537314
26.54074074074074
26.433823529411764
26.40875912408759
26.44927536231884
26.345323741007196
26.34285714285714
26.22695035460993
26.14788732394366
26.055944055944057
25.979166666666668
26.00689655172414
26.19178082191781
26.231292517006803
26.2027027027027
26.187919463087248
26.106666666666666
26.119205298013245
26.151315789473685
26.058823529411764
26.350649350649352
26.329032258064515
26.621794871794872
26.611464968152866
26.670886075949365
26.647798742138363
27.1
27.142857142857142
27.22222222222222
27.699386503067483
27.74390243902439
28.01818181818182
28.126506024096386
28.25748502994012
28.36904761904762
28.5207100591716
28.5
28.432748538011698
28.412790697674417
28.358381502890172
28.46551724137931
28.62857142857143
28.84659090909091
29.050847457627118
29.123595505617978
29.189944134078214
29.16111111111111
29.243093922651934
29.197802197802197
29.18032786885246
29.28804347826087
29.302702702702703
29.22043010752688
29.529411764705884
29.590425531914892
29.53968253968254
29.49473684210526
29.413612565445025
29.354166666666668
29.29015544041451
29.329896907216494
29.28205128205128
29.668367346938776
29.913705583756347
29.86868686868687
29.809045226130653
30.06
30.00497512437811
30.183168316831683
30.635467980295566
30.66176470588235
30.785365853658536
30.902912621359224
30.884057971014492
30.966346153846153
31.210526315789473
31.261904761904763
31.488151658767773
31.58490566037736
31.920187793427232
32.28971962616822
32.288372093023256
32.24074074074074
32.33179723502304
32.38532110091743
33.12785388127854
33.71818181818182
33.81447963800905
33.73873873873874
33.75784753363229
33.674107142857146
33.85777777777778
33.8141592920354
33.88546255506608
33.83771929824562
34.213973799126634
34.27391304347826
34.25108225108225
34.168103448275865
35.00858369098712
35.48290598290598
35.757446808510636
36.148305084745765
36.426160337552744
36.411764705882355
36.86192468619247
37.09166666666667
37.170124481327804
37.30578512396694
37.59670781893004
37.614754098360656
38.05714285714286
37.99186991869919
38.21457489878542
38.681451612903224
38.59036144578313
38.652
38.55776892430279
38.52777777777778
38.83399209486166
39.16535433070866
39.266666666666666
39.2109375
39.39688715953307
40.01162790697674
40.07335907335907
40.40769230769231
40.57088122605364
40.465648854961835
40.844106463878326
40.94318181818182
41.29056603773585
41.6015037593985
42.07116104868914
42.92164179104478
43.12267657992565
43.25925925925926
43.53874538745387
43.94485294117647
44.18681318681319
45.17153284671533
45.661818181818184
46.03623188405797
46.194945848375454
46.97122302158273
47.99641577060932
48.4
48.8576512455516
49.294326241134755
49.81978798586572
49.84507042253521
50.39298245614035
50.90559440559441
51.386759581881535
52.548611111111114
53.26989619377163
53.86551724137931
54.419243986254294
55.26712328767123
55.86689419795222
56.744897959183675
57.277966101694915
58.58783783783784
59.4983164983165
60.13758389261745
61.43478260869565
61.99333333333333
63.02325581395349
64.25165562913908
65.14851485148515
66.57894736842105
67.67540983606557
69.08823529411765
70.49185667752442
71.88636363636364
73.07766990291262
73.99354838709678
75.36334405144694
76.72435897435898
78.07667731629392
78.98089171974522
80.31746031746032
81.64556962025317
82.96529968454259
84.19811320754717
85.50156739811912
86.796875
87.60747663551402
87.81055900621118
89.08668730650155
90.35493827160494
91.61538461538461
91.92638036809817
92.48929663608563
93.73170731707317
94.96656534954407
96.19393939393939
97.41389728096676
98.62650602409639
99.83183183183183
100.49101796407186
101.68358208955223
101.81547619047619
102.90504451038575
103.92011834319527
104.33038348082596
105.49411764705883
106.65102639296188
106.95906432748538
108.10495626822157
109.24418604651163
110.3768115942029
111.07803468208093
112.19884726224784
112.32758620689656
112.87106017191977
113.97714285714285
115.07692307692308
116.04261363636364
117.13031161473087
118.21186440677967
119.28732394366197
120.3567415730337
121.4201680672269
122.43854748603351
122.86350974930362
123.91111111111111
124.85041551246537
125.88674033149171
126.91735537190083
127.9423076923077
128.96164383561643
129.97540983606558
130.98365122615803
131.98641304347825
132.98373983739836
133.9756756756757
134.96226415094338
135.94354838709677
136.91957104557642
137.8903743315508
138.856
139.81648936170214
140.77188328912467
141.72222222222223
142.66754617414247
143.43947368421053
144.3753280839895
145.3062827225131
146.23237597911228
147.15364583333334
148.07012987012988
148.9818652849741
149.88888888888889
150.79123711340208
151.68894601542416
152.58205128205128
153.47058823529412
154.3545918367347
155.23409669211196
156.10913705583755
156.97974683544305
157.84595959595958
158.70780856423173
159.56532663316582
160.41854636591478
161.2675
162.11221945137157
162.95273631840797
163.7890818858561
164.62128712871288
165.44938271604937
166.27339901477833
167.0933660933661
167.9093137254902
168.72127139364304
169.52926829268293
170.33333333333334
171.13349514563106
171.92978208232446
172.72222222222223
173.51084337349397
174.29567307692307
175.0767386091127
175.85406698564594
176.62768496420048
177.39761904761906
178.16389548693587
178.9265402843602
179.6855791962175
180.44103773584905
181.19294117647058
181.94131455399062
182.68618266978922
183.42757009345794
184.16550116550115
184.9
185.631090487239
186.3587962962963
187.08314087759814
187.80414746543778
188.52183908045976
189.2362385321101
189.94736842105263
190.6552511415525
191.35990888382688
192.06136363636364
192.75963718820861
193.4547511312217
194.14672686230247
194.8355855855856
195.52134831460674
196.20403587443946
196.88366890380314
197.56026785714286
198.23385300668153
198.90444444444444
199.5720620842572
200.2367256637168
200.89845474613688
201.55726872246697
202.2131868131868
202.86622807017545
203.5164113785558
204.16375545851528
204.8082788671024
205.45
206.0889370932755
206.72510822510822
207.3585313174946
207.98922413793105
208.61720430107528
209.24248927038627
209.86509635974303
210.48504273504273
211.10234541577825
211.71702127659574
212.32908704883226
212.9385593220339
213.54545454545453
214.14978902953587
214.75157894736842
215.35084033613447
215.9475890985325
216.5418410041841
217.13361169102296
217.72291666666666
218.30977130977132
218.8941908713693
219.47619047619048
220.05578512396696
220.63298969072164
221.20781893004116
221.78028747433265
222.35040983606558
222.91820040899796
223.48367346938775
224.0468431771894
224.60772357723576
225.16632860040568
225.72267206477733
226.2767676767677
226.82862903225808
227.37826961770622
227.92570281124497
228.47094188376752
229.014
229.5548902195609
230.09362549800798
230.63021868787277
231.16468253968253
231.6970297029703
232.22727272727272
232.75542406311638
233.28149606299212
233.80550098231828
234.32745098039214
234.84735812133073
235.365234375
235.88109161793372
236.39494163424123
236.90679611650486
237.41666666666666
237.92456479690523
238.43050193050192
238.9344894026975
239.43653846153848
239.936660268714
240.43486590038313
240.93116634799236
241.42557251908397
241.91809523809525
242.4087452471483
242.89753320683113
243.3844696969697
243.8695652173913
244.35283018867923
244.83427495291903
245.3139097744361
245.79174484052533
246.2677902621723
246.74205607476637
247.21455223880596
247.6852886405959
248.1542750929368
248.62152133580705
249.08703703703705
249.55083179297597
250.01291512915128
250.4732965009208
250.93198529411765
251.38899082568807
251.84432234432234
252.2979890310786
252.75
253.20036429872496
253.64909090909092
254.0961887477314
254.54166666666666
254.98553345388788
255.42779783393502
255.86846846846848
256.3075539568345
256.74506283662475
257.1810035842294
257.61538461538464
258.04821428571427
258.4795008912656
258.9092526690391
259.3374777975133
259.76418439716315
260.18938053097344
260.613074204947
261.0352733686067
261.45598591549293
261.87521968365553
262.29298245614035
262.7092819614711
263.12412587412587
263.53752181500874
263.94947735191636
264.36
264.76909722222223
265.17677642980937
265.58304498269894
265.98791018998276
266.3913793103448
266.7934595524957
267.19415807560136
267.5934819897084
267.9914383561644
268.38803418803417
268.78327645051195
269.1771720613288
269.56972789115645
269.9609507640068
270.35084745762714
270.7394247038917
271.12668918918916
271.51264755480605
271.8973063973064
272.28067226890755
272.6627516778523
273.04355108877724
273.4230769230769
273.80133555926545
274.17833333333334
274.5540765391015
274.92857142857144
275.301824212272
275.67384105960264
276.04462809917356
276.4141914191419
276.7825370675453
277.14967105263156
277.51559934318556
277.8803278688525
278.24386252045826
278.6062091503268
278.96737357259383
279.3273615635179
279.6861788617886
280.04383116883116
280.4003241491086
280.7556634304207
281.10985460420034
281.46290322580643
281.81481481481484
282.16559485530547
282.51524879614766
282.86378205128204
283.2112
283.55750798722045
283.902711323764
284.2468152866242
284.5898251192369
284.93174603174606
285.2725832012678
285.6123417721519
285.9510268562401
286.28864353312304
286.6251968503937
286.96069182389937
287.29513343799056
287.62852664576803
287.9608763693271
288.2921875
288.6224648985959
288.95171339563865
289.27993779160187
289.60714285714283
289.93333333333334
290.25851393188856
290.58268933539415
