31.0
18.0
11.0
28.0
22.0
22.0
15.0
10.0
15.0
14.0
19.0
26.0
18.0
18.0
16.0
16.0
12.0
42.0
46.0
18.0
16.0
18.0
13.0
38.0
12.0
20.0
57.0
14.0
19.0
14.0
14.0
16.0
36.0
44.0
10.0
20.0
29.0
12.0
16.0
13.0
20.0
26.0
58.0
19.0
27.0
52.0
41.0
10.0
16.0
18.0
15.0
14.0
18.0
27.0
17.0
17.0
21.0
17.0
40.0
44.0
17.0
15.0
27.0
17.0
42.0
14.0
54.0
42.0
18.0
35.0
15.0
15.0
15.0
25.0
13.0
37.0
16.0
12.0
24.0
15.0
13.0
14.0
18.0
25.0
26.0
15.0
36.0
31.0
13.0
27.0
19.0
22.0
32.0
21.0
31.0
14.0
44.0
46.0
24.0
21.0
40.0
23.0
15.0
13.0
24.0
28.0
11.0
52.0
40.0
66.0
19.0
34.0
18.0
26.0
13.0
36.0
16.0
14.0
16.0
62.0
75.0
24.0
13.0
20.0
41.0
21.0
13.0
21.0
35.0
13.0
18.0
12.0
19.0
33.0
42.0
12.0
11.0
33.0
21.0
19.0
29.0
18.0
11.0
33.0
26.0
62.0
20.0
14.0
18.0
50.0
11.0
13.0
31.0
47.0
11.0
62.0
29.0
14.0
28.0
62.0
24.0
27.0
18.0
58.0
11.0
11.0
30.0
22.0
13.0
43.0
68.0
17.0
17.0
28.0
43.0
22.0
19.0
23.0
14.0
67.0
17.0
62.0
17.0
13.0
41.0
31.0
18.0
55.0
15.0
17.0
34.0
24.0
18.0
31.0
22.0
37.0
31.0
14.0
69.0
34.0
16.0
50.0
11.0
24.0
97.0
59.0
23.0
15.0
48.0
60.0
37.0
32.0
107.0
94.0
54.0
110.0
43.0
26.0
75.0
62.0
127.0
26.0
63.0
107.0
69.0
86.0
35.0
52.0
48.0
64.0
83.0
280.0
130.0
18.0
41.0
126.0
47.0
113.0
41.0
132.0
15.0
25.0
21.0
61.0
71.0
63.0
45.0
134.0
104.0
134.0
110.0
25.0
139.0
169.0
135.0
98.0
139.0
37.0
31.0
96.0
210.0
46.0
15.0
26.0
56.0
209.0
129.0
26.0
176.0
141.0
110.0
60.0
222.0
275.0
178.0
305.0
108.0
123.0
232.0
63.0
135.0
153.0
257.0
113.0
182.0
208.0
110.0
92.0
197.0
119.0
127.0
262.0
57.0
285.0
424.0
190.0
39.0
360.0
64.0
500.0
452.0
500.0
278.0
281.0
500.0
348.0
500.0
310.0
396.0
500.0
208.0
500.0
500.0
340.0
248.0
500.0
500.0
480.0
500.0
500.0
500.0
500.0
500.0
500.0
500.0
500.0
500.0
500.0
500.0
347.0
411.0
420.0
299.0
500.0
500.0
500.0
500.0
500.0
500.0
500.0
500.0
500.0
500.0
500.0
500.0
500.0
500.0
500.0
500.0
500.0
500.0
500.0
500.0
500.0
500.0
500.0
500.0
500.0
500.0
500.0
500.0
500.0
500.0
500.0
500.0
500.0
500.0
500.0
500.0
500.0
500.0
500.0
500.0
500.0
500.0
500.0
500.0
500.0
500.0
500.0
500.0
500.0
500.0
500.0
500.0
500.0
500.0
500.0
500.0
500.0
500.0
500.0
500.0
500.0
500.0
500.0
500.0
500.0
500.0
500.0
500.0
500.0
500.0
500.0
500.0
500.0
500.0
500.0
500.0
500.0
500.0
500.0
500.0
500.0
500.0
500.0
500.0
500.0
500.0
500.0
500.0
500.0
500.0
500.0
500.0
500.0
500.0
500.0
500.0
500.0
500.0
500.0
500.0
500.0
500.0
500.0
500.0
500.0
500.0
500.0
500.0
500.0
500.0
500.0
500.0
500.0
500.0
500.0
500.0
500.0
500.0
500.0
500.0
500.0
500.0
500.0
500.0
500.0
500.0
500.0
500.0
500.0
500.0
500.0
500.0
500.0
500.0
500.0
500.0
500.0
500.0
500.0
500.0
500.0
500.0
500.0
500.0
500.0
500.0
500.0
500.0
500.0
500.0
500.0
500.0
500.0
500.0
500.0
500.0
500.0
500.0
500.0
500.0
500.0
500.0
500.0
500.0
500.0
500.0
500.0
500.0
500.0
500.0
500.0
500.0
500.0
500.0
500.0
500.0
500.0
500.0
500.0
500.0
500.0
500.0
500.0
500.0
500.0
500.0
500.0
500.0
500.0
500.0
500.0
500.0
500.0
500.0
500.0
500.0
500.0
500.0
500.0
500.0
500.0
500.0
500.0
500.0
500.0
500.0
500.0
500.0
500.0
500.0
500.0
500.0
500.0
500.0
500.0
500.0
500.0
500.0
500.0
500.0
500.0
500.0
500.0
500.0
500.0
500.0
500.0
500.0
500.0
500.0
500.0
500.0
500.0
500.0
500.0
500.0
500.0
500.0
500.0
500.0
500.0
500.0
500.0
500.0
500.0
500.0
500.0
500.0
500.0
500.0
500.0
500.0
500.0
500.0
500.0
500.0
500.0
500.0
500.0
500.0
500.0
500.0
500.0
500.0
500.0
500.0
500.0
500.0
500.0
500.0
500.0
500.0
500.0
500.0
500.0
500.0
500.0
500.0
500.0
500.0
500.0
500.0
500.0
500.0
500.0
500.0
500.0
500.0
500.0
500.0
500.0
500.0
500.0
500.0
500.0
500.0
500.0
500.0
500.0
500.0
500.0
500.0
500.0
500.0
500.0
500.0
500.0
500.0
500.0
500.0
500.0
500.0
500.0
500.0
500.0
