1717140737.981827
1717140737.993598
1717140738.005443
1717140738.0192657
1717140738.0320413
1717140738.0680475
1717140738.1136954
1717140738.163099
1717140738.180649
1717140738.1990278
1717140738.214082
1717140738.2317917
1717140738.2459047
1717140738.258447
1717140738.2767954
1717140738.316217
1717140738.339282
1717140738.3623595
1717140738.3930726
1717140738.4085689
1717140738.4313593
1717140738.445178
1717140738.4682722
1717140738.4848423
1717140738.5368893
1717140738.5570862
1717140738.581788
1717140738.6009948
1717140738.6575167
1717140738.6788957
1717140738.7045283
1717140738.7141538
1717140738.7248514
1717140738.7407644
1717140738.7683752
1717140738.7844393
1717140738.7950203
1717140738.8078094
1717140738.837419
1717140738.856785
1717140738.8877113
1717140738.914316
1717140738.930427
1717140738.9579413
1717140739.0039127
1717140739.0167825
1717140739.0446439
1717140739.07349
1717140739.0947347
1717140739.142891
1717140739.161062
1717140739.1749568
1717140739.205827
1717140739.237919
1717140739.2559783
1717140739.274133
1717140739.3051968
1717140739.3255346
1717140739.3961747
1717140739.4227972
1717140739.434558
1717140739.4636157
1717140739.484902
1717140739.5413475
1717140739.5712075
1717140739.5850887
1717140739.6022289
1717140739.6364763
1717140739.649146
1717140739.6653717
1717140739.6888862
1717140739.7272768
1717140739.74851
1717140739.777367
1717140739.806567
1717140739.821729
1717140739.8633034
1717140739.8803384
1717140739.8963304
1717140739.9070795
1717140739.9328144
1717140739.9467475
1717140739.970212
1717140739.9862263
1717140739.9967332
1717140740.0169885
1717140740.0447013
1717140740.0638316
1717140740.0733216
1717140740.0873618
1717140740.1012387
1717140740.1225867
1717140740.1352737
1717140740.16071
1717140740.196872
1717140741.4381437
1717140741.4523418
1717140741.4814484
1717140741.5047252
1717140741.52255
1717140741.5426383
1717140741.5753653
1717140741.5964708
1717140741.6219864
1717140741.6400197
1717140741.6717498
1717140741.6802924
1717140741.700398
1717140741.712939
1717140741.729909
1717140741.773781
1717140741.8012671
1717140741.8422892
1717140741.858967
1717140741.8918667
1717140741.9639566
1717140741.9923959
1717140742.0112891
1717140742.0387585
1717140742.0556204
1717140742.0662026
1717140742.095785
1717140742.1200984
1717140742.141221
1717140742.1770735
1717140742.19938
1717140742.236272
1717140742.2617133
1717140742.307067
1717140742.32795
1717140742.3730567
1717140742.4331896
1717140742.4532619
1717140742.500731
1717140742.527186
1717140742.572447
1717140742.6501896
1717140742.6775224
1717140742.708193
1717140742.731362
1717140742.7502294
1717140742.772456
1717140742.7904248
1717140742.8452258
1717140742.892552
1717140742.9123607
1717140742.9324422
1717140742.9461741
1717140742.989679
1717140743.001291
1717140743.029644
1717140743.0453444
1717140743.0783322
1717140743.1048887
1717140743.125849
1717140743.1438987
1717140743.1734116
1717140743.216619
1717140743.2271762
1717140743.2460222
1717140743.2689164
1717140743.2952127
1717140743.3396726
1717140743.3628743
1717140743.4001243
1717140743.41179
1717140743.4324656
1717140743.487988
1717140743.5439951
1717140743.5751684
1717140744.8084724
1717140744.825185
1717140744.8519487
1717140744.8875456
1717140744.901091
1717140744.9451804
1717140744.9660866
1717140745.0465796
1717140745.1051698
1717140745.1217542
1717140745.1645358
1717140745.1822805
1717140745.196928
1717140745.216827
1717140745.2304502
1717140745.2493775
1717140745.3176534
1717140745.358281
1717140745.3781493
1717140745.4000084
1717140745.4365234
1717140745.477479
1717140745.500364
1717140745.5695074
1717140745.583158
1717140745.6206095
1717140745.6436458
1717140745.7051907
1717140745.7187433
1717140745.750133
1717140745.7701397
1717140745.7994058
1717140745.8212426
1717140745.9094365
1717140745.9262028
1717140745.9481997
1717140745.9784198
1717140745.998237
1717140746.0417593
1717140746.0552666
1717140746.070016
1717140746.0898335
1717140746.226225
1717140746.239865
1717140746.2617147
1717140746.3066337
1717140746.3305545
1717140746.3410232
1717140746.379553
1717140746.423316
1717140746.4703076
1717140746.5090928
1717140746.5500233
1717140746.5905516
1717140746.6135042
1717140746.6355247
1717140746.693442
1717140746.725683
1717140746.7499645
1717140746.807096
1717140746.82705
1717140746.8562472
1717140746.883208
1717140746.9074118
1717140748.1628883
1717140748.1846926
1717140748.2229419
1717140748.29933
1717140748.3117821
1717140748.3689616
1717140748.5003338
1717140748.5226517
1717140748.60995
1717140748.6261296
1717140748.7655063
1717140748.8370664
1717140748.9185169
1717140748.9434414
1717140748.9717216
1717140749.0848243
1717140749.1081743
1717140749.1422968
1717140749.1605546
1717140749.197012
1717140749.2152486
1717140749.2792258
1717140749.2962751
1717140749.3759525
1717140749.4810083
1717140749.546352
1717140749.5681415
1717140749.645842
1717140749.705486
1717140749.7272224
1717140749.7498739
1717140749.7673516
1717140749.8306103
1717140749.8844867
1717140749.897912
1717140749.9195206
1717140750.0001554
1717140750.125872
1717140751.441022
1717140751.4654918
1717140751.578667
1717140751.6168547
1717140751.7792845
1717140751.857791
1717140751.970147
1717140752.008647
1717140752.1663935
1717140752.203289
1717140752.4610064
1717140752.529073
1717140752.654557
1717140752.7662253
1717140752.7822556
1717140752.905971
1717140752.9950602
1717140753.0567734
1717140753.092876
1717140753.1149094
1717140753.1875503
1717140753.21779
1717140753.2307246
1717140753.3457358
1717140753.441144
1717140754.6387823
1717140754.7454803
1717140754.8203213
1717140754.9038382
1717140755.1297712
1717140755.2411091
1717140755.4138803
1717140755.5592523
1717140755.740021
1717140755.841687
1717140756.0730805
1717140756.2172225
1717140756.40491
1717140756.5841243
1717140757.9139953
1717140758.1879818
1717140758.3093967
1717140758.5928824
1717140758.8252642
1717140758.958762
1717140759.1067812
1717140759.2164211
1717140759.3432243
1717140759.6046777
1717140759.7818117
1717140761.1613805
1717140761.4547431
1717140761.6941886
1717140761.8774645
1717140762.122069
1717140762.4231074
1717140762.7429292
1717140762.980794
1717140763.157055
1717140764.505279
1717140764.6853364
1717140764.9702137
1717140765.1792095
1717140765.4189022
1717140765.9225876
1717140766.1540847
1717140766.287601
1717140767.8401575
1717140768.2870593
1717140768.520576
1717140768.6521325
1717140769.1031373
1717140769.6144707
1717140771.32874
1717140771.8295918
1717140772.2951646
1717140772.6094558
1717140774.3180196
1717140774.8194237
1717140774.993856
1717140775.4974754
1717140776.01125
1717140777.7221014
1717140778.1698341
1717140778.6747732
1717140779.1798437
1717140780.854288
1717140781.3535545
1717140781.8526313
1717140782.3519728
1717140784.0534995
1717140784.5588276
1717140785.062381
1717140785.5668545
1717140787.2757285
1717140787.7751994
1717140788.2753816
1717140788.7753463
1717140789.2759662
1717140790.9538534
1717140791.451143
1717140791.9505565
1717140792.4495065
1717140794.1567414
1717140794.6609242
1717140795.1636336
1717140795.5039184
1717140797.188513
1717140797.6866078
1717140798.1847992
1717140798.683865
1717140800.355171
1717140800.8562894
1717140801.356262
1717140801.8570178
1717140803.554021
1717140804.0602036
1717140804.5665665
1717140805.071919
1717140806.7468183
1717140807.248291
1717140807.7479393
1717140808.2487316
1717140809.9416323
1717140810.449173
1717140810.9573135
1717140811.464341
1717140811.97172
1717140813.6840353
1717140814.1901014
1717140814.6971927
1717140815.2034361
1717140816.8811996
1717140817.3823545
1717140817.88199
1717140818.3832178
1717140820.066311
1717140820.5665455
1717140821.0681446
1717140821.5680254
1717140823.219592
1717140823.7259026
1717140824.2352295
1717140824.7402868
1717140826.4181552
1717140826.935831
1717140827.427542
1717140827.924025
1717140829.590806
1717140830.0852847
1717140830.5767455
1717140831.0609143
1717140832.722721
1717140833.2169805
1717140833.7061062
1717140834.186901
1717140835.8080878
1717140836.3013952
1717140836.787926
1717140837.270459
1717140838.872163
1717140839.3663528
1717140839.8506844
1717140840.332204
1717140842.0186443
1717140842.5102818
1717140842.9918523
1717140843.4745948
1717140843.9665613
1717140845.631971
1717140846.1127465
1717140846.593479
1717140847.0829139
1717140848.7605553
1717140849.2496114
1717140849.7360978
1717140850.2196937
1717140851.8625689
1717140852.3511791
1717140852.8352044
1717140853.317558
1717140854.9692569
1717140855.4577503
1717140855.9412045
1717140856.424085
1717140858.0794077
1717140858.5694005
1717140859.0512779
1717140859.534199
1717140861.1855304
1717140861.6768086
1717140862.1597185
1717140862.6440992
1717140864.2547743
1717140864.7408557
1717140865.2245398
1717140865.7094202
1717140867.3466303
1717140867.8324275
1717140868.3209453
1717140868.806065
1717140870.456552
1717140870.9391794
1717140871.4204044
1717140871.9052494
1717140873.5553238
1717140874.04321
1717140874.5306878
1717140875.0116427
1717140875.4922888
1717140877.2129014
1717140877.7034056
1717140878.183793
1717140878.6678565
1717140880.318767
1717140880.8053467
1717140881.285726
1717140881.7710593
1717140883.422601
1717140883.906405
1717140884.3878245
1717140884.873702
1717140886.5243664
1717140887.0069845
1717140887.4895425
1717140887.9804416
1717140889.650298
1717140890.1335416
1717140890.6149657
1717140891.107055
1717140892.770587
1717140893.2520993
1717140893.7373548
1717140894.2241762
1717140895.8915687
1717140896.3897145
1717140896.8733153
1717140897.3552635
1717140899.012202
1717140899.501305
1717140899.9825172
1717140900.4644783
1717140902.0959678
1717140902.5833273
1717140903.0651546
1717140903.5458841
1717140905.1870098
1717140905.6742525
1717140906.1552482
1717140906.636884
1717140908.3085556
1717140908.79153
1717140909.271667
1717140909.7538517
1717140910.2459533
1717140911.8711276
1717140912.3509119
1717140912.839242
1717140913.34371
1717140914.9977856
1717140915.4864016
1717140915.9696085
1717140916.4514723
1717140918.1020687
1717140918.5897894
1717140919.069432
1717140919.547595
1717140921.1642132
1717140921.6556296
1717140922.1348033
1717140922.6160681
1717140924.2412672
1717140924.7308264
1717140925.2126062
1717140925.7001388
1717140927.3919716
1717140927.879337
1717140928.3595676
1717140928.8448703
1717140930.4917188
1717140930.972779
1717140931.452335
1717140931.938038
1717140933.596906
1717140934.0774236
1717140934.5555584
1717140935.0430424
1717140936.6986873
1717140937.1881926
1717140937.6777368
1717140938.1608422
1717140939.8175745
1717140940.3097918
1717140940.7971373
1717140941.2775726
1717140941.7618408
1717140943.4160388
1717140943.9028194
1717140944.3833888
1717140944.871697
1717140946.5284286
1717140947.010239
1717140947.4916165
1717140947.976651
1717140949.64135
1717140950.1239288
1717140950.6052413
1717140951.0939038
1717140952.7742157
1717140953.2676005
1717140953.7615128
1717140954.2545602
1717140955.9267561
1717140956.4253254
1717140956.92197
1717140957.420143
1717140959.1001012
1717140959.5968344
1717140960.0943298
1717140960.5915625
1717140962.6387136
1717140963.1251721
1717140963.60901
1717140964.1050951
1717140966.1246343
1717140966.6860867
1717140967.2490878
1717140967.9730003
1717140970.0568423
1717140970.546955
1717140971.0838692
1717140971.5926461
1717140973.5577853
1717140974.1158407
1717140974.62427
1717140975.1896496
1717140977.5809357
1717140978.1623504
1717140978.743791
1717140979.3017375
1717140979.9815857
1717140982.1538324
1717140982.8030477
1717140983.5823028
1717140984.119591
1717140986.2530928
1717140986.8475115
1717140987.4051664
1717140987.9189591
1717140989.630067
1717140990.137525
1717140990.6463335
1717140991.1545382
1717140992.87458
1717140993.3878822
1717140993.9000304
1717140994.4122298
1717140996.0927782
1717140996.599409
1717140997.1164484
1717140997.6242392
1717140999.3182359
1717140999.8305442
1717141000.341032
1717141000.8526304
1717141002.564585
1717141003.0757143
1717141003.5940216
1717141004.104713
1717141005.7832391
1717141006.2961318
1717141006.8076215
1717141007.3205428
1717141009.0061462
1717141009.5164933
1717141010.0354385
1717141010.5450788
1717141012.257542
1717141012.7659504
1717141013.2741249
1717141013.7823265
1717141014.290499
1717141015.9907773
1717141016.4930196
1717141017.007929
1717141017.5200233
1717141019.22566
1717141019.736607
1717141020.2483928
1717141020.7590299
1717141022.437506
1717141022.9460492
1717141023.456629
1717141023.966025
1717141025.6713135
1717141026.1776025
1717141026.6839375
1717141027.1911075
1717141028.9090738
1717141029.4203215
1717141029.9316516
1717141030.4438982
1717141032.1497145
1717141032.6597276
1717141033.170169
1717141033.681287
1717141035.36309
1717141035.8699615
1717141036.3760786
1717141036.8829117
