1717140148.0281024
1717140148.0501726
1717140148.063517
1717140148.0964918
1717140148.1224937
1717140148.1489975
1717140148.1671815
1717140148.1793785
1717140148.1973207
1717140148.2138007
1717140148.236452
1717140148.2672365
1717140148.2885108
1717140148.3096395
1717140148.328659
1717140148.3478177
1717140148.3618615
1717140148.4114156
1717140148.4658396
1717140148.4872434
1717140148.5062904
1717140148.5277004
1717140148.5434356
1717140148.5884523
1717140148.6026762
1717140148.6263423
1717140148.694756
1717140148.7114763
1717140148.7343519
1717140148.7508667
1717140148.7676556
1717140148.7867527
1717140148.8302917
1717140148.8853316
1717140148.897919
1717140148.9213762
1717140148.955925
1717140148.9702013
1717140148.9892488
1717140149.004695
1717140149.0283656
1717140149.0592968
1717140149.1280613
1717140149.150887
1717140149.1827724
1717140149.2450297
1717140149.2894244
1717140149.3004715
1717140149.3177772
1717140149.337247
1717140149.3533363
1717140149.3684998
1717140149.3878791
1717140149.4173102
1717140149.435628
1717140149.4541707
1717140149.4768782
1717140149.4953287
1717140149.538501
1717140149.5861957
1717140149.6046379
1717140149.6209278
1717140149.6497612
1717140149.667914
1717140149.7125409
1717140149.7274525
1717140149.7893684
1717140149.8430095
1717140149.8643687
1717140149.9016747
1717140149.917278
1717140149.9334276
1717140149.9496026
1717140149.976553
1717140149.9905167
1717140150.0304396
1717140150.0477014
1717140150.0608175
1717140150.08692
1717140150.10313
1717140150.1172795
1717140150.1323602
1717140150.1520135
1717140150.179196
1717140150.2073877
1717140150.2235706
1717140150.262499
1717140150.2958324
1717140150.3099885
1717140151.5494015
1717140151.5689702
1717140151.5919287
1717140151.6261754
1717140151.6486764
1717140151.6817198
1717140151.6965067
1717140151.743814
1717140151.792693
1717140151.818034
1717140151.8404853
1717140151.8822966
1717140151.9064264
1717140151.9219656
1717140151.93556
1717140151.9605782
1717140151.9901185
1717140152.0016224
1717140152.056031
1717140152.0978138
1717140152.166874
1717140152.186772
1717140152.2220426
1717140152.2408354
1717140152.2680647
1717140152.2817326
1717140152.3195307
1717140152.3362763
1717140152.3511853
1717140152.368275
1717140152.433352
1717140152.5117164
1717140152.5370498
1717140152.5507681
1717140152.5719492
1717140152.6155307
1717140152.6373518
1717140152.6508894
1717140152.6733255
1717140152.7096324
1717140152.7232587
1717140152.7417738
1717140152.7544885
1717140152.7757173
1717140152.8154333
1717140152.8593328
1717140152.8719559
1717140152.8835387
1717140152.9182515
1717140152.9406908
1717140152.9607887
1717140152.9921925
1717140153.0114577
1717140153.0230317
1717140153.0586555
1717140153.0860038
1717140153.1524582
1717140153.1737137
1717140153.1888146
1717140153.2080922
1717140153.261569
1717140153.2734306
1717140153.2872908
1717140153.3205948
1717140153.3709228
1717140153.3828542
1717140153.4493904
1717140153.4805448
1717140153.4956279
1717140153.5254116
1717140153.5913937
1717140153.617079
1717140153.6460323
1717140153.665327
1717140154.9250832
1717140154.9361424
1717140154.9478724
1717140154.9790382
1717140155.0019302
1717140155.0158644
1717140155.0615265
1717140155.134117
1717140155.1521962
1717140155.17015
1717140155.1997814
1717140155.245227
1717140155.2685401
1717140155.288816
1717140155.3129797
1717140155.3276901
1717140155.3988454
1717140155.416887
1717140155.4834838
1717140155.5013723
1717140155.5153277
1717140155.5594292
1717140155.5925422
1717140155.6114721
1717140155.6696038
1717140155.6856146
1717140155.703938
1717140155.7400393
1717140155.7655692
1717140155.784758
1717140155.8176599
1717140155.8411682
1717140155.8805065
1717140155.9133537
1717140155.9282498
1717140156.0010033
1717140156.0370705
1717140156.054045
1717140156.1072888
1717140156.1188948
1717140156.144501
1717140156.247848
1717140156.310727
1717140156.335351
1717140156.351365
1717140156.40234
1717140156.4662635
1717140156.505988
1717140156.5398786
1717140156.653495
1717140156.7542672
1717140156.811849
1717140156.928895
1717140156.9745984
1717140157.0023649
1717140157.0823836
1717140158.3424485
1717140158.475668
1717140158.503175
1717140158.5693374
1717140158.682052
1717140158.7550106
1717140158.8453808
1717140158.8818216
1717140158.9362597
1717140158.986725
1717140159.0543036
1717140159.141588
1717140159.436841
1717140159.573228
1717140159.5922594
1717140159.6356149
1717140159.7684526
1717140159.8179924
1717140159.9369247
1717140159.9801407
1717140160.1184297
1717140160.1342382
1717140160.1606748
1717140160.1829104
1717140160.2472374
1717140160.3216014
1717140160.3885849
1717140160.4361207
1717140161.7860763
1717140161.8928459
1717140162.0304909
1717140162.1425366
1717140162.1675327
1717140162.3097587
1717140162.48041
1717140162.6171653
1717140162.7164028
1717140162.8669035
1717140162.9036212
1717140162.9353013
1717140163.0345414
1717140163.2513509
1717140163.29909
1717140163.3144968
1717140163.3416455
1717140163.3997066
1717140163.6153035
1717140163.7487705
1717140164.9975011
1717140165.177127
1717140165.3214047
1717140165.4346657
1717140165.4967365
1717140165.724482
1717140166.007966
1717140166.191034
1717140166.5053782
1717140166.6169186
1717140166.7427533
1717140166.9817371
1717140167.0530727
1717140168.3982384
1717140168.5560095
1717140168.8197105
1717140168.9330046
1717140169.1166384
1717140169.3253274
1717140169.435945
1717140169.5306902
1717140169.7302437
1717140169.8581955
1717140169.9861748
1717140170.2556572
1717140170.3140512
1717140171.8069236
1717140172.231527
1717140172.4233792
1717140172.4626827
1717140172.8288033
1717140172.8928626
1717140173.4032502
1717140175.066078
1717140175.583182
1717140175.8675346
1717140176.155429
1717140176.6656072
1717140178.2479708
1717140178.760805
1717140179.0736969
1717140179.470376
1717140179.982315
1717140180.1969573
1717140181.8813946
1717140182.392861
1717140182.7361243
1717140182.9903698
1717140183.5044062
1717140185.2205138
1717140185.70358
1717140186.2227125
1717140186.7382636
1717140188.461388
1717140188.9521313
1717140189.4410524
1717140189.930486
1717140191.5533333
1717140192.0398262
1717140192.5226302
1717140193.0095477
1717140194.5924928
1717140194.9298105
1717140195.3258238
1717140195.728073
1717140196.0190165
1717140197.6765893
1717140198.1634445
1717140198.6476912
1717140199.1378083
1717140200.8607104
1717140201.3497124
1717140201.8417127
1717140202.325125
1717140204.0172067
1717140204.5138447
1717140205.0043511
1717140205.4877396
1717140207.1080103
1717140207.5976484
1717140208.0866392
1717140208.5693383
1717140210.1959295
1717140210.6895447
1717140211.1767874
1717140211.6613145
1717140212.1477098
1717140213.8076506
1717140214.2936904
1717140214.7773972
1717140215.2713234
1717140216.901449
1717140217.384466
1717140217.871627
1717140218.3619573
1717140220.0681024
1717140220.5601547
1717140221.060824
1717140221.556896
1717140223.2253573
1717140223.7260094
1717140224.2209504
1717140224.710168
1717140226.3787422
1717140226.8801756
1717140227.3801317
1717140227.8812606
1717140229.5564194
1717140230.05217
1717140230.542726
1717140231.0419056
1717140232.711519
1717140233.205117
1717140233.6949718
1717140234.1928875
1717140235.8659937
1717140236.355439
1717140236.8469396
1717140237.347413
1717140239.024217
1717140239.5241554
1717140240.0256343
1717140240.5154696
1717140242.163202
1717140242.6599727
1717140243.1550207
1717140243.6463957
1717140244.1450655
1717140245.7906504
1717140246.2818553
1717140246.7734659
1717140247.2685986
1717140248.9400554
1717140249.442225
1717140249.9335792
1717140250.4296966
1717140252.0761716
1717140252.5673947
1717140253.062177
1717140253.5572877
1717140255.2262006
1717140255.7260292
1717140256.2260191
1717140256.7270114
1717140258.4243093
1717140258.9229221
1717140259.4125662
1717140259.9057627
1717140261.5727813
1717140262.0679178
1717140262.5564523
1717140263.050071
1717140264.7070925
1717140265.201969
1717140265.691675
1717140266.1865904
1717140267.8674555
1717140268.3640852
1717140268.8620992
1717140269.3536427
1717140271.0199432
1717140271.5189672
1717140272.0210946
1717140272.5110166
1717140274.1712458
1717140274.670208
1717140275.165374
1717140275.6535819
1717140277.3066359
1717140277.8059673
1717140278.2976923
1717140278.7882676
1717140279.284797
1717140280.947677
1717140281.437035
1717140281.9257083
1717140282.4225404
1717140284.0823789
1717140284.5679793
1717140285.0582924
1717140285.553338
1717140287.2320857
1717140287.7190819
1717140288.210034
1717140288.7062163
1717140290.3827796
1717140290.879289
1717140291.3685818
1717140291.8535671
1717140293.4573998
1717140293.9561403
1717140294.4431205
1717140294.933551
1717140296.5989819
1717140297.0914977
1717140297.5790465
1717140298.0663478
1717140299.7368016
1717140300.2277377
1717140300.7142868
1717140301.2051125
1717140302.8836355
1717140303.3723376
1717140303.860998
1717140304.3551595
1717140306.0235517
1717140306.5213635
1717140307.0182104
1717140307.50511
1717140309.162236
1717140309.6590257
1717140310.1546137
1717140310.6396976
1717140311.1296499
1717140312.7766805
1717140313.2679453
1717140313.7553446
1717140314.2470374
1717140315.9147713
1717140316.4040759
1717140316.8912435
1717140317.3853295
1717140319.0410917
1717140319.52933
1717140320.0165625
1717140320.5136483
1717140322.1615906
1717140322.6479075
1717140323.1360288
1717140323.6381848
1717140325.30755
1717140325.8048878
1717140326.2951565
1717140326.7812805
1717140328.4437754
1717140328.9386933
1717140329.4272118
1717140329.9127579
1717140331.5653927
1717140332.0620725
1717140332.5510223
1717140333.0418785
1717140334.70659
1717140335.199739
1717140335.6874254
1717140336.1778655
1717140337.8816445
1717140338.3825321
1717140338.8804255
1717140339.3729687
1717140341.0349367
1717140341.532635
1717140342.0309744
1717140342.5293484
1717140344.2159073
1717140344.7062225
1717140345.203784
1717140345.7001877
1717140346.1932592
1717140347.8476155
1717140348.3401353
1717140348.8272176
1717140349.3239777
1717140350.9754505
1717140351.4635634
1717140351.9523675
1717140352.4487116
1717140354.1180236
1717140354.6071932
1717140355.0971322
1717140355.5951655
1717140357.2048376
1717140357.6916413
1717140358.1944969
1717140358.694867
1717140360.3834615
1717140360.8912334
1717140361.3831015
1717140361.8784583
1717140363.5538452
1717140364.049269
1717140364.5343885
1717140365.0212016
1717140366.6660454
1717140367.1602416
1717140367.6453402
1717140368.1318934
1717140369.840273
1717140370.3282623
1717140370.8205097
1717140371.3076143
1717140372.972269
1717140373.5223129
1717140374.0763028
1717140374.566494
1717140376.2227101
1717140376.715662
1717140377.2083848
1717140377.6997452
1717140378.1914725
1717140379.9012585
1717140380.3968112
1717140380.8932362
1717140381.3896298
1717140383.0438142
1717140383.5282552
1717140384.0139077
1717140384.51657
1717140386.1585817
1717140386.6441758
1717140387.1342874
1717140387.6252637
1717140389.2698998
1717140389.751751
1717140390.2410629
1717140390.7316477
1717140392.3872437
1717140392.8802674
1717140393.3668916
1717140393.851405
1717140395.4847178
1717140395.9756474
1717140396.4621456
1717140396.9447277
1717140398.599014
1717140399.0946705
1717140399.5772872
1717140400.063229
1717140401.6986275
1717140402.1905098
1717140402.6758618
1717140403.1618617
1717140404.8565874
1717140405.3445678
1717140405.8266678
1717140406.3149168
1717140407.9679296
1717140408.4549575
1717140408.9388855
1717140409.4322107
1717140409.9352176
1717140411.5894873
1717140412.0855
1717140412.571756
1717140413.0571914
1717140414.7389581
1717140415.230709
1717140415.714612
1717140416.2034743
1717140417.821351
1717140418.3106585
1717140418.7957642
1717140419.2824872
1717140420.9237845
1717140421.4106953
1717140421.8947313
1717140422.384706
1717140424.0606632
1717140424.550558
1717140425.0425227
1717140425.5261765
1717140427.1322563
1717140427.6172686
1717140428.1032565
1717140428.5939004
1717140430.2696738
1717140430.7669256
1717140431.2584329
1717140431.740898
1717140433.3824778
1717140433.8752832
1717140434.3637607
1717140434.8492846
1717140436.5085144
1717140437.0011537
1717140437.4885461
1717140437.9735832
1717140439.623597
1717140440.1188345
1717140440.6032166
1717140441.0897496
