1024
1728
2432
3264
4032
6208
8832
11584
12544
13568
14400
15360
16128
16832
17856
20032
21312
22592
24256
25024
26176
26880
28032
28864
31616
32832
34368
35520
38912
40192
41728
42304
42944
43904
45568
46528
47168
47936
49728
50880
52736
54336
55296
56960
59712
60480
62144
63872
65152
68032
69120
69952
71808
73728
74816
75904
77760
78976
83200
84800
85504
87232
88512
91904
93696
94528
95552
97600
98368
99328
100736
103040
104320
106048
107520
108416
110912
111936
112896
113536
115072
115904
117312
118272
118912
120128
121792
122944
123520
124352
125184
126464
127232
128768
130944
132032
132928
134720
136128
137216
138432
140416
141696
143232
144320
146240
146752
147968
148736
149760
152448
154112
156608
157632
159616
163968
165696
166848
168512
169536
170176
171968
173440
174720
176896
178240
180480
182016
184768
186048
188800
192448
193664
196544
198144
200896
205632
207296
209152
210560
211712
213056
214144
217472
220352
221568
222784
223616
226240
226944
228672
229632
231552
233152
234432
235520
237312
239936
240576
241728
243136
244736
247424
248832
251072
251776
253056
256448
259904
261824
264128
265152
266816
268992
269824
272512
273792
278720
282304
283328
285952
287040
287936
289152
289984
291136
295296
297792
299008
300352
302592
305088
306496
310720
311552
313856
315264
319040
319872
321792
323008
324800
326144
331584
332608
333952
335808
337024
339712
340544
341440
342656
351040
351872
353216
355968
357440
358080
360448
363136
366016
368384
370880
373376
374784
376128
379712
381696
383168
386688
387904
389696
391360
392832
396864
398208
400576
405312
406080
409600
417856
419264
424832
425856
434688
439232
444416
446016
447808
455040
456512
458688
459840
462144
463296
467328
468416
473472
479488
483648
484992
489792
493504
494848
496256
497344
501248
504576
505408
506752
511744
519488
529344
530880
537920
540288
550400
555264
562240
564608
574464
576768
592832
597184
605184
612352
613376
621248
626944
630848
633088
634496
639168
641088
641920
649280
654912
657024
663808
668544
673792
687936
694976
705856
714944
726336
732736
747264
756352
768192
779456
788352
805632
813312
831360
846272
854848
864320
871360
879552
895808
906944
918784
937408
952832
964608
980416
999616
1019776
1034752
1045696
1056512
1067904
1085952
1099200
1114368
1146368
1161024
1169472
1190336
1218304
1232896
1241152
1269376
1301376
1333376
1365376
1395136
1414720
1446720
1478720
1489920
1521920
1553920
1585920
1614208
1646208
1678208
1710208
1742208
1774208
1806208
1838208
1870208
1902208
1934208
1966208
1998208
2030208
2062208
2094208
2126208
2158208
2190208
2222208
2254208
2286208
2318208
2339776
2371776
2403776
2435776
2467776
2499776
2531776
2563776
2595776
2627776
2659776
2691776
2723776
2755776
2787776
2819776
2851776
2883776
2915776
2947776
2979776
3011776
3043776
3075776
3107776
3139776
3171776
3203776
3235776
3267776
3299776
3331776
3363776
3395776
3427776
3459776
3491776
3523776
3555776
3587776
3619776
3651776
3683776
3715776
3747776
3779776
3811776
3843776
3875776
3907776
3939776
3971776
4003776
4035776
4067776
4099776
4131776
4163776
4195776
4227776
4259776
4291776
4323776
4355776
4387776
4419776
4451776
4483776
4515776
4547776
4579776
4611776
4643776
4675776
4707776
4739776
4771776
4803776
4835776
4867776
4899776
4931776
4963776
4995776
5027776
5059776
5091776
5123776
5155776
5187776
5219776
5251776
5283776
5315776
5347776
5379776
5411776
5443776
5475776
5507776
5539776
5571776
5603776
5635776
5667776
5699776
5731776
5763776
5795776
5827776
5859776
5891776
5923776
5955776
5987776
6019776
6051776
6083776
6115776
6147776
6179776
6211776
6243776
6275776
6307776
6339776
6371776
6403776
6435776
6467776
6499776
6531776
6563776
6595776
6627776
6659776
6691776
6723776
6755776
6787776
6819776
6851776
6883776
6915776
6947776
6979776
7011776
7043776
7075776
7107776
7139776
7171776
7203776
7235776
7267776
7299776
7331776
7363776
7395776
7427776
7459776
7491776
7523776
7555776
7587776
7619776
7651776
7683776
7715776
7747776
7779776
7811776
7843776
7875776
7907776
7939776
7971776
8003776
8035776
8067776
8099776
8131776
8163776
8195776
8227776
8259776
8291776
8323776
8355776
8387776
8419776
8451776
8483776
8515776
8547776
8579776
8611776
8643776
8675776
8707776
8739776
8771776
8803776
8835776
8867776
8899776
8931776
8963776
8995776
9027776
9059776
9091776
9123776
9155776
9187776
9219776
9251776
9283776
9315776
9347776
9379776
9411776
9443776
9475776
9507776
9539776
9571776
9603776
9635776
9667776
9699776
9731776
9763776
9795776
9827776
9859776
9891776
9923776
9955776
9987776
10019776
10051776
10083776
10115776
10147776
10179776
10211776
10243776
10275776
10307776
10339776
10371776
10403776
10435776
10467776
10499776
10531776
10563776
10595776
10627776
10659776
10691776
10723776
10755776
10787776
10819776
10851776
10883776
10915776
10947776
10979776
11011776
11043776
11075776
11107776
11139776
11171776
11203776
11235776
11267776
11299776
11331776
11363776
11395776
11427776
11459776
11491776
11523776
11555776
11587776
11619776
11651776
11683776
11715776
11747776
11779776
11811776
11843776
11875776
11907776
11939776
11971776
12003776
12035776
