1280
2496
3200
7424
8320
9344
11136
11776
12480
13248
15360
17472
18816
20608
21312
24128
24768
25600
26368
28032
30784
31808
33856
35392
36800
37952
38656
41344
42240
43520
45504
46528
49536
51200
54016
56256
56896
58944
60992
63168
63936
65600
67648
68608
69504
71424
72000
73344
74368
75136
76160
76992
78592
79680
82432
83392
84864
86848
88320
91456
92096
93248
95424
96576
97344
98240
99136
99840
100992
104512
106048
106880
108160
110592
111616
113152
113856
114688
115776
116672
117696
118976
120192
121600
122496
124544
125568
128512
129728
131840
133120
134016
135296
137280
138944
140608
143040
146176
147648
149184
151680
154816
156416
158336
159104
160128
161856
163008
164032
168256
169792
171904
173120
174784
177088
178496
180288
181120
182080
182976
184704
186688
192064
194048
195584
198848
201536
203840
206016
207104
208896
211264
212160
214848
216320
218432
220480
225664
226752
229888
231872
233664
235008
235840
237056
238784
240256
243584
246528
247296
251584
252288
254912
256960
257856
258560
266432
270272
272064
274048
275648
276672
286272
287872
290752
292608
296064
298816
299968
301056
303104
307200
309888
311168
312128
312960
314368
315392
316544
319360
321280
323904
325312
331712
334464
337664
339584
340480
341248
342720
346560
351040
353600
356928
358272
360448
366080
371520
373952
377856
379008
381120
383872
389696
392000
396288
400320
402112
403136
405888
407616
419904
422144
423232
432640
436992
438528
445184
449792
451520
452864
454080
458304
462976
465408
469312
471424
474048
476224
478976
481472
485376
490816
492864
495744
508032
511680
512640
514624
516608
519232
527552
531648
535296
544960
560576
567168
571968
577536
583104
587328
590208
597056
599744
607808
612608
620928
625664
636736
643072
651584
667136
675392
686592
694912
709888
723584
735872
744768
756800
760064
762368
765248
774080
781504
794368
809792
818496
830592
840448
851328
861120
873728
883200
891968
894848
902208
912448
924992
939648
949504
972032
990144
1001280
1026624
1036864
1043584
1068544
1088256
1100352
1122560
1140736
1152384
1170880
1202880
1234560
1254336
1268416
1295296
1304320
1327104
1359104
1376896
1408896
1440896
1472896
1504896
1525952
1557952
1570304
1602304
1619584
1651584
1683584
1715584
1747584
1779584
1811584
1843584
1875584
1907584
1939584
1971584
2003584
2035584
2067584
2099584
2131584
2163584
2195584
2227584
2259584
2291584
2323584
2355584
2387584
2419584
2451584
2483584
2515584
2547584
2579584
2611584
2643584
2675584
2707584
2739584
2771584
2803584
2835584
2867584
2899584
2931584
2963584
2995584
3027584
3059584
3091584
3123584
3155584
3187584
3219584
3251584
3283584
3315584
3347584
3379584
3411584
3443584
3475584
3507584
3539584
3571584
3587520
3619520
3651520
3683520
3715520
3747520
3779520
3811520
3843520
3875520
3907520
3939520
3971520
4003520
4035520
4067520
4099520
4131520
4163520
4195520
4227520
4259520
4291520
4323520
4355520
4387520
4419520
4451520
4483520
4515520
4547520
4579520
4611520
4643520
4675520
4707520
4739520
4771520
4803520
4835520
4867520
4899520
4931520
4963520
4995520
5027520
5059520
5091520
5123520
5155520
5187520
5219520
5251520
5283520
5315520
5347520
5379520
5411520
5443520
5475520
5507520
5539520
5571520
5603520
5635520
5667520
5699520
5731520
5763520
5795520
5827520
5859520
5891520
5923520
5955520
5987520
6019520
6051520
6083520
6115520
6147520
6179520
6211520
6243520
6275520
6307520
6339520
6371520
6403520
6435520
6467520
6499520
6531520
6563520
6595520
6627520
6659520
6691520
6723520
6755520
6787520
6819520
6851520
6883520
6915520
6947520
6979520
7011520
7043520
7075520
7107520
7139520
7171520
7203520
7235520
7267520
7299520
7331520
7363520
7395520
7427520
7459520
7491520
7523520
7555520
7587520
7619520
7651520
7683520
7715520
7747520
7779520
7811520
7843520
7875520
7907520
7939520
7971520
8003520
8035520
8067520
8099520
8131520
8163520
8195520
8227520
8259520
8291520
8323520
8355520
8387520
8419520
8451520
8483520
8515520
8547520
8579520
8611520
8643520
8675520
8707520
8739520
8771520
8803520
8835520
8867520
8899520
8931520
8963520
8995520
9027520
9059520
9091520
9123520
9155520
9187520
9219520
9251520
9283520
9315520
9347520
9379520
9411520
9443520
9475520
9507520
9539520
9571520
9603520
9635520
9667520
9699520
9731520
9763520
9795520
9827520
9859520
9891520
9923520
9955520
9987520
10019520
10051520
10083520
10115520
10147520
10179520
10211520
10243520
10275520
10307520
10339520
10371520
10403520
10435520
10467520
10499520
10531520
10563520
10595520
10627520
10659520
10691520
10723520
10755520
10787520
10819520
10851520
10883520
10915520
10947520
10979520
11011520
11043520
11075520
11107520
11139520
11171520
11203520
11235520
11267520
11299520
11331520
11363520
11395520
11427520
11459520
11491520
11523520
11555520
11587520
11619520
11651520
11683520
11715520
11747520
11779520
11811520
11843520
11875520
11907520
11939520
11971520
12003520
12035520
