nan
89.40625
72.109375
65.73958333333333
69.0390625
69.08125
68.48697916666667
72.02232142857143
69.767578125
68.33333333333333
67.5703125
65.02698863636364
64.828125
64.66826923076923
64.55133928571429
65.27916666666667
64.5224609375
65.27297794117646
65.04513888888889
67.64144736842105
68.775
68.69345238095238
69.31818181818181
70.76290760869566
71.47526041666667
72.325
74.5264423076923
75.31712962962963
76.390625
78.109375
79.7234375
80.48840725806451
81.6796875
83.97869318181819
85.2890625
86.66428571428571
88.89973958333333
90.3602195945946
90.71957236842105
92.41666666666667
96.257421875
98.4828506097561
101.59486607142857
103.42042151162791
105.86683238636364
107.90659722222222
109.67153532608695
114.03125
115.57552083333333
119.50510204081633
121.2684375
124.0533088235294
126.59164663461539
129.36055424528303
132.37644675925927
136.7306818181818
139.93833705357142
141.91228070175438
147.35910560344828
150.89936440677965
158.46614583333334
162.46516393442624
165.0773689516129
169.28869047619048
173.0234375
177.27307692307693
181.24242424242425
184.1709421641791
187.92348345588235
190.8179347826087
197.68236607142856
200.51584507042253
207.74978298611111
211.5402397260274
213.71959459459458
217.038125
220.02055921052633
222.87236201298703
226.19791666666666
228.9240506329114
232.18046875
235.29571759259258
237.90987042682926
240.75809487951807
246.73028273809524
249.45569852941176
250.93804505813952
252.409841954023
257.68430397727275
258.8114466292135
260.9090277777778
265.79447115384613
265.3838315217391
270.00722446236557
272.054022606383
273.46200657894735
275.2332356770833
277.14384664948454
278.1927614795918
278.96875
280.83484375
281.6089108910891
286.804993872549
288.7462075242718
290.5446213942308
292.11934523809526
296.2116745283019
298.0373831775701
302.9943576388889
304.6437786697248
305.928125
310.57094594594594
314.48214285714283
315.63620022123894
316.0518092105263
319.33600543478263
319.6866918103448
320.5778579059829
321.34401483050846
322.06302521008405
325.24388020833334
326.0179493801653
328.84823258196724
328.1830538617886
327.4962197580645
326.740375
325.94097222222223
324.85494586614175
324.098388671875
323.4310804263566
322.84326923076924
322.340768129771
322.58747632575756
322.36513157894734
322.1237173507463
321.6414351851852
321.0853630514706
320.80018248175185
320.5988451086956
320.263714028777
319.84765625
319.6360815602837
319.15988116197184
319.0819493006993
318.99815538194446
319.9647629310345
319.75963184931504
320.9323979591837
323.6424197635135
323.92418204697987
323.5914583333333
324.37024006622516
323.6376439144737
323.3329248366013
322.921773538961
322.58689516129033
321.95502804487177
321.90445859872614
321.4494659810127
320.79264937106916
320.50654296875
320.13082298136646
320.88850308641975
323.96587423312883
326.7559070121951
329.6814393939394
330.5186370481928
331.22679640718565
331.98046875
332.6299926035503
334.86038602941176
335.74908625730995
335.1983103197674
335.289649566474
334.9375
334.709375
334.79634232954544
334.88232697740114
334.79318820224717
334.8335370111732
334.2012152777778
334.91453729281767
337.5051510989011
340.31386612021856
342.8263417119565
343.65422297297295
345.90213373655916
347.8696524064171
347.67362034574467
347.42675264550263
347.1614309210526
349.66541230366494
348.7870279947917
348.18725712435236
347.5368878865979
346.8983173076923
346.1694036989796
345.36151649746193
344.71835542929296
343.9359296482412
343.256328125
342.4989116915423
341.9272122524753
341.39070197044333
340.8056066176471
340.5237042682927
340.0115291262136
339.4801479468599
338.9827223557692
338.43742523923447
337.9449404761905
337.93579680094786
337.9503242924528
339.7987822769953
340.17771612149534
341.87434593023255
343.80244502314815
343.7296947004608
344.42603211009174
344.64326484018267
346.2799715909091
346.85287047511315
348.5568693693694
348.49614630044846
348.23507254464283
347.87854166666665
348.3445796460177
348.5499036343612
348.117735745614
347.99065229257644
347.7211956521739
348.106737012987
347.7959994612069
347.63814377682405
347.5200988247863
347.85784574468084
348.0391287076271
349.92490770042195
350.00925682773106
350.3218488493724
350.4037109375
350.21122925311204
350.67652376033055
350.94097222222223
351.13390112704917
351.6977678571429
351.9063135162602
352.4729883603239
354.09564012096774
353.8141942771084
355.2573125
355.49894173306774
357.0938740079365
358.6025197628459
360.09793307086613
360.1799632352941
360.3082275390625
360.5985530155642
360.97953003875966
362.61830357142856
362.7928485576923
362.99275622605364
363.1524332061069
363.25077233840307
363.65678267045456
363.5298349056604
364.9889567669173
364.81302668539325
365.18633395522386
365.0444354089219
365.4178240740741
366.7324146678967
366.45036764705884
365.91031364468864
365.3486541970803
364.8165340909091
364.27015398550725
363.6771773465704
363.12084082733816
362.62584005376345
362.09508928571427
361.5396463523132
361.10167331560285
360.57486749116606
360.05881382042253
359.5884868421053
359.0550152972028
358.4939024390244
358.0061306423611
357.5044333910035
356.954525862069
356.4049076460481
355.82823202054794
355.1940593003413
354.5369897959184
353.9386122881356
353.34765625
352.7405829124579
352.11404152684565
351.505016722408
