nan
50.015625
57.6796875
59.010416666666664
58.9921875
62.45625
60.403645833333336
65.41964285714286
64.619140625
64.64236111111111
66.75625
67.12073863636364
67.71744791666667
67.4110576923077
66.828125
66.125
67.0966796875
67.5533088235294
69.63628472222223
71.13486842105263
73.08359375
74.01264880952381
76.54474431818181
77.89402173913044
79.021484375
80.745
79.99819711538461
80.77488425925925
82.95535714285714
84.1540948275862
83.84895833333333
84.62600806451613
84.57666015625
85.68607954545455
86.25827205882354
87.25223214285714
88.40885416666667
89.23690878378379
90.96175986842105
91.75560897435898
94.669140625
96.45350609756098
98.734375
100.25981104651163
102.3057528409091
103.42743055555556
105.59171195652173
108.5498670212766
111.068359375
114.41390306122449
116.3690625
118.73498774509804
121.08383413461539
123.4439858490566
124.18807870370371
125.01221590909091
126.00390625
127.88541666666667
129.52640086206895
130.35963983050848
132.27213541666666
133.95927254098362
136.0748487903226
137.76215277777777
138.85400390625
140.5519230769231
142.86316287878788
143.75839552238807
145.39935661764707
148.28985507246378
149.27120535714286
149.94344190140845
152.30164930555554
154.92658390410958
157.23521959459458
160.545625
164.42537006578948
166.7435064935065
169.07932692307693
171.94976265822785
173.8755859375
177.1172839506173
180.39005335365854
184.15060240963857
186.77864583333334
193.55055147058823
200.25835755813952
203.2972341954023
204.21448863636363
206.35726825842696
207.97569444444446
210.8497596153846
211.89504076086956
213.79939516129033
220.1896609042553
222.93322368421053
228.60660807291666
229.69329896907217
234.81648596938774
237.13873106060606
239.55609375
246.67017326732673
249.03462009803923
253.57888349514562
255.85081129807693
258.146875
263.2205188679245
265.35864485981307
267.4842303240741
272.5964736238532
277.2803977272727
279.1157094594595
279.9183872767857
281.5378871681416
285.515350877193
289.25815217391306
292.8341864224138
296.3572382478632
297.55733580508473
302.8815651260504
306.52330729166664
307.6510847107438
306.8671875
306.2992886178862
305.7970010080645
305.08675
304.5941220238095
304.19586614173227
303.5069580078125
303.1078003875969
302.61478365384613
301.7857824427481
301.643584280303
302.28500939849624
303.05153917910445
303.55497685185185
304.5248161764706
305.42506843065695
306.2188632246377
305.98718525179856
306.2302455357143
306.9020390070922
309.8448503521127
312.8230987762238
313.5251736111111
314.14881465517243
316.83583047945206
316.87786989795916
321.05796030405406
321.3932466442953
321.81697916666667
322.28828642384104
323.0279605263158
323.9810049019608
326.47767857142856
326.59092741935484
327.1063701923077
329.4403861464968
332.0723892405063
332.51660770440253
333.08759765625
333.42109860248445
334.20505401234567
336.5161042944785
338.6696836890244
339.5251893939394
339.9850338855422
340.68993263473055
340.9359188988095
341.8264607988166
342.06875
345.5487024853801
346.17296511627904
349.2092666184971
350.0288254310345
352.36848214285715
352.9736328125
355.19209039548025
355.7569346910112
357.70792597765364
358.2527777777778
358.12439571823205
360.3418612637363
360.4657616120219
362.8560631793478
363.48234797297295
363.9362399193548
364.53308823529414
364.8329454787234
365.00843253968253
365.6440789473684
365.90240510471205
366.4969889322917
365.8209196891192
366.3333601804124
366.01891025641027
367.64644451530614
367.28283629441626
366.62997159090907
366.38536432160805
365.653515625
365.97582400497515
367.9789603960396
368.58435960591135
368.61542585784315
369.12408536585366
368.62841322815535
370.579559178744
370.89798677884613
370.9989533492823
373.2338541666667
373.2468898104265
371.57193396226415
373.0839201877934
372.65369450934577
372.2553779069767
371.75889756944446
371.764400921659
371.3022505733945
371.41902111872145
371.1671875
372.5351385746606
372.29856418918916
373.84410033632287
374.31326729910717
376.5807638888889
376.89214601769913
378.4298595814978
378.6648163377193
0.0
377.2764266304348
376.808170995671
378.20043103448273
379.8031115879828
380.0251736111111
380.4915558510638
382.3936043432203
384.1104298523207
384.20227153361344
386.0140559623431
387.42408854166666
387.51698651452284
388.78525309917353
389.07111625514403
388.86597079918033
389.1942602040816
389.1770833333333
388.7634741902834
388.4298135080645
388.10686495983936
387.8985
387.42087898406373
386.72879464285717
386.1805212450593
385.75467519685037
385.09295343137256
384.7059326171875
384.1001337548638
383.54554263565893
382.96820704633205
382.3260817307692
381.82680795019155
381.5940481870229
381.99423716730035
382.0397135416667
382.258195754717
383.89473684210526
385.078359082397
386.88456156716416
388.25191682156134
388.25104166666665
389.53695802583024
389.82444852941177
391.2324862637363
391.25724224452557
391.3505113636364
392.7127490942029
392.8038131768953
392.87921537769785
394.20435707885304
394.26746651785714
393.9391681494662
393.8188164893617
393.497957155477
393.2004841549296
393.29627192982457
393.64204545454544
393.21477569686414
393.2536349826389
393.0936418685121
392.72095905172415
392.25118127147766
393.384845890411
392.9433127133106
392.4435586734694
392.0929555084746
391.7075591216216
391.39546506734007
390.9982172818792
390.56349289297657
