67.421875
93.09375
85.875
55.734375
75.859375
74.125
58.640625
49.09375
44.1875
81.6875
73.125
100.3125
79.109375
65.9375
60.953125
60.140625
109.484375
69.875
91.28125
81.390625
63.375
87.890625
127.03125
74.875
73.921875
85.90625
95.546875
97.953125
134.15625
100.046875
143.921875
106.96875
154.3125
137.59375
182.421875
187.59375
147.421875
222.625
181.5625
220.34375
171.0625
274.125
249.3125
218.640625
270.171875
187.40625
224.75
224.21875
264.09375
238.28125
343.140625
294.765625
271.5
283.671875
218.296875
307.578125
274.328125
530.9375
275.1875
364.890625
343.203125
373.390625
325.6875
351.734375
438.484375
485.203125
467.34375
399.546875
395.828125
413.46875
742.296875
778.3125
789.9375
762.421875
488.4375
776.3125
448.796875
725.59375
465.734375
399.90625
483.65625
749.765625
787.890625
766.953125
455.859375
852.546875
815.703125
0.0
241.171875
874.578125
867.453125
0.0
250.09375
461.796875
490.65625
484.546875
491.453125
767.578125
733.796875
436.953125
367.015625
434.015625
0.0
251.984375
472.78125
759.9375
721.75
758.796875
708.78125
400.015625
427.921875
915.359375
815.734375
473.90625
403.015625
725.03125
828.734375
462.984375
400.015625
462.0
486.75
439.96875
384.015625
828.234375
470.78125
447.75
395.984375
404.015625
840.25
759.59375
714.59375
908.46875
783.046875
805.921875
784.09375
919.765625
756.125
831.875
741.109375
877.84375
938.640625
772.59375
322.015625
385.015625
394.015625
382.0
328.015625
290.015625
339.015625
274.015625
356.015625
268.015625
215.015625
215.015625
218.015625
227.015625
213.015625
232.015625
235.015625
226.015625
223.015625
224.015625
265.015625
276.015625
303.015625
264.015625
241.015625
279.015625
332.015625
387.984375
298.015625
241.015625
272.015625
223.015625
213.015625
221.015625
220.015625
209.015625
238.015625
205.03125
215.015625
14.09375
273.96875
204.015625
219.015625
220.015625
209.015625
198.03125
191.046875
198.015625
214.015625
742.796875
788.953125
493.90625
795.8125
928.25
438.015625
472.0
745.953125
768.015625
724.0
469.015625
710.140625
453.015625
308.015625
720.171875
880.671875
908.625
466.015625
787.03125
0.0
221.296875
249.015625
258.015625
241.015625
247.015625
245.015625
247.015625
252.015625
310.015625
248.015625
202.015625
225.015625
225.015625
214.015625
228.015625
217.015625
213.03125
213.015625
221.015625
219.015625
254.015625
264.015625
264.015625
324.015625
280.015625
260.015625
274.015625
261.015625
262.015625
299.015625
276.03125
482.3125
276.015625
292.015625
380.0
290.015625
329.015625
284.015625
265.015625
721.15625
703.640625
297.015625
295.015625
297.015625
311.015625
473.5
285.015625
330.015625
275.015625
393.953125
303.015625
842.5
475.0
809.859375
488.0
830.0625
817.96875
779.0625
0.0
282.0625
348.015625
224.015625
195.015625
215.015625
211.015625
211.015625
223.015625
215.015625
205.015625
206.015625
297.609375
300.015625
257.015625
286.015625
299.015625
257.015625
231.015625
242.015625
250.015625
253.015625
232.015625
220.03125
298.015625
224.015625
237.03125
312.015625
248.015625
319.015625
286.015625
