50.015625
65.34375
61.671875
58.9375
76.3125
50.140625
95.515625
59.015625
64.828125
85.78125
70.765625
74.28125
63.734375
59.25
56.28125
81.671875
74.859375
105.046875
98.109375
110.109375
92.59375
129.71875
107.578125
104.953125
122.109375
61.328125
100.96875
141.828125
117.71875
75.0
107.9375
83.046875
121.1875
105.140625
121.046875
128.890625
119.046875
154.78125
121.921875
208.296875
167.828125
192.25
164.328125
190.28125
152.78125
202.984375
244.625
229.4375
275.0
212.171875
237.03125
240.875
246.171875
163.625
169.515625
180.546875
233.25
223.0625
178.6875
245.109375
235.1875
265.125
242.375
207.640625
249.21875
293.09375
202.84375
255.34375
344.84375
216.984375
197.0
319.734375
343.921875
325.765625
405.515625
455.40625
342.921875
348.9375
395.84375
326.015625
436.453125
445.484375
492.515625
404.90625
762.390625
770.421875
464.640625
284.015625
394.921875
352.015625
469.515625
307.015625
389.0
814.484375
480.828125
767.578125
334.015625
731.765625
464.71875
478.875
958.078125
487.84375
717.09375
489.859375
496.9375
795.953125
492.0
494.921875
824.71875
787.828125
481.0
369.015625
462.921875
734.96875
715.9375
704.078125
705.03125
437.96875
931.140625
739.890625
442.984375
212.015625
237.015625
244.015625
217.015625
243.015625
254.015625
216.015625
252.015625
239.015625
194.015625
283.015625
386.953125
405.0
371.015625
435.453125
427.859375
414.96875
274.015625
340.015625
400.953125
724.78125
735.734375
413.921875
403.953125
706.453125
323.015625
935.53125
371.015625
384.953125
392.984375
434.71875
468.84375
708.46875
344.03125
407.0
693.546875
745.296875
402.703125
423.875
386.78125
460.421875
710.90625
689.703125
479.828125
415.859375
457.703125
382.015625
491.4375
383.015625
937.140625
452.921875
871.453125
491.8125
759.46875
458.875
745.640625
455.734375
704.984375
455.78125
335.015625
761.703125
383.015625
800.28125
478.71875
447.90625
475.546875
420.90625
398.0
485.78125
414.984375
480.0625
236.015625
465.234375
305.015625
685.015625
296.015625
238.015625
317.953125
220.015625
430.4375
770.609375
490.875
374.921875
472.890625
267.015625
772.515625
436.8125
392.0
840.328125
375.984375
18.15625
693.625
281.015625
287.015625
265.015625
372.953125
271.015625
396.875
316.015625
673.484375
320.015625
716.953125
478.9375
884.5
446.953125
725.953125
432.0
438.0
0.0
269.109375
699.8125
751.625
431.765625
489.625
829.375
789.28125
405.96875
817.21875
724.421875
409.8125
694.4375
458.25
339.015625
469.296875
384.96875
287.015625
306.015625
308.015625
336.015625
268.015625
213.015625
248.015625
278.015625
217.015625
286.015625
229.015625
241.015625
234.015625
216.015625
252.015625
320.84375
486.84375
394.0
439.9375
817.578125
699.921875
869.140625
754.703125
388.015625
736.734375
467.734375
774.21875
398.015625
416.90625
767.328125
417.9375
413.765625
762.59375
411.875
302.015625
360.0
303.015625
309.015625
420.5
492.1875
271.015625
404.40625
347.015625
285.015625
256.015625
723.28125
264.015625
246.015625
289.015625
278.015625
299.015625
273.015625
261.015625
250.015625
