447755697.0
508509029.0
569477971.0
660083548.0
739515007.0
815977975.0
926428068.0
989969727.0
1056715034.0
1128144107.0
1174434294.0
1248638520.0
1323117889.0
1397683156.0
1487207853.0
1549863615.0
1641642521.0
1714062585.0
1850180935.0
1957481034.0
2037657322.0
2135694169.0
2257594943.0
2362120742.0
2472094822.0
2626619622.0
2740494938.0
2865787553.0
3014880627.0
3162665366.0
3284876470.0
3426776610.0
3614725286.0
3767525933.0
3926656768.0
4123035115.0
4289184403.0
4410439211.0
4586640814.0
4865385223.0
5081312113.0
5345290239.0
5552312827.0
5794529867.0
6020698684.0
6221589654.0
6542938271.0
6755930390.0
7112261912.0
7351916685.0
7657041628.0
7963995805.0
8297984811.0
8662373647.0
9108195344.0
9489086502.0
9791840169.0
10339653971.0
10761754659.0
11402346936.0
11884716708.0
12277963769.0
12801407940.0
13281132324.0
13799121042.0
14301556845.0
14735372588.0
15246067742.0
15647512252.0
16434153014.0
16912839398.0
17801882057.0
18392038886.0
18834097031.0
19378280471.0
19892608963.0
20362920713.0
20912811831.0
21445501587.0
22038613158.0
22556774201.0
23081892395.0
23659173985.0
24557993841.0
25135194539.0
25608196335.0
26071173065.0
26952573935.0
27378137792.0
27846078082.0
28697029848.0
28970066995.0
29812025452.0
30376685467.0
30871648336.0
31398763214.0
31891540931.0
32300871230.0
32737043778.0
33266008228.0
33671600540.0
34684340672.0
35270541585.0
35837139656.0
36398652031.0
37277750716.0
37837207975.0
38850924699.0
39459682641.0
40020042463.0
41023013280.0
41924366559.0
42461794377.0
42909912526.0
43752121721.0
44206642919.0
44746552711.0
45252585538.0
45707255141.0
46523683456.0
47034647891.0
47863712312.0
48155957960.0
48448288506.0
48702024039.0
48939268280.0
49155939051.0
49427692557.0
49711784328.0
50006130063.0
50293137389.0
50668541895.0
50975391551.0
51321394844.0
51627561461.0
51931962957.0
52287443133.0
52663658546.0
52966360265.0
53286429094.0
53635653385.0
53946608692.0
54301825681.0
54681145721.0
55231699862.0
55578710998.0
56192079931.0
57081924052.0
57521542374.0
57850455687.0
58380407285.0
58640709349.0
58980248763.0
59299571993.0
59634763704.0
59912231786.0
60302568443.0
60607055188.0
60867335742.0
61197694206.0
61510581178.0
62054957994.0
63070697541.0
64023373856.0
65008455626.0
65532478439.0
66083272097.0
66630671381.0
67174431527.0
68071157598.0
68667081269.0
68962638000.0
69392347815.0
69718942963.0
70073674850.0
70490408217.0
70914681168.0
71305357100.0
71729007064.0
71991878730.0
72543234361.0
73508130825.0
74441363425.0
75383685336.0
75991065508.0
76910201950.0
77789706595.0
78160781524.0
78520072154.0
78874193518.0
79860753731.0
80077302722.0
80355534852.0
80620724026.0
80887464138.0
81136354316.0
81365052024.0
81631588348.0
81862728960.0
82116695408.0
82350269155.0
82627557032.0
82912858246.0
83184235162.0
83529791618.0
83817688742.0
84098239404.0
84386751700.0
84661647693.0
84949407138.0
85362095954.0
85779363721.0
86680708679.0
87189583641.0
88046535844.0
88913734357.0
89255408292.0
89785182268.0
90265852604.0
91122176092.0
91702684030.0
92580930883.0
92991511059.0
93346667692.0
93641359195.0
94182931797.0
94675042577.0
94973835495.0
95355439335.0
95700542516.0
96224900087.0
96568529732.0
96949525464.0
97333181735.0
97832738191.0
98269987262.0
99250155693.0
99695679126.0
100206573961.0
100650531095.0
101026625868.0
101611087621.0
102128431714.0
102615799316.0
103232861135.0
103743671375.0
104346156930.0
105290291742.0
105650772747.0
106513001391.0
107009953291.0
107934319020.0
108837704225.0
109766266952.0
110221018253.0
110689523106.0
111208495450.0
111765506889.0
112736977192.0
113226902430.0
113728668235.0
114226942912.0
114711302470.0
115212998996.0
115603024507.0
116539302908.0
116916782892.0
117418153341.0
117818113496.0
118392979801.0
119293506151.0
119652191578.0
119923462229.0
120150934790.0
120380528526.0
120627796851.0
120867058301.0
121091159688.0
121361844273.0
121620232609.0
121866103416.0
122151240858.0
122389477744.0
122614966536.0
122890270991.0
123153277134.0
123404422788.0
123677246209.0
123934528117.0
124175967771.0
124420809012.0
124653915717.0
124857486170.0
125051367778.0
125264439877.0
125478885574.0
125688058442.0
125879228184.0
126064194888.0
126261216875.0
