436418740.0
508274867.0
596228037.0
695374468.0
798566853.0
892083531.0
974112700.0
1042827605.0
1098473754.0
1181139093.0
1272177434.0
1364836232.0
1442714755.0
1517570256.0
1618759026.0
1695380473.0
1776277704.0
1875839406.0
2030079714.0
2126576419.0
2248607154.0
2362520360.0
2450413441.0
2542830643.0
2694593355.0
2808890453.0
2914709013.0
3071746025.0
3186357383.0
3252993440.0
3389133889.0
3533231643.0
3620927662.0
3740291262.0
3904746685.0
4059879623.0
4207258435.0
4395759215.0
4593287972.0
4907908122.0
5083713060.0
5223611751.0
5404358114.0
5655588932.0
5848579452.0
6074256898.0
6406340296.0
6633357756.0
6845095941.0
7050148006.0
7299077868.0
7625880724.0
7942865580.0
8251872473.0
8535590367.0
8843656397.0
9102417990.0
9464033933.0
10210836067.0
10597444860.0
10925883571.0
11298014147.0
11767091534.0
12100592072.0
12552574009.0
13010695951.0
13499424632.0
13855976085.0
14409516906.0
14820099967.0
15280192312.0
15813857034.0
16337487960.0
16854289505.0
17376152355.0
18250400552.0
18757164653.0
19261456018.0
20169200807.0
21115095367.0
0.0
22509432661.0
0.0
23957921596.0
24873166000.0
25860857993.0
26434867781.0
0.0
27884179661.0
28434764826.0
29348403927.0
29810962322.0
30753338465.0
31361271705.0
31902926933.0
32908819963.0
33403590443.0
33896295828.0
34832943089.0
35336611306.0
35808267301.0
36325666557.0
37304895207.0
37862334425.0
38350340638.0
39227253676.0
40171558376.0
40720964627.0
41612822033.0
42125292885.0
42675319943.0
42956846255.0
43248724888.0
43626638426.0
43939681557.0
44278372065.0
44578480462.0
44850370390.0
45107798068.0
45458257592.0
45709574836.0
46140798396.0
46475989396.0
46856220711.0
47223444904.0
47645358609.0
48073798298.0
48428635486.0
48819535355.0
49251875142.0
49585317929.0
49841029175.0
50685531813.0
51549457594.0
52066217607.0
52388523245.0
52749899488.0
53234129063.0
53595248507.0
54025690844.0
54375010610.0
54615889728.0
54912146970.0
55226021659.0
55517730394.0
55950733582.0
56410679953.0
56845239205.0
57165479634.0
57458538220.0
57868099274.0
58190183966.0
58427874377.0
58653863372.0
58878036222.0
59163044835.0
59398335994.0
59618726350.0
59942692082.0
60235586501.0
60467345761.0
60912457099.0
61298882828.0
61862101359.0
62722986684.0
63056636541.0
63621348786.0
64076784373.0
65016356403.0
65538681301.0
65917575639.0
66768041001.0
67261983020.0
68183654253.0
69049028261.0
69526059502.0
70384387913.0
70967954490.0
71530021234.0
72095885566.0
72942809975.0
73432056373.0
73748690411.0
74101918842.0
74598405640.0
74898008058.0
75296243229.0
75668581224.0
76513057577.0
76814065382.0
77198173246.0
77496841095.0
78407586563.0
78985656778.0
80007183021.0
80518724514.0
81431575677.0
81948095429.0
82876002356.0
83963212308.0
84441967997.0
85380849000.0
85677234580.0
86082414818.0
86471102674.0
86885907643.0
87226818022.0
87544424079.0
87843475135.0
88259470793.0
88625344381.0
88964911478.0
89499485329.0
89973718770.0
90844445752.0
91425344290.0
91766371092.0
92246784895.0
92620247023.0
93470438950.0
93891427447.0
94499079669.0
95061721739.0
95633164048.0
0.0
97238347475.0
98182800524.0
99073491523.0
99632607852.0
100678238127.0
101722049205.0
102537537218.0
102845244982.0
103091633560.0
103400846418.0
103898696426.0
104195598445.0
104559264842.0
104865301569.0
105179395504.0
105452644994.0
105757175949.0
106210350556.0
107208477632.0
107691864669.0
108509986465.0
109064401001.0
109423803413.0
110269229282.0
110835502017.0
111397090000.0
111719644737.0
112036241880.0
112297778172.0
112603225410.0
112845202743.0
113110765074.0
113356676748.0
113636108108.0
113901929488.0
114156160118.0
114480071961.0
114918721355.0
115290191639.0
115778515984.0
116211053949.0
116614543797.0
117149417286.0
117550364847.0
117903928971.0
118262164532.0
118783797450.0
119826300216.0
120975809494.0
121912270648.0
122484193134.0
123433114943.0
124395766171.0
124921539795.0
125991285601.0
126967727814.0
128117954052.0
129006020940.0
130049333762.0
0.0
131586618040.0
132714441134.0
133693758689.0
0.0
135189450198.0
136261882399.0
136707324323.0
137679509758.0
138786496727.0
0.0
140398425488.0
141458596414.0
142557762961.0
143534569580.0
144575334675.0
