423494154.0
535078863.0
652868941.0
735110173.0
825896870.0
912488710.0
980607346.0
1037450625.0
1089035678.0
1184321628.0
1269745698.0
1387920295.0
1480460892.0
1557008526.0
1628420807.0
1698573906.0
1827281320.0
1909054125.0
2016058729.0
2111073892.0
2184221021.0
2288856846.0
2439851244.0
2528544157.0
2615941633.0
2709658834.0
2814373429.0
2921939959.0
3063463009.0
3172010037.0
3341985062.0
3467494207.0
3647981506.0
3808428793.0
4022504456.0
4242715675.0
4416053836.0
4677539945.0
4890845884.0
5144973543.0
5343336024.0
5667516229.0
5961665399.0
6219365136.0
6539257090.0
6759978267.0
7024876883.0
7289919296.0
7599502336.0
7880864998.0
8270060655.0
8605267680.0
8931554734.0
9261925081.0
9515462000.0
9876820776.0
10204863135.0
10838943345.0
11157688576.0
11581976624.0
11982426289.0
12418360140.0
12802753794.0
13228082756.0
13764274982.0
14344286686.0
14893885205.0
15373737271.0
15851774802.0
16336367243.0
17225080934.0
18131988988.0
19028219909.0
19909706823.0
20487826402.0
21417135290.0
21959475799.0
22799686988.0
23359911502.0
23842337773.0
24407778656.0
25302006129.0
26245647516.0
27160637179.0
27731895442.0
28676419293.0
29641687745.0
0.0
31121038948.0
32198673572.0
33244238655.0
0.0
34743422917.0
35301426258.0
35875077245.0
36448885451.0
37065629027.0
37988229508.0
38857293706.0
39389541044.0
39842085758.0
40388269929.0
0.0
41918854226.0
42479127750.0
43383212706.0
44288086036.0
45185774610.0
46035285404.0
46527736271.0
47029078005.0
48125720444.0
49097953213.0
49670105488.0
50159542132.0
51040840786.0
52039398547.0
52595085469.0
53088772886.0
53645389967.0
54236082909.0
54781690993.0
55242299838.0
56262132587.0
56842292877.0
57395243965.0
57883771245.0
58380736175.0
59390702204.0
60257604875.0
61070588474.0
62158388486.0
63097333438.0
64065152628.0
65005333365.0
66117948926.0
67062313134.0
68088351597.0
69002902833.0
70073712242.0
71167218894.0
72089860341.0
72454551643.0
72886146643.0
73379416709.0
73865246524.0
74266904914.0
74618447628.0
75031607069.0
75364081165.0
75788911721.0
76079735493.0
76307185188.0
76562290382.0
76825035616.0
77095649138.0
77347218042.0
77631857791.0
77922340164.0
78192562329.0
78461422276.0
78738219164.0
79064200417.0
79403018931.0
79734938782.0
80052447052.0
80341810122.0
80655099558.0
81023689124.0
81476245624.0
81849231824.0
82139879605.0
82464163499.0
82715262777.0
82940871933.0
83204999331.0
83473496724.0
83728771850.0
84019357322.0
84268839711.0
84530188292.0
84548164211.0
84882508937.0
85131752400.0
85398696889.0
85666460707.0
85920723894.0
86161258109.0
86394196708.0
86634778281.0
86886141107.0
87764674665.0
88706653147.0
89314704946.0
90281725053.0
91413575286.0
91941453086.0
92507336936.0
93425685337.0
94379396092.0
95247068942.0
95805106965.0
96677016640.0
97245735087.0
97616287210.0
98503012319.0
99590304634.0
100715060338.0
101274566499.0
102229825451.0
0.0
103670879175.0
103973747474.0
104291344154.0
104574046663.0
104845296228.0
105142015065.0
105442636881.0
105749699560.0
106127480507.0
106430247271.0
106674097405.0
106952150480.0
107233532185.0
107496785253.0
107786734433.0
108053321723.0
108312754197.0
108571950757.0
108841258794.0
109108562808.0
109415816474.0
109736031950.0
110051564078.0
110435554812.0
110776675031.0
111093809841.0
111428051093.0
111741329941.0
112053234034.0
112409305885.0
112738971868.0
113300587205.0
113609476816.0
113921284419.0
114399395569.0
114767408588.0
115160320244.0
115498736061.0
115818696782.0
116703586740.0
117565382578.0
117937012079.0
118310936568.0
118687574440.0
119081881463.0
119642740892.0
119989941581.0
120392526112.0
120727873554.0
121203685127.0
121547844597.0
122555684057.0
123152816605.0
124152171122.0
124748410370.0
125759751222.0
126808268643.0
127774317512.0
0.0
129348646035.0
129733781478.0
129980584219.0
130198472252.0
130446157687.0
130704220713.0
130961032714.0
131226196857.0
131481880619.0
131725174840.0
131965930628.0
132343429430.0
132724059165.0
133038493699.0
133377935406.0
133732823962.0
134047123123.0
134329909259.0
134599898116.0
134897989029.0
135202245420.0
135484824576.0
135757318830.0
136121933239.0
136394068368.0
136682981378.0
137063014253.0
137365762939.0
137717104390.0
138068202042.0
