435858065.0
523364259.0
589316435.0
649543372.0
720091276.0
801780405.0
872008214.0
955861111.0
1022953256.0
1085493068.0
1153098697.0
1267823453.0
1380541631.0
1456498811.0
1550435350.0
1638351914.0
1735665130.0
1817012856.0
1907640416.0
2006099611.0
2117063043.0
2234458700.0
2376350615.0
2458839108.0
2554514971.0
2709025497.0
2819998454.0
2963672126.0
3055819049.0
3192525847.0
3314086619.0
3409998679.0
3631553121.0
3843779648.0
4002880783.0
4173928127.0
4305287033.0
4449996599.0
4608849377.0
4791291237.0
4957669355.0
5138577781.0
5389782833.0
5683644027.0
5851130314.0
6033613530.0
6272557420.0
6443779595.0
6587193572.0
6773485719.0
7008064573.0
7271204121.0
7621279405.0
8053254998.0
8398398686.0
8798128869.0
9185940255.0
9594499941.0
10005815819.0
10824173126.0
11186144888.0
11559542158.0
11998195165.0
12365758672.0
12750140458.0
13149930467.0
13559141041.0
14081950728.0
14543462691.0
15373241207.0
15840744634.0
16275385335.0
16670675645.0
17569384328.0
18080470194.0
18572226043.0
19050601599.0
19569246294.0
19983462708.0
20458370749.0
21306234259.0
22410127608.0
22905041479.0
23408899185.0
24293646400.0
24870241163.0
25347130812.0
26269140554.0
27222349328.0
27685073639.0
28273985228.0
28833527209.0
29904257260.0
30836107702.0
31652506519.0
32516462642.0
33452423814.0
34411427953.0
35300435179.0
36175814233.0
37150852834.0
37502517772.0
37860388983.0
38167046253.0
38582833793.0
39071370443.0
39867630809.0
40741918137.0
41293156594.0
41634144411.0
42163705827.0
42638502273.0
43084446497.0
43610912522.0
44135972257.0
44737205678.0
45204667958.0
45778042151.0
46672357758.0
47626217792.0
48145067180.0
48670004366.0
49252031883.0
49808078507.0
50713103127.0
0.0
52260379988.0
52826353831.0
53364620026.0
54365826418.0
54900178114.0
55767437946.0
56593326120.0
57148151919.0
57748370465.0
58347154479.0
59352122074.0
59922514871.0
60483653931.0
61689988321.0
62168831340.0
62751668864.0
63598515450.0
64079077439.0
64525597000.0
65318399624.0
66231887082.0
66740169743.0
67604291822.0
68052449349.0
69002219311.0
69862427966.0
70887124228.0
71695037336.0
72234646763.0
72620515519.0
73026177088.0
73569199245.0
74102277346.0
74682678290.0
75268104497.0
76378258786.0
77294839561.0
78306798312.0
78781409654.0
79734909183.0
80621643808.0
81201320738.0
81750315844.0
82281271460.0
83127578780.0
84019423436.0
0.0
85658287575.0
86774279459.0
87847995646.0
88844749621.0
89895371950.0
90809722099.0
91830786587.0
92882723513.0
93317240838.0
93734047256.0
94205281731.0
94753341832.0
95135713126.0
95567593789.0
95973520284.0
96307011481.0
96629686061.0
97071038835.0
97997555002.0
98552437959.0
99425111102.0
100458949336.0
101484833631.0
102482334652.0
0.0
104028646968.0
0.0
105607735964.0
105980254075.0
106278643834.0
106594895681.0
106899486445.0
107235888746.0
107641736985.0
107941353807.0
108345571589.0
108738983622.0
109042365090.0
109289491347.0
109549638418.0
109822795216.0
110095928645.0
110384250949.0
110662724328.0
110918246549.0
111176379336.0
111434710247.0
111722765105.0
112523074541.0
113567195846.0
114589226857.0
115720699757.0
116303963640.0
117205655041.0
118394342951.0
118958970057.0
119817458860.0
120388620605.0
120974619798.0
121950230204.0
122519029337.0
123555774487.0
124477272917.0
125042385402.0
126113797904.0
127067823008.0
128154855647.0
129122695491.0
130165834625.0
131126791644.0
131665414214.0
132647213700.0
133196087581.0
133727017781.0
134701726065.0
135250016501.0
135787319792.0
136718828821.0
137267161933.0
138215954458.0
138722749411.0
139575718538.0
140487597695.0
141036378588.0
141628410430.0
142203270854.0
143048539972.0
143568161493.0
144543206313.0
144954172538.0
145896675548.0
146773195822.0
147727317841.0
148657274427.0
149565858221.0
150502029670.0
151404374973.0
152330985953.0
152832492889.0
153366001013.0
153766581526.0
154205094207.0
155066527450.0
155540592875.0
156107191518.0
156599422376.0
157437242765.0
157970565676.0
158490621712.0
0.0
160098276088.0
161027954887.0
161575183732.0
162445155486.0
162939614558.0
163823094167.0
164406778228.0
165487048495.0
166482339379.0
167424282184.0
168227531835.0
169359654698.0
170245840691.0
170725689498.0
171694359395.0
172600391671.0
173502424984.0
