28.0
43.0
38.0
33.25
29.8
28.666666666666668
27.142857142857142
27.875
28.555555555555557
26.7
26.545454545454547
26.416666666666668
25.076923076923077
24.5
24.533333333333335
24.3125
24.294117647058822
23.88888888888889
23.57894736842105
23.55
23.428571428571427
23.181818181818183
24.217391304347824
24.208333333333332
24.08
23.807692307692307
24.40740740740741
24.392857142857142
24.689655172413794
24.466666666666665
24.258064516129032
25.15625
24.818181818181817
24.41176470588235
24.057142857142857
24.38888888888889
24.62162162162162
24.342105263157894
24.0
23.65
23.390243902439025
23.261904761904763
23.325581395348838
23.045454545454547
23.022222222222222
22.956521739130434
22.93617021276596
22.854166666666668
22.877551020408163
23.04
22.941176470588236
22.884615384615383
23.264150943396228
23.685185185185187
24.0
23.839285714285715
23.92982456140351
24.224137931034484
24.033898305084747
23.983333333333334
23.868852459016395
24.225806451612904
24.015873015873016
23.9375
23.784615384615385
23.666666666666668
23.47761194029851
23.38235294117647
23.347826086956523
23.2
23.140845070422536
23.291666666666668
23.45205479452055
23.324324324324323
23.186666666666667
23.19736842105263
23.181818181818183
23.025641025641026
22.873417721518987
22.8875
22.839506172839506
23.195121951219512
23.10843373493976
23.214285714285715
23.094117647058823
23.325581395348838
23.632183908045977
23.579545454545453
23.95505617977528
24.1
24.087912087912088
24.282608695652176
24.118279569892472
24.138297872340427
24.25263157894737
24.1875
24.123711340206185
23.989795918367346
24.232323232323232
24.26
24.257425742574256
24.147058823529413
24.097087378640776
24.08653846153846
24.247619047619047
24.22641509433962
24.869158878504674
24.77777777777778
24.788990825688074
24.918181818181818
25.036036036036037
25.008928571428573
25.106194690265486
25.333333333333332
25.243478260869566
25.25862068965517
25.35042735042735
25.372881355932204
25.34453781512605
25.291666666666668
25.289256198347108
25.270491803278688
25.471544715447155
25.491935483870968
25.472
25.595238095238095
25.559055118110237
25.484375
25.511627906976745
25.476923076923075
25.404580152671755
25.416666666666668
25.360902255639097
25.30597014925373
25.251851851851853
25.36764705882353
25.598540145985403
25.557971014492754
25.489208633093526
25.47142857142857
25.48936170212766
25.450704225352112
25.37062937062937
25.47222222222222
25.47586206896552
25.424657534246574
25.551020408163264
25.472972972972972
25.416107382550337
25.473333333333333
25.662251655629138
26.05263157894737
26.019607843137255
26.032467532467532
25.93548387096774
25.955128205128204
26.070063694267517
26.145569620253166
26.52201257861635
26.46875
26.565217391304348
26.493827160493826
26.496932515337424
26.408536585365855
26.515151515151516
26.93975903614458
26.922155688622755
26.982142857142858
26.893491124260354
26.8
26.941520467836256
27.023255813953487
27.127167630057805
27.149425287356323
27.388571428571428
27.477272727272727
27.491525423728813
27.54494382022472
28.0
28.155555555555555
28.104972375690608
28.115384615384617
28.3224043715847
28.47826086956522
28.88108108108108
28.822580645161292
28.941176470588236
28.898936170212767
28.793650793650794
28.773684210526316
28.81151832460733
28.786458333333332
28.797927461139896
28.70618556701031
28.656410256410258
28.596938775510203
28.548223350253807
28.606060606060606
28.608040201005025
28.665
28.766169154228855
28.747524752475247
28.7192118226601
29.151960784313726
29.195121951219512
29.12135922330097
29.193236714975846
29.759615384615383
29.736842105263158
29.961904761904762
29.928909952606634
30.25
30.211267605633804
30.518691588785046
30.47906976744186
30.805555555555557
30.783410138248847
30.889908256880734
31.054794520547944
31.054545454545455
31.063348416289593
31.027027027027028
31.09865470852018
31.285714285714285
31.702222222222222
32.02654867256637
31.96035242290749
32.14912280701754
32.275109170305676
32.256521739130434
32.28138528138528
32.21551724137931
32.17596566523605
32.26068376068376
32.59148936170213
32.69491525423729
33.0253164556962
33.07142857142857
33.12133891213389
33.083333333333336
33.15767634854772
33.15702479338843
33.135802469135804
33.65573770491803
33.97142857142857
34.23170731707317
34.61943319838057
35.00403225806452
35.31325301204819
35.36
35.32669322709163
36.01587301587302
35.944664031620555
36.01574803149607
35.98823529411764
35.91796875
36.29182879377432
36.41860465116279
36.35521235521235
36.55769230769231
36.701149425287355
36.83587786259542
37.053231939163496
37.015151515151516
37.16603773584906
37.266917293233085
37.52808988764045
37.57835820895522
37.75836431226766
38.474074074074075
38.656826568265686
39.04779411764706
39.336996336996336
39.72992700729927
40.236363636363635
40.742753623188406
41.111913357400724
41.84532374100719
41.87096774193548
42.05357142857143
42.16725978647687
42.5354609929078
42.85512367491166
43.179577464788736
43.71578947368421
44.11188811188811
44.508710801393725
44.833333333333336
45.45328719723183
45.92758620689655
46.402061855670105
46.81164383561644
47.21160409556314
47.666666666666664
48.0406779661017
48.189189189189186
48.91582491582491
49.43624161073826
49.98996655518395
50.8
51.62126245847176
52.019867549668874
52.62376237623762
53.06907894736842
53.665573770491804
54.3202614379085
54.90228013029316
55.41558441558441
55.78964401294498
56.87741935483871
58.30225080385852
58.25320512820513
58.846645367412144
59.16242038216561
59.75555555555555
60.322784810126585
61.214511041009466
62.594339622641506
63.087774294670844
64.053125
65.41121495327103
66.72360248447205
68.06501547987617
68.15123456790124
69.48
70.1441717791411
71.09785932721712
71.65853658536585
72.33434650455926
73.63030303030303
73.61631419939577
74.1355421686747
75.41441441441441
76.00299401197604
77.26865671641791
77.73511904761905
78.98813056379822
80.23372781065089
81.1386430678466
82.37058823529412
83.59530791788856
84.81286549707602
86.02332361516035
86.3953488372093
87.59420289855072
88.78612716763006
89.97118155619597
91.14942528735632
92.32091690544412
93.37714285714286
94.53561253561253
95.6875
96.8328611898017
97.2316384180791
98.36619718309859
99.49438202247191
100.61624649859944
101.73184357541899
102.84122562674095
103.94444444444444
105.0415512465374
106.13259668508287
107.21763085399449
108.2967032967033
109.36986301369863
110.43715846994536
111.49863760217984
112.55434782608695
113.60433604336043
114.64864864864865
115.68733153638814
116.72043010752688
117.7479892761394
118.77005347593582
119.78666666666666
120.79787234042553
121.80371352785146
122.80423280423281
123.7994722955145
124.78947368421052
125.77427821522309
126.75392670157068
127.72845953002611
128.69791666666666
129.66233766233765
130.6217616580311
131.5762273901809
132.5257731958763
133.47043701799487
134.4102564102564
135.34526854219948
136.27551020408163
137.20101781170484
138.12182741116752
139.0379746835443
139.94949494949495
140.85642317380353
141.75879396984925
142.65664160401002
143.55
144.43890274314214
145.3233830845771
146.20347394540943
147.07920792079207
147.9506172839506
148.8177339901478
149.6805896805897
150.5392156862745
151.39364303178485
152.2439024390244
153.09002433090023
153.93203883495147
154.76997578692493
155.60386473429952
156.43373493975903
157.2596153846154
158.08153477218227
158.89952153110048
159.71360381861575
160.52380952380952
161.33016627078385
162.13270142180096
162.93144208037825
163.72641509433961
164.51764705882354
165.30516431924883
166.08899297423886
166.86915887850466
167.64568764568764
168.41860465116278
169.1879350348028
169.9537037037037
170.71593533487297
171.47465437788017
172.22988505747125
172.9816513761468
173.72997711670482
174.47488584474885
175.21640091116174
175.95454545454547
176.68934240362813
177.420814479638
178.1489841986456
178.87387387387386
179.59550561797752
180.31390134529147
181.02908277404921
181.74107142857142
182.4498886414254
183.15555555555557
183.8580931263858
184.55752212389382
185.25386313465785
185.94713656387665
186.63736263736263
187.32456140350877
188.00875273522976
188.68995633187774
189.3681917211329
190.04347826086956
190.71583514099783
191.3852813852814
192.05183585313176
192.7155172413793
193.3763440860215
194.0343347639485
194.68950749464668
195.34188034188034
195.99147121535182
196.63829787234042
197.2823779193206
197.92372881355934
198.56236786469344
199.1983122362869
199.83157894736843
200.46218487394958
201.0901467505241
201.7154811715481
202.3382045929019
202.95833333333334
203.57588357588358
204.1908713692946
204.80331262939958
205.41322314049586
206.02061855670104
206.6255144032922
207.22792607802876
207.827868852459
208.42535787321063
209.0204081632653
209.6130346232179
210.20325203252034
210.79107505070994
211.3765182186235
211.95959595959596
212.54032258064515
213.11871227364185
213.69477911646587
214.2685370741483
214.84
215.40918163672654
215.9760956175299
216.54075546719682
217.1031746031746
217.66336633663366
218.22134387351778
218.77712031558187
219.33070866141733
219.8821218074656
220.4313725490196
220.9784735812133
221.5234375
222.0662768031189
222.6070038910506
223.14563106796118
223.68217054263565
224.2166344294004
224.74903474903476
225.27938342967244
225.80769230769232
226.33397312859884
226.8582375478927
227.38049713193118
227.90076335877862
228.41904761904763
228.93536121673003
229.44971537001896
229.96212121212122
230.4725897920605
230.9811320754717
231.48775894538608
231.99248120300751
232.4953095684803
232.99625468164794
233.49532710280374
233.99253731343285
234.48789571694599
234.9814126394052
235.47309833024119
235.96296296296296
236.45101663585953
236.93726937269372
237.42173112338858
237.90441176470588
238.38532110091742
238.86446886446888
239.3418647166362
239.8175182481752
240.29143897996357
240.76363636363635
241.23411978221415
241.70289855072463
242.16998191681736
242.63537906137185
243.0990990990991
243.5611510791367
244.02154398563735
244.48028673835125
244.93738819320214
245.39285714285714
245.84670231729055
246.29893238434164
246.74955595026643
247.19858156028369
247.64601769911505
248.09187279151942
248.53615520282187
248.9788732394366
249.4200351493849
249.859649122807
250.29772329246936
250.73426573426573
251.1692844677138
251.60278745644598
252.03478260869565
252.46527777777777
252.894280762565
253.32179930795849
253.74784110535407
254.17241379310346
254.59552495697073
255.0171821305842
255.43739279588337
255.85616438356163
256.2735042735043
256.68941979522185
257.1039182282794
257.5170068027211
257.9286926994907
258.33898305084745
258.74788494077836
259.1554054054054
259.5615514333895
259.96632996632997
260.3697478991597
260.7718120805369
261.1725293132328
261.571906354515
261.9699499165275
262.3666666666667
262.76206322795343
263.156146179402
263.54892205638475
263.94039735099335
264.3305785123967
264.71947194719473
265.10708401976933
265.49342105263156
265.8784893267652
266.26229508196724
266.64484451718494
267.0261437908497
267.40619902120716
267.785016286645
268.1626016260163
268.538961038961
268.9141004862237
269.2880258899676
269.6607431340872
270.03225806451616
270.40257648953303
270.7717041800643
271.13964686998395
271.5064102564103
271.872
272.2364217252396
272.59968102073367
272.96178343949043
273.32273449920507
273.6825396825397
274.04120443740095
274.3987341772152
274.75513428120064
275.11041009463725
275.46456692913387
275.8176100628931
276.1695447409733
276.52037617554856
276.8701095461659
277.21875
277.56630265210606
277.91277258566976
278.25816485225505
278.6024844720497
278.94573643410854
279.2879256965944
279.629057187017
279.9691358024691
280.3081664098613
280.6461538461538
280.9831029185868
281.319018404908
281.65390505359875
281.98776758409787
282.3206106870229
282.6524390243902
282.9832572298326
283.3130699088146
283.6418816388467
283.969696969697
284.2965204236006
