30.0
33.0
14.0
13.0
20.0
14.0
28.0
20.0
17.0
13.0
48.0
12.0
9.0
37.0
18.0
11.0
34.0
33.0
19.0
16.0
20.0
13.0
12.0
9.0
15.0
22.0
18.0
48.0
19.0
20.0
11.0
12.0
17.0
16.0
42.0
28.0
42.0
26.0
32.0
12.0
10.0
13.0
23.0
19.0
18.0
14.0
19.0
18.0
15.0
39.0
22.0
26.0
21.0
18.0
22.0
19.0
22.0
13.0
16.0
42.0
16.0
20.0
12.0
16.0
27.0
36.0
30.0
13.0
11.0
27.0
12.0
11.0
17.0
29.0
17.0
51.0
12.0
13.0
28.0
15.0
14.0
29.0
35.0
15.0
16.0
18.0
11.0
26.0
23.0
28.0
20.0
11.0
23.0
21.0
12.0
21.0
26.0
32.0
13.0
79.0
47.0
17.0
17.0
21.0
18.0
13.0
26.0
10.0
19.0
18.0
53.0
18.0
22.0
18.0
111.0
24.0
34.0
41.0
28.0
32.0
31.0
14.0
21.0
12.0
65.0
44.0
58.0
15.0
26.0
45.0
25.0
18.0
48.0
27.0
25.0
80.0
54.0
17.0
18.0
58.0
31.0
15.0
46.0
35.0
27.0
15.0
36.0
12.0
41.0
11.0
46.0
18.0
18.0
26.0
23.0
24.0
32.0
15.0
40.0
55.0
37.0
41.0
26.0
22.0
26.0
45.0
17.0
46.0
29.0
18.0
97.0
38.0
41.0
39.0
14.0
22.0
16.0
50.0
89.0
43.0
46.0
24.0
17.0
16.0
39.0
22.0
28.0
31.0
89.0
44.0
42.0
99.0
55.0
39.0
75.0
23.0
36.0
12.0
29.0
20.0
15.0
34.0
89.0
18.0
19.0
17.0
46.0
84.0
43.0
36.0
42.0
19.0
45.0
28.0
22.0
52.0
50.0
25.0
191.0
49.0
81.0
77.0
104.0
43.0
89.0
43.0
55.0
44.0
92.0
36.0
94.0
53.0
120.0
78.0
19.0
32.0
60.0
50.0
116.0
54.0
22.0
65.0
36.0
26.0
33.0
31.0
148.0
108.0
108.0
43.0
139.0
77.0
34.0
93.0
126.0
111.0
56.0
131.0
109.0
63.0
223.0
30.0
127.0
129.0
40.0
144.0
29.0
40.0
21.0
91.0
104.0
133.0
145.0
194.0
65.0
164.0
45.0
199.0
46.0
29.0
63.0
88.0
158.0
224.0
38.0
217.0
142.0
217.0
69.0
225.0
186.0
249.0
44.0
182.0
189.0
158.0
168.0
151.0
166.0
297.0
23.0
233.0
357.0
163.0
246.0
192.0
298.0
260.0
269.0
181.0
129.0
404.0
270.0
183.0
379.0
500.0
59.0
500.0
18.0
500.0
93.0
500.0
21.0
248.0
500.0
231.0
500.0
334.0
500.0
500.0
500.0
182.0
500.0
500.0
500.0
500.0
500.0
500.0
500.0
192.0
500.0
500.0
243.0
500.0
500.0
500.0
500.0
500.0
500.0
500.0
500.0
500.0
500.0
200.0
500.0
500.0
500.0
500.0
500.0
500.0
500.0
500.0
500.0
500.0
500.0
500.0
500.0
500.0
500.0
500.0
284.0
500.0
14.0
413.0
500.0
500.0
500.0
500.0
500.0
500.0
500.0
500.0
500.0
500.0
500.0
500.0
500.0
500.0
500.0
500.0
500.0
500.0
500.0
500.0
500.0
500.0
500.0
500.0
500.0
500.0
500.0
500.0
500.0
500.0
500.0
500.0
500.0
500.0
500.0
500.0
500.0
500.0
500.0
500.0
500.0
500.0
500.0
500.0
500.0
500.0
500.0
500.0
500.0
500.0
500.0
500.0
500.0
500.0
500.0
500.0
500.0
500.0
500.0
500.0
500.0
500.0
500.0
500.0
500.0
500.0
500.0
500.0
500.0
500.0
500.0
500.0
500.0
500.0
500.0
500.0
500.0
500.0
500.0
500.0
500.0
500.0
500.0
500.0
500.0
500.0
500.0
500.0
500.0
500.0
500.0
500.0
500.0
500.0
500.0
500.0
500.0
500.0
500.0
500.0
500.0
500.0
500.0
500.0
500.0
500.0
500.0
500.0
500.0
500.0
500.0
500.0
500.0
500.0
500.0
500.0
500.0
500.0
500.0
500.0
500.0
500.0
500.0
500.0
500.0
500.0
500.0
500.0
500.0
500.0
500.0
500.0
500.0
500.0
500.0
500.0
500.0
500.0
500.0
500.0
500.0
500.0
500.0
500.0
500.0
500.0
500.0
500.0
500.0
500.0
500.0
500.0
500.0
500.0
500.0
500.0
500.0
500.0
500.0
500.0
500.0
500.0
500.0
500.0
500.0
500.0
500.0
500.0
500.0
500.0
500.0
500.0
500.0
500.0
500.0
500.0
500.0
500.0
500.0
500.0
500.0
500.0
500.0
500.0
500.0
500.0
500.0
500.0
500.0
500.0
500.0
500.0
500.0
500.0
500.0
500.0
500.0
500.0
500.0
500.0
500.0
500.0
500.0
500.0
500.0
500.0
500.0
500.0
500.0
500.0
500.0
500.0
500.0
500.0
500.0
500.0
500.0
500.0
500.0
500.0
500.0
500.0
500.0
500.0
500.0
500.0
500.0
500.0
500.0
500.0
500.0
500.0
500.0
500.0
500.0
500.0
500.0
500.0
500.0
500.0
500.0
500.0
500.0
500.0
500.0
500.0
500.0
500.0
500.0
500.0
500.0
500.0
500.0
500.0
500.0
500.0
500.0
500.0
500.0
500.0
500.0
500.0
500.0
500.0
500.0
500.0
500.0
500.0
500.0
500.0
500.0
500.0
500.0
500.0
500.0
500.0
500.0
500.0
500.0
500.0
500.0
500.0
500.0
500.0
500.0
500.0
500.0
500.0
500.0
500.0
