1717155950.7676055
1717155950.7756417
1717155950.7848697
1717155950.7963839
1717155950.8030095
1717155950.8145943
1717155950.8212757
1717155950.8310392
1717155950.8408098
1717155950.8643143
1717155950.8858957
1717155950.8936336
1717155950.9073982
1717155950.9167323
1717155950.9243789
1717155950.9309847
1717155950.9491625
1717155950.9563308
1717155950.9673247
1717155950.9750404
1717155950.9827697
1717155950.9927042
1717155951.0060549
1717155951.018764
1717155951.031395
1717155951.045689
1717155951.050653
1717155951.0583563
1717155951.0654917
1717155951.0781693
1717155951.0930204
1717155951.1112242
1717155951.118952
1717155951.1419992
1717155951.150299
1717155951.1668136
1717155951.176191
1717155951.1944005
1717155951.2081914
1717155951.2137206
1717155951.2252693
1717155951.237402
1717155951.2583544
1717155951.2699723
1717155951.2970288
1717155951.306954
1717155951.3158085
1717155951.3378608
1717155951.352647
1717155951.3741944
1717155951.3836415
1717155951.3918757
1717155951.3990285
1717155951.4106998
1717155951.4210966
1717155951.4309666
1717155951.4700751
1717155951.4976478
1717155951.5124574
1717155951.535014
1717155951.547076
1717155951.5706835
1717155951.5772498
1717155951.5843854
1717155951.5910435
1717155951.5970836
1717155951.607536
1717155951.6152608
1717155951.62733
1717155951.6429975
1717155951.660835
1717155951.6718407
1717155951.6809492
1717155951.6916819
1717155951.7200592
1717155951.732797
1717155951.7399993
1717155951.75088
1717155951.7588067
1717155951.7715628
1717155951.782333
1717155951.8028722
1717155951.8148437
1717155951.8234756
1717155951.835593
1717155951.8416219
1717155951.8571165
1717155951.8897433
1717155951.9024162
1717155951.9155931
1717155953.295888
1717155953.3091388
1717155953.3254375
1717155953.3534496
1717155953.3607035
1717155953.3773434
1717155953.3867095
1717155953.3955348
1717155953.4022346
1717155953.4200323
1717155953.4440687
1717155953.4645624
1717155953.4723208
1717155953.4915261
1717155953.5053253
1717155953.5235581
1717155953.5328825
1717155953.542624
1717155953.5631025
1717155953.577307
1717155953.5909207
1717155953.6190164
1717155953.6281946
1717155953.6368454
1717155953.6466296
1717155953.6792662
1717155953.7056088
1717155953.715148
1717155953.750921
1717155953.759142
1717155953.7684264
1717155953.7788794
1717155953.7854462
1717155953.8150651
1717155953.8320765
1717155953.8402276
1717155953.8522775
1717155953.863781
1717155953.8882985
1717155953.9070811
1717155953.9323518
1717155953.9415696
1717155953.9770484
1717155954.0028434
1717155954.0089045
1717155954.0187747
1717155954.0302453
1717155954.0412645
1717155954.049497
1717155954.0550237
1717155954.0616887
1717155954.0725927
1717155954.0862925
1717155954.1060138
1717155954.1444793
1717155954.152732
1717155954.1757543
1717155954.1906457
1717155954.1988199
1717155954.2278137
1717155954.27177
1717155954.2898152
1717155954.319412
1717155954.3298407
1717155954.3419163
1717155954.3611782
1717155954.374292
1717155954.3880587
1717155954.396322
1717155954.4185212
1717155954.4418542
1717155955.541697
1717155955.5824468
1717155955.5922534
1717155955.6061447
1717155955.61818
1717155955.6418614
1717155955.6654983
1717155955.6769605
1717155955.695563
1717155955.7383325
1717155955.7575047
1717155955.76622
1717155955.7782629
1717155955.795288
1717155955.8106253
1717155955.8215752
1717155955.832559
1717155955.845176
1717155955.8539317
1717155955.8744686
1717155955.883762
1717155955.9139218
1717155955.928258
1717155955.966042
1717155955.9812627
1717155956.0146
1717155956.02933
1717155956.0830848
1717155956.0967617
1717155956.1262567
1717155956.1386952
1717155956.1443133
1717155956.1657803
1717155956.1821208
1717155956.1904025
1717155956.2007675
1717155956.2249403
1717155956.2402956
1717155956.2753458
1717155956.290126
1717155956.3357124
1717155956.3532684
1717155956.3680782
1717155956.401432
1717155956.4260411
1717155956.4359136
1717155956.4474335
1717155956.4672103
1717155956.490707
1717155956.5250683
1717155956.5359192
1717155956.5584245
1717155956.5681736
1717155956.5785587
1717155956.5906157
1717155956.6077366
1717155956.6161473
1717155956.6216702
1717155956.6458275
1717155956.666328
1717155956.6728384
1717155957.817714
1717155957.8607125
1717155957.8775396
1717155957.8889534
1717155957.9208891
1717155957.930587
1717155957.950639
1717155957.9756763
1717155958.0315986
1717155958.0748475
1717155958.106156
1717155958.118611
1717155958.132864
1717155958.2623572
1717155958.2776132
1717155958.283602
1717155958.2939405
1717155958.3069072
1717155958.320468
1717155958.3287203
1717155958.3418744
1717155958.3860126
1717155958.4660804
1717155958.4857378
1717155958.4928024
1717155958.5211098
1717155958.5469034
1717155958.5962884
1717155958.613422
1717155958.6322365
1717155958.698628
1717155958.7579448
1717155958.8172088
1717155958.855827
1717155958.864577
1717155958.8791616
1717155960.017268
1717155960.0787885
1717155960.0957386
1717155960.107697
1717155960.1481073
1717155960.2504475
1717155960.264567
1717155960.3139725
1717155960.373202
1717155960.4328985
1717155960.5116053
1717155960.5213044
1717155960.6053066
1717155960.6150007
1717155960.6311965
1717155960.7502005
1717155960.7992668
1717155960.8355763
1717155960.8618095
1717155960.9329183
1717155960.9714465
1717155960.983419
1717155961.01261
1717155961.091737
1717155962.2920759
1717155962.369631
1717155962.3946903
1717155962.470308
1717155962.5420296
1717155962.6369724
1717155962.7234886
1717155962.8061464
1717155962.890266
1717155962.9889708
1717155963.1291566
1717155963.2246442
1717155963.3367271
1717155964.4902594
1717155964.629161
1717155964.7092752
1717155964.7873926
1717155964.8965244
1717155964.9620557
1717155965.0815716
1717155965.1570318
1717155965.274527
1717155965.353554
1717155965.4216325
1717155965.482778
1717155966.6806417
1717155966.757332
1717155966.888305
1717155967.056433
1717155967.233231
1717155967.2625296
1717155967.3575618
1717155967.4883466
1717155967.7128277
1717155968.9346728
1717155969.065336
1717155969.237546
1717155969.3578959
1717155969.5026004
1717155969.6609132
1717155969.832201
1717155969.9005547
1717155971.368218
1717155971.6500506
1717155971.656488
1717155971.892004
1717155972.062415
1717155972.2747324
1717155973.6146042
1717155973.698177
1717155973.7620075
1717155973.9101918
1717155974.0888088
1717155974.3752825
1717155975.7750723
1717155976.066684
1717155976.3617272
1717155976.6526425
1717155976.8089347
1717155978.133135
1717155978.3526475
1717155978.653734
1717155978.6812367
1717155978.8581724
1717155979.0300949
1717155980.3980553
1717155980.5881052
1717155980.8810928
1717155981.1814559
1717155981.4927413
1717155982.8889549
1717155983.007605
1717155983.3101454
1717155983.6014013
1717155984.9871268
1717155985.280764
1717155985.576774
1717155985.8768728
1717155986.1713443
1717155987.6585274
1717155987.9544342
1717155988.2547195
1717155988.5511758
1717155989.937654
1717155990.2627172
1717155990.5628114
1717155990.8624244
1717155992.3666904
1717155992.6640532
1717155992.9823067
1717155993.2986975
1717155994.6512282
1717155994.9580188
1717155995.2567708
1717155995.5643346
1717155996.9793754
1717155997.285243
1717155997.590592
1717155997.890009
1717155999.274404
1717155999.446746
1717155999.7463834
1717156000.0464797
1717156000.34728
1717156001.74837
1717156002.049045
1717156002.3549669
1717156002.654688
1717156004.0692558
1717156004.374637
1717156004.6733632
1717156004.9797788
1717156006.4200747
1717156006.7163455
1717156007.0191529
1717156007.3214264
1717156008.7501523
1717156009.0515687
1717156009.3474452
1717156009.6490765
1717156011.058795
1717156011.3538349
1717156011.6501393
1717156011.9466536
1717156013.3260927
1717156013.6298993
1717156013.9273005
1717156014.2286327
1717156015.6639297
1717156015.9611204
1717156016.2592525
1717156016.5753324
1717156018.0784457
1717156018.3781266
1717156018.6770113
1717156018.9829261
1717156020.4065068
1717156020.7046566
1717156021.0086591
1717156021.307307
1717156022.7402914
1717156023.0380452
1717156023.3378975
1717156023.6370957
1717156023.9416428
1717156025.3489323
1717156025.6538467
1717156025.9578335
1717156026.263625
1717156027.6067774
1717156027.907338
1717156028.206177
1717156028.506515
1717156029.8964508
1717156030.195278
1717156030.5014176
1717156030.8062034
1717156032.225613
1717156032.5249567
1717156032.8275623
1717156033.125333
1717156034.5151598
1717156034.8154695
1717156035.115696
1717156035.414764
1717156036.8296103
1717156037.1224587
1717156037.4209127
1717156037.712094
1717156039.088882
1717156039.3868992
1717156039.6783593
1717156039.9763024
1717156041.3645067
1717156041.6579013
1717156041.953613
1717156042.249265
1717156043.5839179
1717156043.882947
1717156044.1869757
1717156044.4896593
1717156045.8420548
1717156046.1389601
1717156046.4338675
1717156046.7376542
1717156048.0741565
1717156048.3673675
1717156048.6601334
1717156048.984144
1717156049.2812142
1717156050.6454747
1717156050.9454603
1717156051.2417161
1717156051.53881
1717156052.8988972
1717156053.2021668
1717156053.4994106
1717156053.7952666
1717156055.1245604
1717156055.425812
1717156055.7264163
1717156056.0223029
1717156057.4490998
1717156057.7613053
1717156058.0572128
1717156058.3673315
1717156059.796243
1717156060.0922072
1717156060.3896275
1717156060.6856565
1717156062.0556312
1717156062.3507328
1717156062.6530054
1717156062.9631457
1717156064.355981
1717156064.6564229
1717156064.955504
1717156065.2655907
1717156066.664023
1717156066.9625254
1717156067.265328
1717156067.5641344
1717156068.9700809
1717156069.276499
1717156069.5755725
1717156069.8759336
1717156071.298146
1717156071.5961647
1717156071.8966224
1717156072.2137396
1717156072.5291655
1717156073.939977
1717156074.24633
1717156074.5588198
1717156074.8657851
1717156076.4218538
1717156076.7444968
1717156077.0524838
1717156077.36647
1717156078.76568
1717156079.072504
1717156079.3833492
1717156079.6902356
1717156081.0467317
1717156081.3477786
1717156081.657619
1717156081.9733448
1717156083.4760902
1717156083.7730422
1717156084.0772533
1717156084.374977
1717156085.8062336
1717156086.117035
1717156086.415043
1717156086.7200968
1717156088.1224284
1717156088.4200459
1717156088.7252605
1717156089.029394
1717156090.4472728
1717156090.7571108
1717156091.0582137
1717156091.3613286
1717156092.7382574
1717156093.0473614
1717156093.3530834
1717156093.6509233
1717156095.0846672
1717156095.3868022
1717156095.6976533
1717156095.9967794
1717156097.3488498
1717156097.6611023
1717156097.9606364
1717156098.2630858
1717156098.5617464
1717156099.9440513
1717156100.247598
1717156100.5477827
1717156100.8470085
1717156102.3407044
1717156102.6377444
1717156102.9368842
1717156103.2418964
1717156104.5465405
1717156104.8467672
1717156105.1509888
1717156105.4569652
1717156106.8609157
1717156107.158439
1717156107.4595344
1717156107.7545898
1717156109.1286056
1717156109.4246688
1717156109.7305222
1717156110.029464
1717156111.4151084
1717156111.730568
1717156112.028084
1717156112.3244631
1717156113.7868574
1717156114.0964298
1717156114.3935952
1717156114.6898093
1717156116.1082551
1717156116.4025567
1717156116.6964478
1717156116.991632
1717156118.3746686
1717156118.6678822
1717156118.9673936
1717156119.2615826
1717156120.7387905
1717156121.0353012
1717156121.331167
1717156121.6313014
1717156121.9271252
1717156123.2904458
1717156123.5840285
1717156123.8843286
1717156124.181631
1717156125.8059843
1717156126.1049235
1717156126.4102902
1717156126.7092586
1717156128.0924265
1717156128.3990576
1717156128.7141886
1717156129.0198414
1717156130.4012346
1717156130.7015452
1717156131.005946
1717156131.3047802
1717156132.7401776
1717156133.052182
1717156133.3644571
1717156133.6817899
1717156135.1260366
1717156135.4485204
1717156135.7644165
1717156136.075916
1717156137.5172749
1717156137.830506
1717156138.142039
1717156138.454293
1717156139.833361
1717156140.154837
1717156140.473283
1717156140.7847493
1717156142.201117
1717156142.5184596
1717156142.8299513
1717156143.1429234
1717156144.5641758
1717156144.8734622
1717156145.1916924
1717156145.503007
1717156145.8220496
1717156147.1990278
1717156147.5128102
1717156147.8303273
1717156148.158639
1717156149.6886153
1717156150.000619
1717156150.3122885
1717156150.6298473
1717156152.0538268
1717156152.364942
1717156152.6822343
1717156152.999692
1717156154.3822868
1717156154.6991787
1717156155.0146904
1717156155.33238
1717156156.73907
1717156157.0506701
1717156157.3684554
1717156157.6809425
1717156159.0750816
1717156159.393986
1717156159.7054434
1717156160.0234702
1717156161.4156988
1717156161.7274318
1717156162.0405505
1717156162.352218
1717156163.7565079
1717156164.0700219
1717156164.38222
1717156164.6955073
