1717158915.1873534
1717158915.2057037
1717158915.2134676
1717158915.2205718
1717158915.2316456
1717158915.239448
1717158915.2549815
1717158915.2660773
1717158915.275507
1717158915.2827587
1717158915.3094275
1717158915.316107
1717158915.3211162
1717158915.3416524
1717158915.3516874
1717158915.3577707
1717158915.376692
1717158915.3950114
1717158915.4055278
1717158915.4144182
1717158915.4254694
1717158915.4326334
1717158915.439289
1717158915.4443228
1717158915.4526215
1717158915.4650438
1717158915.475153
1717158915.5017884
1717158915.5123894
1717158915.5234568
1717158915.529609
1717158915.5362513
1717158915.5456812
1717158915.554564
1717158915.5779297
1717158915.5934277
1717158915.6178405
1717158915.6323626
1717158915.6501596
1717158915.6568563
1717158915.6624105
1717158915.6696591
1717158915.6824374
1717158915.6930008
1717158915.7029965
1717158915.7107592
1717158915.7212715
1717158915.7312305
1717158915.7403474
1717158915.762021
1717158915.7742782
1717158915.7887628
1717158915.8005037
1717158915.8105655
1717158915.8228374
1717158915.8334675
1717158915.84574
1717158915.8529866
1717158915.8618908
1717158915.8852527
1717158915.894196
1717158915.905341
1717158915.912032
1717158915.920964
1717158915.9359891
1717158915.9560614
1717158915.9727943
1717158915.980048
1717158915.9861948
1717158916.0012562
1717158916.0078795
1717158916.0140057
1717158916.0235205
1717158916.0396707
1717158916.0490816
1717158916.077534
1717158916.0842373
1717158916.091507
1717158916.1071613
1717158916.1155467
1717158916.1233683
1717158916.1406922
1717158916.1603024
1717158916.1686244
1717158916.1776047
1717158916.1876464
1717158916.1938047
1717158916.2083223
1717158916.2211535
1717158916.2367897
1717158916.2479506
1717158916.2541175
1717158916.266897
1717158916.2786045
1717158916.2853062
1717158916.2970238
1717158916.3115628
1717158917.4354124
1717158917.4427056
1717158917.4869905
1717158917.515045
1717158917.5253136
1717158917.5353465
1717158917.5478058
1717158917.558462
1717158917.566103
1717158917.581481
1717158917.5874758
1717158917.5987346
1717158917.60901
1717158917.6384542
1717158917.6484814
1717158917.6606286
1717158917.6705842
1717158917.7390633
1717158917.7524414
1717158917.7713857
1717158917.7941074
1717158917.809702
1717158917.8276055
1717158917.844903
1717158917.8526835
1717158917.8643544
1717158917.8710322
1717158917.9073064
1717158917.9317799
1717158917.9640899
1717158917.9724143
1717158917.9869473
1717158918.0121255
1717158918.0260913
1717158918.0361307
1717158918.0628889
1717158918.0778897
1717158918.0918922
1717158918.1365652
1717158918.1666455
1717158918.1761317
1717158918.1861866
1717158918.2195418
1717158918.2372758
1717158918.2456844
1717158918.2713864
1717158918.2908773
1717158918.306116
1717158918.3144972
1717158918.3345566
1717158918.3413937
1717158918.364242
1717158918.3704667
1717158918.3960292
1717158918.4060624
1717158918.4161541
1717158918.4306614
1717158918.4435494
1717158918.4569955
1717158918.474964
1717158918.483355
1717158918.5096579
1717158918.5414085
1717158918.5621617
1717158919.777681
1717158919.7924924
1717158919.805018
1717158919.8198018
1717158919.8453891
1717158919.8549626
1717158919.8810234
1717158919.897604
1717158919.9078913
1717158919.962629
1717158919.9842203
1717158920.0072808
1717158920.0293062
1717158920.0371325
1717158920.049573
1717158920.0586007
1717158920.086785
1717158920.136837
1717158920.16119
1717158920.187044
1717158920.2005122
1717158920.2101207
1717158920.2191029
1717158920.2411304
1717158920.2535715
1717158920.2693787
1717158920.2868607
1717158920.3437366
1717158920.3686728
1717158920.3924065
1717158920.4482186
1717158920.4792297
1717158920.501288
1717158920.5445397
1717158920.557442
1717158920.5777528
1717158920.5845048
1717158920.6008666
1717158920.6120105
1717158920.6204886
1717158920.639697
1717158920.6964896
1717158920.7067587
1717158920.7174907
1717158920.7270575
1717158920.7530127
1717158920.8004506
1717158920.824658
1717158920.8496158
1717158920.873557
1717158920.884186
1717158920.909756
1717158920.925485
1717158920.9377952
1717158922.1406276
1717158922.1690361
1717158922.1832366
1717158922.291366
1717158922.319065
1717158922.364932
1717158922.4096413
1717158922.4685664
1717158922.4929655
1717158922.5431457
1717158922.5698967
1717158922.6024532
1717158922.6275241
1717158922.6794217
1717158922.6997814
1717158922.7528276
1717158922.7828796
1717158922.8506784
1717158922.8948228
1717158922.905653
1717158922.9246345
1717158922.963973
1717158922.9922469
1717158923.057599
1717158923.0880277
1717158923.100319
1717158923.1371078
1717158923.1574054
1717158923.1721225
1717158923.190654
1717158923.2080548
1717158923.2915983
1717158924.567348
1717158924.6278033
1717158924.6514843
1717158924.7280376
1717158924.7716393
1717158924.7913146
1717158924.842762
1717158924.9124103
1717158924.973671
1717158925.0045552
1717158925.0853326
1717158925.1515713
1717158925.187568
1717158925.3133113
1717158925.329975
1717158925.4005141
1717158925.4734344
1717158925.4955494
1717158925.5824149
1717158925.598412
1717158925.6205595
1717158925.6321347
1717158926.7602806
1717158926.818266
1717158926.8920515
1717158926.972428
1717158927.0801153
1717158927.1175413
1717158927.2084217
1717158927.2333567
1717158927.3434808
1717158927.3689132
1717158927.3848104
1717158927.4196346
1717158927.4705987
1717158927.5704036
1717158927.6999238
1717158927.721046
1717158927.8410494
1717158929.1082482
1717158929.2314422
1717158929.2703369
1717158929.396755
1717158929.5022602
1717158929.6421952
1717158929.6666045
1717158929.7694736
1717158929.8748593
1717158929.9630067
1717158930.061429
1717158930.1484113
1717158930.242001
1717158931.5079837
1717158931.5211284
1717158931.655003
1717158931.8635914
1717158931.955666
1717158932.0942569
1717158932.2025187
1717158932.3718958
1717158933.6009252
1717158933.761783
1717158933.868054
1717158933.9452887
1717158934.1806097
1717158934.3370507
1717158934.4498825
1717158934.6715734
1717158936.1117215
1717158936.1466048
1717158936.4410944
1717158936.452151
1717158936.7562375
1717158936.8115904
1717158937.1094937
1717158937.122095
1717158938.3818614
1717158938.6908176
1717158938.832864
1717158939.1361043
1717158939.3370333
1717158940.755508
1717158941.0636163
1717158941.376215
1717158941.487819
1717158941.7951045
1717158943.1842883
1717158943.4775708
1717158943.7692904
1717158944.067414
1717158945.5596821
1717158945.8532014
1717158945.9830072
1717158946.2980437
1717158946.6093328
1717158947.950679
1717158948.2696922
1717158948.5779355
1717158948.885509
1717158950.2948177
1717158950.6054397
1717158950.9183776
1717158951.218424
1717158952.6221087
1717158952.915159
1717158953.207669
1717158953.325663
1717158953.6158543
1717158955.0084736
1717158955.307234
1717158955.6015222
1717158955.8963873
1717158957.3105817
1717158957.6043425
1717158957.898272
1717158958.192159
1717158959.5458112
1717158959.8469942
1717158960.1489296
1717158960.447999
1717158961.9066253
1717158962.2002313
1717158962.490688
1717158962.6603374
1717158962.9501865
1717158962.9583042
1717158964.2530773
1717158964.5451407
1717158964.843151
1717158965.1338775
1717158966.587814
1717158966.8908825
1717158967.197537
1717158967.4973116
1717158968.8704612
1717158969.1635532
1717158969.4581
1717158969.752445
1717158971.130027
1717158971.422756
1717158971.7175522
1717158972.0168061
1717158973.3628387
1717158973.661719
1717158973.9553235
1717158974.2504888
1717158974.5446436
1717158975.9538033
1717158976.2554598
1717158976.551682
1717158976.8592222
1717158978.2151885
1717158978.514371
1717158978.8092313
1717158979.1026309
1717158980.4677794
1717158980.762114
1717158981.0571797
1717158981.3508294
1717158982.7231395
1717158983.0227723
1717158983.316723
1717158983.6117673
1717158984.9766154
1717158985.2766733
1717158985.5752537
1717158985.869322
1717158987.2093265
1717158987.5051546
1717158987.800164
1717158988.0940213
1717158989.4536846
1717158989.7598293
1717158990.05867
1717158990.3658655
1717158991.7269983
1717158992.0226903
1717158992.3160043
1717158992.6162214
1717158993.9765902
1717158994.2858136
1717158994.6038928
1717158994.9121487
1717158996.3447292
1717158996.6757226
1717158996.9887142
1717158997.3118863
1717158998.7367578
1717158999.0491705
1717158999.3680267
1717158999.6881726
1717159000.0009396
1717159001.4191437
1717159001.7318099
1717159002.054748
1717159002.3690467
1717159003.7807457
1717159004.0998108
1717159004.4179423
1717159004.7361412
1717159006.2408202
1717159006.5599155
1717159006.87284
1717159007.1870317
1717159008.6228669
1717159008.936023
1717159009.2538462
1717159009.5640829
1717159011.0060627
1717159011.3291311
1717159011.641012
1717159011.958798
1717159013.4264216
1717159013.7465363
1717159014.0748963
1717159014.397526
1717159015.8140845
1717159016.1288755
1717159016.4480073
1717159016.7610612
1717159018.2759352
1717159018.594199
1717159018.9065285
1717159019.2293627
1717159020.6509938
1717159020.9634128
1717159021.2812126
1717159021.5942812
1717159022.9903932
1717159023.3087158
1717159023.621206
1717159023.9397514
1717159024.25259
1717159025.6602457
1717159025.977781
1717159026.2908444
1717159026.6084058
1717159028.0045626
1717159028.3175282
1717159028.6351488
1717159028.9479742
1717159030.3960357
1717159030.7097447
1717159031.0171554
1717159031.3408535
1717159032.7528021
1717159033.0599098
1717159033.3725364
1717159033.6896243
1717159035.1877851
1717159035.5005667
1717159035.8148613
1717159036.1268878
1717159037.569067
1717159037.8817723
1717159038.1896613
1717159038.502483
1717159040.006452
1717159040.3142529
1717159040.627729
1717159040.935832
1717159042.3698306
1717159042.6834478
1717159042.991747
1717159043.3052053
1717159044.725813
1717159045.0334873
1717159045.3427866
1717159045.6517239
1717159047.156835
1717159047.470867
1717159047.7793117
1717159048.0891426
1717159048.402853
1717159049.824464
1717159050.131808
1717159050.439242
1717159050.7466733
1717159052.208228
1717159052.5216665
1717159052.831574
1717159053.1398902
1717159054.5734043
1717159054.8950956
1717159055.2112858
1717159055.5229225
1717159056.945407
1717159057.2551394
1717159057.5636072
1717159057.8728697
1717159059.244113
1717159059.5603368
1717159059.8750615
1717159060.1829073
1717159061.56846
1717159061.8814456
1717159062.1916585
1717159062.5009587
1717159063.9859607
1717159064.2939982
1717159064.6091983
1717159064.919634
1717159066.362469
1717159066.680412
1717159066.9873607
1717159067.2958922
1717159068.7943814
1717159069.1014037
1717159069.4099135
1717159069.7231588
1717159071.116417
1717159071.4302466
1717159071.738671
1717159072.0557923
1717159073.451456
1717159073.758312
1717159074.0724225
1717159074.3803806
1717159074.6948395
1717159076.0540206
1717159076.3622208
1717159076.671721
1717159076.9798133
1717159078.4905095
1717159078.811376
1717159079.1204963
1717159079.4342504
1717159080.8667006
1717159081.1748652
1717159081.4895182
1717159081.8028383
1717159083.2037058
1717159083.498908
1717159083.79212
1717159084.0874052
1717159085.461175
1717159085.7617214
1717159086.0572839
1717159086.3510635
1717159087.7319915
1717159088.0264115
1717159088.3200502
1717159088.614669
1717159089.947278
1717159090.2481368
1717159090.542024
1717159090.83692
1717159092.229782
1717159092.5233126
1717159092.8229043
1717159093.1160197
1717159094.605687
1717159094.9203699
1717159095.2387784
1717159095.5510802
1717159096.9504106
1717159097.2576656
1717159097.5587263
1717159097.8762386
1717159098.1891456
1717159099.6098657
1717159099.9105196
1717159100.2170022
1717159100.520203
1717159101.8545263
1717159102.173448
1717159102.4850574
1717159102.799292
1717159104.179855
1717159104.4938421
1717159104.8086212
1717159105.1167033
1717159106.5044792
1717159106.8209147
1717159107.127717
1717159107.4353979
1717159108.9056013
1717159109.2119486
1717159109.522551
1717159109.8265066
1717159111.174607
1717159111.4798484
1717159111.7889953
1717159112.1048806
1717159113.4774258
1717159113.7839642
1717159114.0841155
1717159114.3860285
1717159115.8147178
1717159116.1220515
1717159116.4308145
1717159116.7399514
1717159118.0979514
1717159118.4076736
1717159118.7157733
1717159119.0246718
1717159120.5687706
1717159120.8779151
1717159121.1845233
1717159121.4893641
1717159122.885054
1717159123.1883366
1717159123.4888775
1717159123.7955496
1717159124.1018443
1717159125.5249016
1717159125.8356295
1717159126.1367178
1717159126.4423175
1717159127.8119702
1717159128.126288
1717159128.4329004
1717159128.7330165
1717159130.2262535
1717159130.5336452
1717159130.8339276
1717159131.147632
