1792
5504
7296
8512
9536
11008
12160
14272
16448
17088
18688
20288
20864
21952
23552
24896
26432
27520
28672
30144
31488
32640
35648
37184
38528
39616
42176
43712
45824
46976
48128
51520
52416
53120
53888
56192
58304
59200
59904
60544
61376
62528
64192
64896
66304
67584
68992
70208
71744
73728
74880
76160
78912
81856
84480
85440
87296
89920
90752
92096
93184
96128
96832
98048
98944
99968
100672
101760
103104
103936
105152
107328
109568
110464
111296
112832
114240
114944
115648
117184
118400
121728
122752
124800
125632
128384
131584
132800
136448
138816
140288
142976
143552
145216
147456
148608
149760
150464
153536
155264
156800
157632
158848
160320
162944
164352
170304
171264
172928
175424
177856
179264
181568
184832
185792
187520
189824
191616
193024
194240
195840
197312
200512
202304
203776
206400
207744
208768
210624
211968
212992
214720
215872
217024
218176
220800
224448
225728
226752
228224
230016
231296
232192
234752
236416
237568
240384
241280
242368
244544
248000
253440
254784
256576
257280
259136
261952
264384
269888
271040
273728
274688
276416
277184
280000
286208
287744
290112
290880
291584
294848
297472
300352
302336
306752
309504
311424
313792
320768
324352
325568
327488
331712
335360
341952
343104
346368
347712
348288
349888
352192
353728
355712
356416
357632
358720
359936
362496
364352
366912
370048
371648
373120
380608
383040
383936
386752
396160
397760
402688
404160
410432
411840
417984
419392
425856
427520
430976
435264
437248
439360
440832
443840
448512
456512
463232
464320
469120
473024
474816
477248
478336
479808
483136
490176
493824
500928
503744
506624
508160
511424
513536
515328
525568
532672
538944
547264
555584
562752
565760
567488
580864
582016
585472
587328
588480
596928
601344
602624
608320
613056
617664
623680
625408
630336
634432
641280
644544
650048
664832
670464
679744
687296
696704
708160
719680
728832
744512
747648
753600
758336
767680
776192
784832
797376
807424
817536
826368
840704
852416
864192
874816
885312
896896
907008
912896
929792
942848
956608
975360
994432
1005440
1020480
1032512
1047552
1063808
1078720
1092352
1103296
1128448
1160448
1163200
1178816
1188928
1204672
1219968
1241920
1273920
1288000
1311808
1343808
1375040
1407040
1413184
1445184
1463488
1487936
1504256
1523072
1555072
1559488
1575232
1607232
1624640
1656640
1671616
1703616
1735616
1760384
1792384
1824384
1856384
1888384
1902080
1934080
1966080
1998080
2030080
2062080
2091648
2123648
2155648
2187648
2202880
2234880
2266880
2298880
2330880
2362880
2394880
2426880
2458880
2490880
2522880
2554880
2586880
2618880
2650880
2682880
2714880
2746880
2778880
2810880
2842880
2874880
2906880
2938880
2970880
3002880
3034880
3066880
3098880
3130880
3162880
3194880
3226880
3258880
3290880
3322880
3354880
3386880
3418880
3450880
3482880
3514880
3546880
3578880
3610880
3642880
3674880
3706880
3738880
3770880
3802880
3834880
3866880
3898880
3930880
3962880
3994880
4026880
4058880
4090880
4122880
4154880
4186880
4218880
4250880
4282880
4314880
4346880
4378880
4410880
4442880
4474880
4506880
4538880
4570880
4602880
4634880
4666880
4698880
4730880
4762880
4794880
4826880
4858880
4890880
4922880
4954880
4986880
5018880
5050880
5082880
5114880
5146880
5178880
5210880
5242880
5274880
5306880
5338880
5370880
5402880
5434880
5466880
5498880
5530880
5562880
5594880
5626880
5658880
5690880
5722880
5754880
5786880
5818880
5850880
5882880
5914880
5946880
5978880
6010880
6042880
6074880
6106880
6138880
6170880
6202880
6234880
6266880
6298880
6330880
6362880
6394880
6426880
6458880
6490880
6522880
6554880
6586880
6618880
6650880
6682880
6714880
6746880
6778880
6810880
6842880
6874880
6906880
6938880
6970880
7002880
7034880
7066880
7098880
7130880
7162880
7194880
7226880
7258880
7290880
7322880
7354880
7386880
7418880
7450880
7482880
7514880
7546880
7578880
7610880
7642880
7674880
7706880
7738880
7770880
7802880
7834880
7866880
7898880
7930880
7962880
7994880
8026880
8058880
8090880
8122880
8154880
8186880
8218880
8250880
8282880
8314880
8346880
8378880
8410880
8442880
8474880
8506880
8538880
8570880
8602880
8634880
8666880
8698880
8730880
8762880
8794880
8826880
8858880
8890880
8922880
8954880
8986880
9018880
9050880
9082880
9114880
9146880
9178880
9210880
9242880
9274880
9306880
9338880
9370880
9402880
9434880
9466880
9498880
9530880
9562880
9594880
9626880
9658880
9690880
9722880
9754880
9786880
9818880
9850880
9882880
9914880
9946880
9978880
10010880
10042880
10074880
10106880
10138880
10170880
10202880
10234880
10266880
10298880
10330880
10362880
10394880
10426880
10458880
10490880
10522880
10554880
10586880
10618880
10650880
10682880
10714880
10746880
10778880
10810880
10842880
10874880
10906880
10938880
10970880
11002880
11034880
11066880
11098880
11130880
11162880
11194880
11226880
11258880
11290880
11322880
11354880
11386880
11418880
11450880
11482880
11514880
11546880
11578880
11610880
11642880
11674880
11706880
11738880
11770880
11802880
11834880
11866880
11898880
11930880
11962880
11994880
12026880
