nan
58.0
58.5
67.33333333333333
72.5
68.8
69.66666666666667
68.28571428571429
66.375
64.66666666666667
64.3
64.18181818181819
65.58333333333333
65.15384615384616
65.28571428571429
65.93333333333334
65.8125
66.6470588235294
66.5
67.26315789473684
66.8
68.19047619047619
69.4090909090909
69.78260869565217
69.58333333333333
70.68
71.38461538461539
71.96296296296296
71.92857142857143
71.86206896551724
71.4
74.41935483870968
76.0
78.3030303030303
78.55882352941177
82.4
83.86111111111111
85.21621621621621
86.1842105263158
86.61538461538461
86.7
87.51219512195122
90.71428571428571
93.11627906976744
94.54545454545455
94.73333333333333
96.54347826086956
97.25531914893617
98.41666666666667
99.6734693877551
101.44
104.49019607843137
108.84615384615384
110.94339622641509
112.61111111111111
115.56363636363636
118.94642857142857
120.19298245614036
121.44827586206897
123.79661016949153
127.06666666666666
130.78688524590163
132.25806451612902
134.79365079365078
136.21875
138.04615384615386
146.8939393939394
149.67164179104478
151.7058823529412
153.8985507246377
155.42857142857142
157.54929577464787
161.08333333333334
163.5068493150685
166.27027027027026
168.86666666666667
172.10526315789474
175.16883116883116
178.57692307692307
181.91139240506328
188.075
191.50617283950618
194.28048780487805
200.78313253012047
203.3452380952381
205.85882352941175
209.0581395348837
214.80459770114942
216.51136363636363
218.95505617977528
221.23333333333332
222.85714285714286
225.09782608695653
227.55913978494624
232.9468085106383
239.38947368421051
244.60416666666666
246.97938144329896
252.6530612244898
258.80808080808083
261.21
266.3267326732673
271.80392156862746
273.92233009708735
274.97115384615387
279.0095238095238
283.42452830188677
287.5327102803738
291.73148148148147
292.20183486238534
293.03636363636366
294.18918918918916
295.64285714285717
296.21238938053096
296.7894736842105
296.9130434782609
298.1551724137931
298.85470085470087
299.6271186440678
300.4117647058824
301.3666666666667
302.1570247933884
301.8114754098361
305.5040650406504
308.81451612903226
312.44
316.015873015873
319.2204724409449
319.65625
320.1162790697674
320.6384615384615
321.00763358778624
321.9621212121212
325.09022556390977
328.45522388059703
331.8
332.84558823529414
336.83941605839414
337.9927536231884
338.58992805755395
341.74285714285713
344.70212765957444
348.77464788732397
351.90909090909093
355.19444444444446
358.1862068965517
359.04794520547944
361.6938775510204
364.4256756756757
365.0134228187919
364.70666666666665
364.3046357615894
366.82894736842104
370.3267973856209
372.97402597402595
375.80645161290323
376.4935897435897
379.03821656050957
0.0
379.87421383647796
379.075
381.57142857142856
380.62345679012344
380.9079754601227
382.7987804878049
382.6363636363636
382.13253012048193
382.34730538922156
384.2738095238095
384.72189349112426
384.9470588235294
384.766081871345
383.9593023255814
383.15606936416185
382.45402298850576
381.8
381.1875
380.45197740112997
379.6123595505618
378.94972067039106
378.22777777777776
377.6022099447514
377.54945054945057
378.0109289617486
380.7282608695652
382.8
383.40860215053766
383.98395721925135
386.3191489361702
386.7566137566138
387.03684210526313
389.130890052356
388.3802083333333
387.8497409326425
387.159793814433
386.5487179487179
386.01020408163265
385.28426395939084
384.6666666666667
384.9849246231156
384.435
383.88557213930346
383.5049504950495
382.86206896551727
382.05392156862746
381.4682926829268
380.70873786407765
379.9855072463768
379.28365384615387
378.5693779904306
377.8857142857143
377.17535545023696
377.62264150943395
378.1079812206573
379.7056074766355
382.01395348837207
384.0138888888889
385.7511520737327
387.6651376146789
390.2283105022831
392.51363636363635
0.0
392.4684684684685
392.03139013452915
393.5669642857143
393.74666666666667
395.88495575221236
397.99118942731275
398.3421052631579
400.16157205240177
401.8391304347826
403.24242424242425
402.7844827586207
404.7296137339056
406.62393162393164
406.86382978723407
409.0
410.82278481012656
412.60084033613447
415.0083682008368
416.35
418.4149377593361
420.07438016528926
420.2510288065844
421.66803278688525
423.0040816326531
424.280487804878
424.5425101214575
426.11290322580646
427.66265060240966
428.968
430.31474103585657
429.92857142857144
429.29644268774706
428.62992125984255
428.03137254901964
427.36328125
426.8249027237354
426.1434108527132
425.5444015444015
424.92692307692306
424.264367816092
423.6145038167939
423.78326996197717
424.0378787878788
425.3924528301887
425.32706766917295
424.9887640449438
424.85820895522386
425.9888475836431
425.7
425.8450184501845
0.0
423.94139194139194
423.36131386861314
424.88363636363636
426.3985507246377
427.9530685920578
429.841726618705
431.39784946236557
432.97857142857146
434.5373665480427
435.83687943262413
435.3144876325088
435.0880281690141
434.8561403508772
434.5524475524476
434.26132404181186
433.9236111111111
435.2076124567474
434.8551724137931
434.48797250859104
435.63698630136986
435.320819112628
435.0986394557823
435.2610169491525
436.2972972972973
436.4949494949495
436.1409395973154
436.03678929765886
