nan
70.0
69.5
66.66666666666667
66.75
70.6
67.66666666666667
70.71428571428571
74.125
72.55555555555556
73.8
75.18181818181819
72.58333333333333
73.92307692307692
74.5
77.26666666666667
78.0
77.6470588235294
77.16666666666667
77.6842105263158
77.9
79.85714285714286
81.86363636363636
84.04347826086956
84.04166666666667
85.96
85.76923076923077
86.44444444444444
86.96428571428571
88.0
90.96666666666667
91.38709677419355
91.59375
92.54545454545455
93.91176470588235
96.8
99.94444444444444
100.91891891891892
101.97368421052632
103.76923076923077
107.175
109.1219512195122
111.33333333333333
112.90697674418605
114.29545454545455
117.5111111111111
119.19565217391305
121.80851063829788
124.375
125.89795918367346
127.74
131.0392156862745
132.98076923076923
135.66037735849056
137.5185185185185
139.07272727272726
141.17857142857142
143.6315789473684
146.24137931034483
149.22033898305085
152.1
153.08196721311475
154.91935483870967
159.12698412698413
162.671875
166.3846153846154
170.62121212121212
172.34328358208955
175.22058823529412
177.84057971014494
179.24285714285713
182.11267605633802
184.73611111111111
187.8082191780822
190.1216216216216
193.74666666666667
196.4078947368421
199.1038961038961
202.28205128205127
205.50632911392404
212.0
214.8148148148148
222.2439024390244
224.6987951807229
227.32142857142858
234.08235294117648
240.3139534883721
242.5977011494253
248.61363636363637
254.07865168539325
259.1111111111111
266.3296703296703
268.32608695652175
273.19354838709677
0.0
272.4421052631579
271.6145833333333
273.9072164948454
275.64285714285717
280.1515151515151
284.17
286.2178217821782
291.6764705882353
297.43689320388347
302.8269230769231
308.51428571428573
313.33962264150944
318.0934579439252
0.0
320.35779816513764
319.6454545454545
324.3693693693694
329.1607142857143
334.82300884955754
339.9736842105263
344.61739130434785
344.9310344827586
0.0
345.5508474576271
346.42857142857144
347.34166666666664
348.4710743801653
352.7704918032787
353.8048780487805
358.30645161290323
362.304
366.91269841269843
371.56692913385825
0.0
372.6434108527132
373.0153846153846
377.2824427480916
380.5151515151515
383.96992481203006
387.34328358208955
390.31851851851854
393.1397058823529
395.84671532846716
399.0869565217391
399.58992805755395
403.2785714285714
403.58156028368796
403.3098591549296
403.986013986014
403.3125
402.4896551724138
401.86986301369865
401.53061224489795
400.9256756756757
400.20805369127515
399.7733333333333
399.66887417218544
400.1118421052632
402.54901960784315
404.7922077922078
0.0
402.55128205128204
402.312101910828
402.74050632911394
405.0125786163522
407.74375
410.2422360248447
409.95061728395063
412.50306748466255
415.780487804878
416.1212121212121
418.00602409638554
420.32335329341316
423.0059523809524
425.37278106508876
428.5176470588235
431.41520467836256
431.3953488372093
431.65895953757223
434.5
436.45142857142855
438.39204545454544
440.40112994350284
440.69662921348316
443.5810055865922
445.2
447.5303867403315
450.04395604395603
451.92896174863387
454.0
0.0
453.6182795698925
453.24598930481284
455.8829787234043
458.3121693121693
460.13684210526316
459.9109947643979
461.3333333333333
460.3523316062176
459.4226804123711
458.87692307692305
458.0
457.03553299492387
456.22727272727275
455.38693467336685
454.365
453.6517412935323
452.7277227722772
451.679802955665
450.7156862745098
449.90731707317076
448.99514563106794
448.0966183574879
447.15865384615387
446.21531100478467
445.37142857142857
444.4312796208531
444.3490566037736
446.0093896713615
446.0934579439252
448.15813953488373
448.19444444444446
447.5622119815668
0.0
446.7945205479452
446.8909090909091
448.6108597285068
448.63513513513516
0.0
448.61607142857144
447.87555555555554
450.17699115044246
0.0
450.1929824561403
0.0
448.2217391304348
448.02164502164504
447.6810344827586
447.2961373390558
447.04700854700855
446.77872340425535
446.5
446.1392405063291
446.11764705882354
445.63598326359835
445.3208333333333
0.0
443.22727272727275
0.0
443.25409836065575
445.0612244897959
0.0
445.2631578947368
445.43951612903226
0.0
445.864
445.7808764940239
445.5515873015873
444.798418972332
444.0314960629921
443.25882352941176
442.53515625
441.7976653696498
441.0
440.3011583011583
439.58076923076925
438.8927203065134
437.32442748091603
437.04562737642584
436.70075757575756
436.5622641509434
436.1278195488722
435.7116104868914
435.3694029850746
435.1152416356877
434.68888888888887
0.0
432.8345588235294
432.97069597069594
434.4051094890511
436.43636363636364
0.0
436.78339350180505
0.0
436.9569892473118
0.0
435.355871886121
0.0
0.0
433.4718309859155
433.2
0.0
433.57142857142856
0.0
431.93079584775086
0.0
430.46048109965636
430.25
431.76109215017067
433.27891156462584
433.35593220338984
433.4594594594595
433.41750841750843
434.9295302013423
436.10702341137124
