nan
48.0
51.5
58.0
62.25
65.8
63.0
65.85714285714286
64.875
65.77777777777777
65.7
64.81818181818181
64.66666666666667
64.3076923076923
63.785714285714285
64.53333333333333
64.875
66.41176470588235
67.77777777777777
67.52631578947368
66.75
66.66666666666667
65.5909090909091
67.30434782608695
67.54166666666667
68.36
69.46153846153847
69.74074074074075
70.21428571428571
70.86206896551724
71.46666666666667
72.09677419354838
72.9375
73.81818181818181
74.94117647058823
76.51428571428572
76.97222222222223
78.27027027027027
80.15789473684211
81.76923076923077
83.05
84.46341463414635
85.33333333333333
87.51162790697674
89.79545454545455
91.62222222222222
95.06521739130434
96.93617021276596
100.0
102.87755102040816
104.98
107.56862745098039
110.07692307692308
112.94339622641509
116.37037037037037
119.56363636363636
122.60714285714286
125.75438596491227
128.22413793103448
133.135593220339
136.1
138.45901639344262
142.0483870967742
144.984126984127
147.546875
151.3230769230769
153.9848484848485
156.65671641791045
159.2941176470588
162.9855072463768
167.24285714285713
170.3661971830986
173.76388888888889
176.6027397260274
179.86486486486487
183.08
186.60526315789474
193.64935064935065
196.15384615384616
199.35443037974684
202.8
209.97530864197532
212.0731707317073
218.78313253012047
221.33333333333334
223.98823529411766
226.30232558139534
232.39080459770116
238.25
243.52808988764045
249.9
251.92307692307693
253.41304347826087
254.7311827956989
255.2340425531915
256.2842105263158
256.0729166666667
256.8041237113402
257.61224489795916
259.3838383838384
259.9
260.1287128712871
260.8627450980392
262.84466019417476
263.8269230769231
265.46666666666664
266.5943396226415
270.5327102803738
271.287037037037
272.9449541284404
273.53636363636366
274.94594594594594
275.6607142857143
279.3628318584071
280.57894736842104
281.2260869565217
285.33620689655174
286.3076923076923
287.4237288135593
288.98319327731093
293.125
297.1900826446281
301.44262295081967
302.609756097561
306.18548387096774
309.816
313.44444444444446
314.31496062992125
315.734375
320.3178294573643
323.53846153846155
324.8396946564886
324.32575757575756
325.25563909774434
328.3805970149254
331.43703703703704
334.5735294117647
335.35766423357666
338.0507246376812
338.0143884892086
338.15714285714284
338.65248226950354
339.77464788732397
342.7412587412587
343.53472222222223
346.5655172413793
347.55479452054794
350.5238095238095
353.94594594594594
357.22147651006713
358.14666666666665
361.12582781456956
364.0592105263158
367.202614379085
367.56493506493507
370.458064516129
373.88461538461536
374.49044585987264
376.72151898734177
379.1949685534591
379.50625
380.0807453416149
380.358024691358
381.07975460122697
381.640243902439
383.7090909090909
384.0722891566265
386.7365269461078
386.92857142857144
388.97633136094674
391.55882352941177
394.70175438596493
396.95348837209303
397.2543352601156
399.37931034482756
401.50857142857143
401.375
401.6101694915254
401.1123595505618
401.122905027933
402.98333333333335
402.9502762430939
405.43956043956047
408.24590163934425
410.30434782608694
0.0
410.2795698924731
409.7860962566845
411.9414893617021
414.37566137566137
0.0
414.9319371727749
415.0572916666667
417.38860103626945
419.63917525773195
421.9384615384615
423.984693877551
0.0
423.56060606060606
423.0753768844221
424.87
426.4925373134328
427.9504950495049
427.7192118226601
427.6421568627451
429.0390243902439
428.4466019417476
428.05797101449275
429.46634615384613
429.0047846889952
428.6666666666667
428.478672985782
429.9481132075472
429.0422535211268
428.14953271028037
427.30697674418604
426.47685185185185
425.5806451612903
424.7201834862385
423.80365296803654
422.8909090909091
422.0
422.1081081081081
423.89237668161434
424.1517857142857
426.05333333333334
427.6991150442478
429.61233480176213
431.6666666666667
431.90829694323145
432.04347826086956
434.4761904761905
433.5905172413793
435.45064377682405
435.6880341880342
435.8553191489362
437.6864406779661
439.0337552742616
440.46638655462186
441.8661087866109
441.80833333333334
443.0663900414938
444.57851239669424
445.77777777777777
445.97131147540983
447.2612244897959
449.2357723577236
451.2348178137652
452.86290322580646
454.09638554216866
455.408
457.0557768924303
456.4087301587302
455.9644268774704
455.4803149606299
454.9294117647059
454.48828125
454.0933852140078
453.77131782945736
454.7142857142857
454.0923076923077
453.6168582375479
453.2824427480916
452.9011406844106
452.53409090909093
452.49056603773585
452.17293233082705
452.0112359550562
451.38432835820896
450.7992565055762
450.4925925925926
449.9077490774908
449.08088235294116
448.3809523809524
447.6459854014599
446.85818181818183
446.0688405797101
445.2202166064982
444.4856115107914
443.80286738351253
443.0392857142857
442.29181494661924
441.4609929078014
440.69964664310953
439.90492957746477
439.10526315789474
438.3041958041958
437.52613240418117
436.72222222222223
435.9204152249135
435.21379310344827
434.426116838488
433.6267123287671
432.87030716723547
432.11224489795916
431.3627118644068
430.6587837837838
429.969696969697
429.2684563758389
428.6488294314381
