58.0
59.0
85.0
88.0
54.0
74.0
60.0
53.0
51.0
61.0
63.0
81.0
60.0
67.0
75.0
64.0
80.0
64.0
81.0
58.0
96.0
95.0
78.0
65.0
97.0
89.0
87.0
71.0
70.0
58.0
165.0
125.0
152.0
87.0
213.0
135.0
134.0
122.0
103.0
90.0
120.0
222.0
194.0
156.0
103.0
178.0
130.0
153.0
160.0
188.0
257.0
331.0
220.0
201.0
275.0
305.0
190.0
193.0
260.0
320.0
354.0
222.0
292.0
226.0
255.0
722.0
333.0
288.0
303.0
261.0
306.0
412.0
338.0
368.0
361.0
415.0
408.0
441.0
442.0
675.0
466.0
419.0
734.0
416.0
417.0
481.0
709.0
365.0
434.0
424.0
369.0
429.0
454.0
734.0
845.0
740.0
475.0
803.0
862.0
499.0
778.0
825.0
490.0
383.0
699.0
747.0
723.0
741.0
343.0
384.0
421.0
457.0
360.0
362.0
311.0
441.0
380.0
390.0
393.0
415.0
397.0
260.0
756.0
716.0
762.0
763.0
723.0
375.0
379.0
388.0
369.0
447.0
738.0
776.0
780.0
474.0
880.0
496.0
421.0
780.0
759.0
923.0
797.0
825.0
789.0
484.0
748.0
766.0
452.0
319.0
304.0
748.0
902.0
778.0
812.0
483.0
776.0
891.0
0.0
252.0
781.0
228.0
427.0
691.0
356.0
299.0
418.0
706.0
460.0
423.0
354.0
246.0
245.0
261.0
268.0
274.0
251.0
231.0
261.0
249.0
265.0
368.0
462.0
878.0
764.0
496.0
491.0
823.0
469.0
440.0
787.0
245.0
286.0
254.0
268.0
281.0
243.0
263.0
448.0
275.0
274.0
307.0
253.0
218.0
262.0
225.0
231.0
234.0
230.0
235.0
228.0
472.0
481.0
720.0
876.0
814.0
761.0
803.0
949.0
893.0
775.0
0.0
295.0
736.0
434.0
877.0
874.0
478.0
815.0
786.0
726.0
297.0
856.0
848.0
463.0
911.0
841.0
834.0
988.0
737.0
914.0
820.0
463.0
766.0
749.0
737.0
489.0
814.0
812.0
754.0
767.0
333.0
270.0
260.0
276.0
257.0
289.0
251.0
271.0
265.0
252.0
254.0
468.0
491.0
783.0
408.0
335.0
390.0
729.0
348.0
465.0
332.0
0.0
265.0
842.0
843.0
857.0
953.0
864.0
874.0
871.0
801.0
288.0
371.0
369.0
348.0
351.0
337.0
805.0
333.0
328.0
770.0
343.0
370.0
483.0
742.0
495.0
331.0
405.0
485.0
