70.0
69.0
61.0
67.0
86.0
53.0
89.0
98.0
60.0
85.0
89.0
44.0
90.0
82.0
116.0
89.0
72.0
69.0
87.0
82.0
119.0
124.0
132.0
84.0
132.0
81.0
104.0
101.0
117.0
177.0
104.0
98.0
123.0
139.0
195.0
210.0
136.0
141.0
172.0
240.0
187.0
202.0
179.0
174.0
259.0
195.0
242.0
245.0
199.0
218.0
296.0
232.0
275.0
236.0
223.0
257.0
281.0
295.0
322.0
322.0
212.0
267.0
420.0
386.0
404.0
446.0
286.0
368.0
356.0
276.0
383.0
371.0
409.0
359.0
462.0
396.0
404.0
447.0
457.0
725.0
440.0
824.0
426.0
445.0
802.0
770.0
439.0
772.0
735.0
707.0
916.0
450.0
721.0
475.0
0.0
193.0
494.0
444.0
722.0
682.0
491.0
843.0
885.0
858.0
900.0
820.0
822.0
883.0
0.0
242.0
844.0
861.0
969.0
922.0
874.0
381.0
763.0
0.0
450.0
456.0
484.0
873.0
480.0
912.0
858.0
943.0
958.0
882.0
0.0
421.0
932.0
804.0
840.0
836.0
789.0
774.0
764.0
843.0
469.0
916.0
446.0
365.0
500.0
307.0
284.0
312.0
352.0
312.0
294.0
335.0
384.0
467.0
773.0
748.0
460.0
0.0
365.0
470.0
764.0
842.0
810.0
363.0
826.0
950.0
472.0
729.0
805.0
871.0
823.0
960.0
924.0
428.0
477.0
926.0
776.0
778.0
794.0
493.0
957.0
735.0
867.0
905.0
795.0
833.0
837.0
0.0
384.0
949.0
915.0
805.0
417.0
733.0
272.0
280.0
353.0
287.0
268.0
297.0
289.0
251.0
311.0
267.0
240.0
255.0
285.0
262.0
263.0
253.0
250.0
269.0
247.0
427.0
798.0
464.0
890.0
456.0
311.0
727.0
0.0
468.0
827.0
454.0
893.0
0.0
282.0
968.0
904.0
0.0
447.0
0.0
402.0
369.0
358.0
389.0
384.0
381.0
361.0
441.0
331.0
370.0
384.0
0.0
893.0
0.0
886.0
940.0
0.0
489.0
997.0
0.0
425.0
388.0
255.0
250.0
247.0
258.0
253.0
236.0
260.0
253.0
260.0
28.0
364.0
346.0
400.0
321.0
325.0
344.0
367.0
320.0
365.0
0.0
470.0
826.0
993.0
969.0
0.0
922.0
0.0
424.0
0.0
771.0
0.0
0.0
356.0
973.0
0.0
393.0
0.0
436.0
0.0
369.0
873.0
878.0
456.0
464.0
421.0
884.0
787.0
855.0
