634655033.0
768211039.0
949734729.0
1145537016.0
1268537831.0
1432671595.0
1568249870.0
1689944397.0
1802746714.0
1944087620.0
2089882877.0
2275985053.0
2418049341.0
2559826641.0
2725895169.0
2869292628.0
3052048119.0
3201204486.0
3392638322.0
3529394524.0
3753230977.0
3977163780.0
4160339264.0
4309558888.0
4528751678.0
4732222561.0
4934251971.0
5094678759.0
5255661555.0
5387761756.0
5767284248.0
6059319029.0
6401117094.0
6591704684.0
7067264576.0
7362799604.0
7662445011.0
7946364999.0
8177151745.0
8388283375.0
8665448992.0
9171828185.0
9616079523.0
9979971172.0
10214778208.0
10624626748.0
10917648396.0
11259685163.0
11616669035.0
12044999431.0
12612369233.0
13368356311.0
13868160098.0
14334166243.0
14956895495.0
15632443438.0
16053317164.0
16497309921.0
17096754299.0
17819312904.0
18593989286.0
19082676269.0
19729144146.0
20245286303.0
20838002684.0
22455591639.0
23217796781.0
23879771812.0
24573692260.0
25164618556.0
25865539603.0
26786315344.0
27586739443.0
28412403073.0
29248153010.0
30171884785.0
31131635827.0
32156326750.0
33248358725.0
34804743487.0
35897263892.0
36851235816.0
38516862400.0
39425068922.0
40407770029.0
41514411320.0
43166011349.0
44014767208.0
45026114540.0
46013188420.0
46878325130.0
47875822613.0
48917088272.0
50570804696.0
52591979491.0
54331371220.0
55429995767.0
57250232212.0
59266273598.0
60432891459.0
62234996945.0
64196283269.0
65316167708.0
66162649859.0
67767224162.0
69434887939.0
71067233116.0
72728272782.0
73536620623.0
74475978924.0
75444403165.0
76499991228.0
77305656436.0
78163529479.0
78866189757.0
79897966741.0
80774693461.0
81674803321.0
82601352322.0
83565410719.0
84489157374.0
85085601708.0
86925092235.0
88614067551.0
90370346062.0
92226193218.0
93907150112.0
94794685077.0
95657664181.0
96544709615.0
97403441876.0
98440236112.0
100157563832.0
102024318170.0
103833544419.0
104939678100.0
107033812703.0
108160647244.0
109123571367.0
110948220008.0
112753902655.0
114897684668.0
116718028940.0
118621186220.0
120451504046.0
121574808119.0
123316755883.0
125042898495.0
126072241331.0
126803973979.0
127471372782.0
129204532967.0
131236606321.0
132999308091.0
134835433350.0
135932717705.0
137715993140.0
139726088727.0
0.0
142636336072.0
144434252121.0
144948081889.0
145947294344.0
147550652982.0
148381098620.0
149085853662.0
150075856654.0
151703062651.0
152766282664.0
153739498705.0
154547305491.0
155104618148.0
155671964554.0
156292629586.0
156917036079.0
157549908482.0
158126018184.0
158651013206.0
159258491755.0
159836157093.0
160413487207.0
161226306399.0
162299782003.0
164332726321.0
166057093259.0
167231196965.0
168378823986.0
170293157746.0
171374387028.0
172367300673.0
174182766746.0
174756848202.0
175420725203.0
175999602108.0
176615947300.0
177290532342.0
177825412875.0
178393198325.0
179377083217.0
179998707123.0
180620511213.0
181328724032.0
181920077640.0
182420237916.0
183039641014.0
183576746979.0
184096244970.0
184631442105.0
185193332672.0
185754505932.0
186295518360.0
187417757064.0
188555745305.0
190226684652.0
192275217157.0
194194869400.0
195974239231.0
197862123505.0
200030358724.0
202134006180.0
203911305281.0
0.0
206901264466.0
208615973593.0
209630337002.0
211668915621.0
213700793906.0
214772653201.0
216620149734.0
218410459564.0
220048647636.0
220705401578.0
222751611041.0
224717806767.0
225774147047.0
227870161460.0
229782331588.0
231627175989.0
233819130316.0
235461859446.0
237503827505.0
239296057277.0
240360265944.0
242049653522.0
243785129305.0
245439146501.0
246526303170.0
248386560307.0
250236149516.0
251951342956.0
253663791203.0
254452565083.0
255055220738.0
255673588470.0
256323217972.0
256907595084.0
257546424185.0
258108906981.0
258720071433.0
259300294575.0
259844817165.0
260398562664.0
261445481064.0
262512843063.0
264338751610.0
265236614543.0
265964403597.0
266842486120.0
268452511095.0
269216939725.0
270251613673.0
271005747325.0
0.0
273850817296.0
275817333117.0
277703620960.0
279596091100.0
281788689679.0
283689086675.0
285644752280.0
287583082771.0
289391396527.0
290060003845.0
290895773189.0
291739029625.0
292548681157.0
293325960073.0
294087077828.0
295998998673.0
296773834219.0
297563730990.0
299346169675.0
300130311942.0
300955707232.0
302073216066.0
303799720308.0
304909605462.0
305679991408.0
306626323539.0
307749164996.0
