nan
-490.40625
-605.403125
-584.1416666666668
-766.5
-828.3924999999999
-973.3895833333332
-911.5660714285714
-912.0109375
-902.5201388888888
-899.71125
-927.0073863636363
-908.009375
-896.1596153846153
-920.5696428571428
-905.5591666666666
-871.8355468750001
-855.8808823529413
-871.6413194444445
-913.8289473684213
-911.5450000000003
-935.5068452380956
-950.9210227272731
-939.93097826087
-923.0101562499999
-910.314
-890.315625
-875.7902777777776
-862.3941964285714
-868.8887931034482
-868.4243749999999
-855.3967741935483
-857.66171875
-877.2032196969697
-907.3169117647058
-899.3751785714285
-893.9114583333334
-878.1434121621622
-879.2307565789474
-870.3394230769231
-861.804375
-887.6759146341464
-892.7434523809524
-896.5972383720931
-878.7105113636364
-868.8540277777778
-853.8009510869565
-842.3458776595744
-827.1018229166666
-814.8892857142856
-804.355
-794.7611519607843
-785.0411057692307
-773.7856132075472
-765.8295138888889
-759.7260227272726
-751.6433035714284
-745.4775219298244
-734.2276939655171
-726.9088983050847
-720.8288541666665
-715.0996926229507
-708.0671370967741
-698.823611111111
-691.940234375
-689.3553846153847
-683.952556818182
-675.6369402985076
-668.5795036764707
-664.3480072463768
-662.3814285714286
-659.3854753521127
-653.9282118055556
-648.1829623287672
-641.655152027027
-636.5770833333335
-633.4513980263159
-627.9410714285715
-621.6023237179488
-618.4017405063292
-612.9100781249999
-608.7269290123455
-605.886356707317
-599.8603162650602
-594.3302083333333
-588.3657352941176
-583.0203488372092
-578.8801005747125
-573.3058948863636
-568.7896769662922
-563.8703472222222
-559.1506181318682
-554.3897418478261
-550.2536962365592
-545.3398271276596
-540.8305263157896
-535.9134114583334
-531.4308634020618
-528.2695790816326
-524.365404040404
-521.8306875
-517.887561881188
-514.9965686274509
-511.20230582524266
-508.35703125000003
-505.5279166666667
-501.4629127358491
-498.05712616822433
-494.52268518518525
-491.72735091743124
-487.7067613636364
-484.17849099099107
-482.5052455357143
-482.3350663716814
-481.9924890350878
-480.4100543478261
-483.73922413793105
-480.490811965812
-478.479343220339
-475.8592962184874
-474.33958333333334
-473.1242768595041
-470.7728995901639
-469.2654471544715
-467.8122479838709
-466.22919999999993
-464.9810515873016
-463.12928149606296
-461.713623046875
-460.3011143410853
-458.1908653846154
-455.8410782442748
-453.1670928030303
-451.22824248120304
-448.8071828358209
-446.68324074074076
-444.2678768382353
-441.6498175182482
-439.1197010869565
-436.4944694244605
-434.3178571428571
-432.1437056737589
-429.3106514084507
-427.00388986013985
-424.44197048611113
-421.6862068965517
-419.1025256849315
-416.54557823129255
-414.3345016891892
-412.27353187919465
-410.04770833333333
-408.77400662251654
-406.8425575657895
-405.28480392156865
-403.6409496753247
-402.21237903225807
-400.3813701923077
-398.42360668789814
-396.62919303797474
-394.91037735849056
-393.39390625
-391.8596273291925
-390.09363425925926
-388.3691717791411
-386.1555259146341
-384.62757575757576
-382.56091867469877
-380.4765344311377
-378.3877976190476
-376.3809541420118
-374.4780514705882
-372.687865497076
-370.86177325581394
-369.0972543352601
-367.6889367816092
-365.753
-364.18007812499997
-362.87959039548025
-361.8308988764045
-361.24308659217877
-359.9314236111111
-358.675794198895
-357.496978021978
-356.1112704918033
-354.69405570652174
-352.9456081081081
-351.6282258064516
-350.31423796791444
-349.22815824468086
-347.7481150793651
-346.756875
-345.536780104712
-344.11123046874997
-343.06201424870466
-341.6754510309279
-340.28653846153844
-339.2430165816327
-338.7636421319797
-337.2215277777778
-335.95009422110553
