nan
-957.44375
-1314.909375
-1108.0125
-977.0296874999999
-845.24375
-821.4375
-775.5678571428572
-747.5390625
-715.6423611111111
-678.80125
-833.0335227272727
-850.5848958333332
-949.9932692307691
-940.2241071428571
-938.7225
-902.7421875
-879.6238970588236
-867.840625
-854.5569078947369
-835.9640625
-824.246130952381
-847.4838068181817
-837.7595108695652
-856.8197916666667
-842.5975
-839.8346153846154
-832.4988425925926
-892.9138392857143
-875.3659482758621
-897.2352083333334
-972.7487903225807
-971.3603515625
-967.6602272727272
-954.0516544117646
-982.4933928571427
-969.3520833333332
-967.7400337837837
-985.0508223684211
-990.9376602564103
-981.4756249999998
-999.2562499999998
-985.5883928571427
-970.383430232558
-953.0015625
-937.2395833333334
-922.9308423913043
-911.0577127659575
-900.0166666666668
-886.2428571428571
-871.23425
-861.1912990196079
-847.5501201923076
-837.3766509433962
-825.4847222222221
-817.5423863636363
-808.7039062499999
-801.9208333333332
-793.6883620689655
-785.5188559322033
-778.4847916666665
-769.3559426229507
-761.0896169354838
-753.7279761904762
-748.112109375
-741.08875
-734.3445075757576
-728.2833022388061
-722.4563419117649
-716.8845108695654
-707.969375
-701.6028169014085
-693.9911458333333
-687.9650684931507
-683.2808277027028
-677.0815833333335
-671.7043585526317
-665.7843344155846
-660.2064903846156
-654.6071993670888
-650.4419531249999
-644.2810956790123
-639.3833079268292
-634.4033885542168
-628.5300595238094
-623.8655882352941
-618.6017441860465
-612.6201149425287
-607.2975142045453
-602.8598314606741
-597.7702777777778
-595.4638049450549
-592.3171874999999
-588.9206989247311
-583.3605718085106
-577.9776315789472
-573.18984375
-568.8284793814433
-566.5484693877551
-563.0481060606061
-559.2488125
-555.4173267326732
-552.2503063725491
-550.0806432038835
-546.5105168269231
-542.4027380952381
-538.9011202830188
-534.4546144859813
-530.3068287037037
-526.1486811926605
-522.8372727272728
-519.1082207207207
-515.0875558035715
-511.3334623893806
-508.30158991228075
-505.81336956521744
-502.6893318965518
-499.93723290598297
-496.9538135593221
-494.11780462184885
-490.6309375000001
-487.4172520661158
-484.54262295081975
-481.2500000000001
-478.4027721774195
-475.4088000000001
-472.76121031746044
-469.9517716535434
-467.390380859375
-464.88968023255813
-462.07490384615386
-459.76488549618324
-457.38352272727275
-454.64464285714286
-451.87700559701494
-449.20222222222225
-446.56397058823535
-444.81437043795626
-442.62481884057974
-440.33529676258996
-438.2209375
-436.0694148936171
-434.28604753521125
-432.56193181818185
-429.98120659722224
-427.45741379310346
-424.9828767123288
-422.7812925170068
-420.3535050675676
-418.52722315436245
-416.56216666666666
-414.79337748344375
-412.22236842105264
-410.11307189542487
-408.538961038961
-406.2754838709678
-404.3208333333333
-402.14339171974524
-399.9627768987342
-398.0041666666667
-396.0087890625
-393.8619953416149
-392.3640432098765
-391.0018404907975
-389.1500762195122
-387.3057196969697
-385.3993222891566
-383.8962949101796
-383.4891369047619
-383.7040310650887
-382.89665441176464
-381.4239400584795
-380.73412063953486
-379.7759031791907
-379.0645474137931
-378.1725
-378.71906960227267
-376.99067796610166
-375.11966292134827
-373.25118715083795
-371.51295138888884
-369.72610497237565
-367.87936126373626
-366.296618852459
-365.0886548913044
-363.3368243243243
-361.65782930107525
-360.18034759358284
-358.58134973404253
-357.30109126984127
-355.8921381578947
-354.42539267015707
-352.84925130208336
-351.3072215025907
-350.08047680412375
-348.48615384615385
-347.0664540816327
-346.11906725888326
-345.4571338383839
-345.7237123115578
