-693.8375
-326.95
-881.1875
-2417.3375
-452.325
-621.775
-984.61875
-816.125
-939.59375
-876.33125
-1044.65
-674.56875
-691.46875
-1918.73125
-536.8625
-1393.55625
-605.88125
-2026.58125
-765.0625
-380.70625
-393.1625
-1093.35
-602.03125
-1000.35
-618.64375
-564.0
-373.175
-390.65
-380.84375
-544.20625
-485.7
-525.775
-543.1125
-307.39375
-253.23125
-437.4875
-421.1125
-715.95
-370.2375
-649.50625
-677.59375
-356.04375
-249.1375
-208.86875
-433.3
-251.94375
-373.7125
-418.45625
-315.83125
-286.9375
-523.41875
-334.24375
-231.8625
-257.85
-426.88125
-195.96875
-170.0375
-239.43125
-143.51875
-178.7
-336.0625
-238.61875
-144.09375
-149.5625
-222.71875
-204.01875
-217.20625
-184.78125
-146.8
-100.5375
-151.325
-203.73125
-208.25
-239.1375
-167.6
-159.8875
-218.95625
-188.35
-290.25625
-144.84375
-221.90625
-122.33125
-116.14375
-136.41875
-147.55625
-213.675
-251.5625
-76.64375
-89.83125
-207.675
-135.99375
-202.9625
-143.75
-176.78125
-169.075
-229.2375
-239.325
-171.64375
-260.175
-202.39375
-89.86875
-139.5125
-234.09375
-183.1125
-205.2
-283.78125
-318.1
-400.6375
-357.225
-241.65625
-313.9625
-345.8
-298.1625
-142.13125
-225.8125
-296.6375
-46.79375
-148.03125
-161.69375
-99.15
-114.14375
-189.20625
-173.06875
-247.5125
-118.61875
-136.375
-251.41875
-218.19375
-102.24375
-140.9875
-92.9625
-151.7
-164.6
-133.46875
-165.075
-91.10625
-128.51875
-140.5125
-125.85625
-81.01875
-115.0
-182.01875
-146.13125
-104.3875
-67.45
-61.79375
-141.9875
-99.39375
-177.30625
-49.65
-120.09375
-146.4625
-102.3875
-98.53125
-88.39375
-73.54375
-94.9625
-107.19375
-129.575
-566.75625
-296.4
-203.58125
-333.475
-262.8875
-370.5125
-389.83125
-382.55625
-349.85625
-273.225
-199.06875
-144.10625
-85.30625
-108.825
-124.29375
-106.1125
-41.46875
-43.5125
-72.55
-82.8375
-53.13125
-43.325
-53.33125
-74.55625
-121.58125
-140.13125
-87.49375
-525.21875
-185.3625
-348.14375
-283.2375
-210.5875
-167.03125
-268.175
-336.5875
-177.075
-124.15625
-73.8
-73.79375
-274.41875
-79.5625
-101.78125
-157.7
-37.99375
-116.8125
-83.16875
-34.56875
-25.09375
-57.36875
-44.70625
-69.03125
-87.86875
-48.7
-84.25625
-65.075
-226.7625
-218.14375
-209.68125
-183.20625
-276.41875
-212.9125
-192.825
-260.525
-196.5875
-171.3625
-215.15
-153.75
-228.63125
-152.41875
-68.35625
-68.83125
-130.7125
-142.51875
-76.88125
-91.01875
-150.79375
-204.39375
-176.075
-231.66875
-81.88125
-99.08125
-57.18125
-41.425
-46.6625
-95.975
-39.2375
-39.95
-142.9125
-88.825
-172.4625
-104.58125
-76.11875
-126.1875
-113.43125
-146.75625
-368.0
-137.33125
-106.1
-136.34375
-129.85625
-139.1375
-116.20625
-48.36875
-125.95
-87.35
-52.36875
-20.0
-88.30625
-132.85625
-82.91875
-60.64375
-101.25
-34.46875
-81.025
-23.0
-29.33125
-36.1875
-29.475
-50.0375
-26.0
-36.28125
-182.35625
-202.1125
-386.09375
-205.49375
-493.1
-116.4375
-174.3625
-151.75
-421.45625
-72.06875
-89.25
-133.75625
-114.34375
-107.4875
-92.35
-53.60625
-60.9375
-49.46875
-22.0
-30.51875
