-944.3
-366.98125
-1330.70625
-485.5
-758.38125
-1235.13125
-802.50625
-918.3125
-441.0
-646.71875
-937.2125
-972.7625
-653.7125
-1128.3625
-848.9125
-617.91875
-622.15625
-550.8625
-560.6125
-431.19375
-1161.7875
-285.35625
-646.625
-607.83125
-357.13125
-550.33125
-665.95
-398.1625
-747.25
-315.76875
-250.65625
-280.40625
-204.25
-172.21875
-209.20625
-275.275
-97.0625
-200.825
-198.3
-156.75
-354.75625
-201.96875
-76.6
-85.01875
-227.7625
-145.0875
-87.54375
-213.9625
-204.775
-145.89375
-145.51875
-61.98125
-247.1375
-83.78125
-153.13125
-264.13125
-228.7625
-114.05625
-124.29375
-231.575
-168.03125
-251.325
-151.85
-79.88125
-290.7375
-167.23125
-352.25
-171.85
-265.28125
-90.83125
-105.1625
-143.825
-223.49375
-139.90625
-262.4875
-227.68125
-139.8125
-216.1125
-259.15625
-209.9875
-184.98125
-426.0
-215.36875
-1432.38125
-1083.86875
-261.125
-146.60625
-325.15
-161.3625
-223.4375
-276.40625
-266.225
-399.54375
-121.38125
-342.38125
-391.45625
-210.9125
-221.575
-219.81875
-102.01875
-142.23125
-139.7625
-243.95
-158.1375
-93.11875
-237.29375
-81.78125
-220.24375
-333.76875
-159.55625
-259.55625
-166.7375
-263.79375
-183.40625
-309.39375
-213.24375
-172.59375
-302.5375
-224.09375
-361.7
-245.275
-294.20625
-449.38125
-201.2
-125.09375
-164.025
-271.31875
-315.825
-242.6125
-265.79375
-237.28125
-93.5375
-95.49375
-126.3375
-82.25625
-105.34375
-129.85625
-87.78125
-181.83125
-170.16875
-232.95625
-166.2625
-57.74375
-96.0625
-165.69375
-198.5875
-64.21875
-155.7
-177.5
-126.43125
-135.375
-196.25
-306.25
-255.6125
-165.075
-138.41875
-167.3125
-127.43125
-265.13125
-188.875
-164.2625
-166.03125
-143.46875
-107.29375
-139.85
-190.5875
-185.7375
-74.40625
-74.54375
-75.55
-119.0
-146.1375
-195.49375
-135.5625
-291.41875
-158.75
-151.8
-139.6125
-101.25
-119.05625
-60.175
-91.875
-94.7375
-107.49375
-168.9
-242.99375
-210.35
-225.20625
-162.275
-196.96875
-105.29375
-103.01875
-262.725
-336.4375
-138.3375
-132.95
-369.525
-433.58125
-245.80625
-205.2
