0.546760637
0.67611415
0.983591571
1.135234025
1.307596869
1.450440447
1.941276778
2.068656145
2.50100327
2.74574406
2.948499248
3.563351998
4.179408435
4.797067388
6.02388708
6.440067146
6.680918569
7.339123405
7.703148186
8.310698968
9.025452141
9.71748133
10.412715903
11.095793641
11.778850954
12.278706664
12.857000561
13.35237314
13.993468879
14.340441257
14.678507646
15.516757528
15.845762
16.752677259
17.503898325
18.144024128
18.839770713
19.682364899
20.529734576
21.007291494
21.873898154
22.540551107
23.13653749
23.694207934
25.516900622
26.867561921
28.136949939
28.832973568
29.792661116
30.603767641
31.502085292
33.289318336
34.808424479
36.165060166
36.966188733
38.026283686
38.709968485
39.612946749
40.229049104
41.189344074
41.774918594
42.428202757
43.364118963
44.086482349
44.867320239
45.615700195
46.485402883
47.070973699
47.968788531
48.693823158
49.399542754
50.498452773
51.22377091
51.979212769
52.732575121
53.314195929
54.065149491
54.880892499
55.703826857
56.627054415
57.815959654
58.589623863
59.453921308
60.431306455
61.496731355
62.400961364
63.050272408
63.736530566
64.245758759
64.981030403
65.771753983
66.603654287
67.172628698
67.860187587
68.947186919
70.06932716
70.738114418
71.230054244
72.016709886
72.800475294
73.514247134
74.12565537
75.305948057
76.423427394
77.193369305
78.146840598
79.08329637
79.718842292
81.182596721
82.359352059
84.505301722
85.744365005
87.158354883
88.495563403
89.55300489
90.479154838
91.225365275
91.828254099
92.490055456
93.306038967
94.180714361
95.207631753
96.207026535
97.306569324
98.083543308
98.868020815
99.408044544
100.195172862
101.273586104
101.841473148
103.088594243
104.357715876
105.439667209
106.359192537
107.736789813
108.956041164
109.988157003
110.720557506
111.332319991
112.174231046
113.284981045
113.905880545
115.085383207
115.755702706
116.479616424
117.1689608
118.558890148
119.395619935
120.140745745
120.81920599
123.068189229
125.051291777
125.910176845
126.666063373
127.85589754
128.734673634
132.220888622
136.033399055
137.956185299
139.997197816
142.330219734
143.351076789
144.485536619
145.224725269
146.055012497
147.248352001
148.154972503
149.570467183
150.343900024
151.268131047
152.622895257
153.492053812
154.188245312
155.145886855
156.863923893
157.974245889
159.116045656
160.227350669
160.873210426
162.112808662
163.404844267
164.33931674
165.136176949
166.193729595
167.383952259
168.318714148
168.946534964
170.355852052
171.824011614
172.557386455
173.466270776
174.397884316
177.51691331
179.468217671
181.485396661
183.823378179
184.716114463
185.555312979
188.160914685
190.116312209
