18.0
13.0
15.0
19.0
11.0
19.0
11.0
16.0
16.0
40.0
39.0
14.0
25.0
17.0
14.0
12.0
33.0
13.0
20.0
14.0
14.0
18.0
24.0
23.0
23.0
26.0
9.0
14.0
13.0
23.0
27.0
33.0
14.0
42.0
15.0
30.0
17.0
33.0
25.0
10.0
21.0
22.0
38.0
21.0
47.0
18.0
16.0
40.0
27.0
39.0
17.0
15.0
13.0
21.0
19.0
18.0
71.0
50.0
27.0
41.0
22.0
43.0
12.0
13.0
12.0
11.0
19.0
14.0
22.0
28.0
29.0
18.0
15.0
17.0
46.0
21.0
12.0
18.0
13.0
21.0
18.0
34.0
19.0
14.0
20.0
10.0
27.0
59.0
23.0
24.0
11.0
23.0
29.0
50.0
13.0
30.0
17.0
16.0
12.0
31.0
42.0
36.0
14.0
35.0
24.0
31.0
17.0
17.0
36.0
25.0
25.0
49.0
16.0
15.0
16.0
54.0
44.0
16.0
60.0
15.0
17.0
19.0
12.0
54.0
31.0
15.0
22.0
21.0
43.0
30.0
41.0
15.0
58.0
47.0
11.0
18.0
21.0
20.0
15.0
10.0
12.0
20.0
25.0
36.0
70.0
15.0
42.0
27.0
15.0
53.0
80.0
33.0
54.0
19.0
22.0
35.0
24.0
25.0
15.0
39.0
32.0
19.0
74.0
18.0
25.0
22.0
43.0
43.0
21.0
34.0
75.0
35.0
16.0
22.0
31.0
28.0
20.0
20.0
23.0
16.0
37.0
17.0
55.0
26.0
69.0
28.0
49.0
27.0
98.0
25.0
54.0
22.0
10.0
39.0
30.0
15.0
19.0
44.0
28.0
64.0
27.0
83.0
32.0
27.0
61.0
45.0
18.0
21.0
36.0
43.0
61.0
20.0
41.0
18.0
19.0
22.0
31.0
15.0
10.0
44.0
37.0
12.0
118.0
78.0
31.0
21.0
59.0
18.0
37.0
46.0
103.0
73.0
55.0
23.0
26.0
237.0
28.0
11.0
19.0
24.0
25.0
15.0
24.0
81.0
146.0
36.0
13.0
52.0
47.0
90.0
30.0
24.0
119.0
109.0
109.0
71.0
16.0
27.0
78.0
113.0
31.0
22.0
74.0
175.0
26.0
91.0
109.0
110.0
145.0
18.0
155.0
18.0
30.0
217.0
90.0
66.0
48.0
131.0
71.0
22.0
54.0
146.0
170.0
142.0
46.0
138.0
132.0
174.0
159.0
148.0
145.0
180.0
245.0
175.0
201.0
166.0
253.0
146.0
142.0
198.0
109.0
218.0
137.0
215.0
144.0
124.0
109.0
186.0
139.0
236.0
287.0
289.0
48.0
159.0
244.0
402.0
212.0
238.0
288.0
219.0
265.0
283.0
311.0
118.0
500.0
500.0
11.0
401.0
303.0
367.0
500.0
145.0
112.0
257.0
311.0
500.0
500.0
500.0
500.0
500.0
268.0
349.0
376.0
500.0
48.0
309.0
289.0
500.0
323.0
500.0
500.0
500.0
500.0
203.0
500.0
500.0
500.0
500.0
500.0
500.0
500.0
500.0
500.0
500.0
500.0
500.0
500.0
500.0
500.0
500.0
500.0
500.0
500.0
500.0
500.0
500.0
500.0
500.0
500.0
500.0
500.0
500.0
290.0
500.0
500.0
500.0
500.0
500.0
500.0
500.0
500.0
500.0
500.0
500.0
500.0
500.0
500.0
500.0
500.0
500.0
500.0
500.0
500.0
500.0
500.0
500.0
500.0
500.0
500.0
500.0
500.0
500.0
500.0
500.0
500.0
500.0
500.0
500.0
500.0
500.0
500.0
500.0
500.0
500.0
500.0
500.0
500.0
500.0
500.0
500.0
500.0
500.0
500.0
500.0
500.0
500.0
500.0
500.0
500.0
500.0
500.0
500.0
500.0
500.0
500.0
500.0
500.0
500.0
500.0
500.0
500.0
500.0
500.0
500.0
500.0
500.0
500.0
500.0
500.0
500.0
500.0
500.0
500.0
500.0
500.0
500.0
500.0
500.0
500.0
500.0
500.0
500.0
500.0
500.0
500.0
500.0
500.0
500.0
500.0
500.0
500.0
500.0
500.0
500.0
500.0
500.0
500.0
500.0
500.0
500.0
500.0
500.0
500.0
500.0
500.0
500.0
500.0
500.0
500.0
500.0
500.0
500.0
500.0
500.0
500.0
500.0
500.0
500.0
500.0
500.0
500.0
500.0
500.0
500.0
500.0
500.0
500.0
500.0
500.0
500.0
500.0
500.0
500.0
500.0
500.0
500.0
500.0
500.0
500.0
500.0
500.0
500.0
500.0
500.0
500.0
500.0
500.0
500.0
500.0
500.0
500.0
500.0
500.0
500.0
500.0
500.0
500.0
500.0
500.0
500.0
500.0
500.0
500.0
500.0
500.0
500.0
500.0
500.0
500.0
500.0
500.0
500.0
500.0
500.0
500.0
500.0
500.0
500.0
500.0
500.0
500.0
500.0
500.0
500.0
500.0
500.0
500.0
500.0
500.0
500.0
500.0
500.0
500.0
500.0
500.0
500.0
500.0
500.0
500.0
500.0
500.0
500.0
500.0
500.0
500.0
500.0
500.0
500.0
500.0
500.0
500.0
500.0
500.0
500.0
500.0
500.0
500.0
500.0
500.0
500.0
500.0
500.0
500.0
500.0
500.0
500.0
500.0
500.0
500.0
500.0
500.0
500.0
500.0
500.0
500.0
500.0
500.0
500.0
500.0
500.0
500.0
500.0
500.0
500.0
500.0
500.0
500.0
500.0
500.0
500.0
500.0
500.0
500.0
500.0
500.0
500.0
500.0
500.0
500.0
500.0
500.0
500.0
500.0
500.0
500.0
500.0
500.0
500.0
500.0
500.0
500.0
500.0
500.0
500.0
500.0
500.0
500.0
500.0
500.0
500.0
500.0
500.0
