1717158625.344884
1717158625.3815048
1717158625.3969197
1717158625.4073513
1717158625.4163494
1717158625.4289608
1717158625.438785
1717158625.4568393
1717158625.475735
1717158625.4813075
1717158625.4952602
1717158625.5090034
1717158625.5139282
1717158625.5234659
1717158625.5372522
1717158625.5486972
1717158625.561785
1717158625.5710123
1717158625.5812023
1717158625.5944421
1717158625.6062744
1717158625.616265
1717158625.6422458
1717158625.655373
1717158625.6668515
1717158625.6762323
1717158625.6987448
1717158625.712016
1717158625.7303288
1717158625.740319
1717158625.750232
1717158625.7794957
1717158625.7874491
1717158625.793495
1717158625.8001862
1717158625.8199646
1717158625.8383043
1717158625.8460078
1717158625.8520021
1717158625.857476
1717158625.8645868
1717158625.8747327
1717158625.894461
1717158625.9004786
1717158625.91254
1717158625.923456
1717158625.9353862
1717158625.9456668
1717158625.958664
1717158625.9754627
1717158625.985261
1717158625.996144
1717158626.019445
1717158626.0444226
1717158626.0667226
1717158626.0748737
1717158626.0906565
1717158626.112906
1717158626.1199958
1717158626.1313896
1717158626.1406214
1717158626.165607
1717158626.1716018
1717158626.1819143
1717158626.1894727
1717158626.1981316
1717158626.204101
1717158626.213301
1717158626.2247145
1717158626.2317705
1717158626.2421088
1717158626.2606263
1717158626.2796988
1717158626.287314
1717158626.2943964
1717158626.3074248
1717158626.319375
1717158626.3253999
1717158626.3313396
1717158626.3443918
1717158626.3546352
1717158626.382943
1717158626.3916643
1717158626.4101398
1717158626.4172914
1717158626.4407096
1717158627.8656628
1717158627.8761868
1717158627.9075506
1717158627.9277828
1717158627.9403718
1717158627.9633095
1717158627.9682353
1717158627.9826014
1717158628.0019271
1717158628.0120077
1717158628.0219288
1717158628.029447
1717158628.0605156
1717158628.0813708
1717158628.094943
1717158628.10222
1717158628.1128352
1717158628.130802
1717158628.1611044
1717158628.173973
1717158628.2253509
1717158628.2336404
1717158628.2480023
1717158628.2693202
1717158628.290138
1717158628.3023639
1717158628.322652
1717158628.3508077
1717158628.3589108
1717158628.3735795
1717158628.394221
1717158628.4122753
1717158628.4273822
1717158628.437653
1717158628.4511898
1717158628.4636698
1717158628.4908078
1717158628.5061479
1717158628.518638
1717158628.5408185
1717158628.5522318
1717158628.5609126
1717158628.576645
1717158628.5880578
1717158628.596777
1717158628.611421
1717158628.6211917
1717158628.6309369
1717158628.6407142
1717158628.662946
1717158628.6938791
1717158628.7048092
1717158628.7134907
1717158628.7259982
1717158628.7411518
1717158628.7520335
1717158628.7596388
1717158628.7812757
1717158628.7954276
1717158628.8051672
1717158628.8289347
1717158628.8365493
1717158628.8458169
1717158628.8643453
1717158628.893617
1717158628.9397097
1717158628.9511168
1717158628.9662938
1717158628.972239
1717158628.98798
1717158629.0118427
1717158630.2204363
1717158630.2673542
1717158630.2772107
1717158630.3001268
1717158630.3082483
1717158630.3229072
1717158630.3294423
1717158630.3532012
1717158630.4056454
1717158630.418692
1717158630.4387765
1717158630.4452484
1717158630.4511676
1717158630.4787989
1717158630.5009522
1717158630.5254452
1717158630.542179
1717158630.579548
1717158630.6039488
1717158630.6201837
1717158630.640213
1717158630.699339
1717158630.7304072
1717158630.7436118
1717158630.7598252
1717158630.7954407
1717158630.8263779
1717158630.8821049
1717158630.8918352
1717158630.9194264
1717158630.9307635
1717158630.9356647
1717158630.9492517
1717158630.9686894
1717158630.9816768
1717158630.9985027
1717158631.0044873
1717158631.0146544
1717158631.0240102
1717158631.0343552
1717158631.0560694
1717158631.0717936
1717158631.093426
1717158631.1209037
1717158631.1344297
1717158631.1468232
1717158631.210131
1717158631.2307024
1717158631.2382727
1717158631.2620966
1717158632.5023181
1717158632.5158045
1717158632.5572724
1717158632.5695398
1717158632.6224773
1717158632.6343338
1717158632.6882703
1717158632.704491
1717158632.7590978
1717158632.7732081
1717158632.8023376
1717158632.838454
1717158632.8551412
1717158632.8730848
1717158632.8855321
1717158632.9109466
1717158632.9505746
1717158633.0180657
1717158633.0747519
1717158633.0839221
1717158633.124611
1717158633.1576028
1717158633.1728263
1717158633.1934521
1717158633.203617
1717158633.223275
1717158633.2538877
1717158633.3133855
1717158633.3441846
1717158633.4041548
1717158633.4279468
1717158633.4524398
1717158633.465416
1717158633.492978
1717158633.5109394
1717158633.5261884
1717158634.703017
1717158634.762937
1717158634.8166916
1717158634.8871675
1717158634.95744
1717158635.0179777
1717158635.0434716
1717158635.0579276
1717158635.1708689
1717158635.1806645
1717158635.2099662
1717158635.2256033
1717158635.2352924
1717158635.3072824
1717158635.3515732
1717158635.362396
1717158635.410329
1717158635.4504025
1717158635.4892666
1717158635.5400414
1717158635.5546517
1717158635.5962572
1717158635.6307292
1717158635.6892633
1717158635.7169454
1717158635.763551
1717158636.9811623
1717158637.0342913
1717158637.1113257
1717158637.1740892
1717158637.252316
1717158637.347536
1717158637.4501832
1717158637.5273447
1717158637.6585312
1717158637.6846871
1717158637.7339325
1717158637.7733245
1717158637.8509555
1717158637.9226227
1717158638.0008883
1717158639.1997979
1717158639.3130407
1717158639.4087698
1717158639.4916413
1717158639.6274006
1717158639.7370553
1717158639.848089
1717158639.9493191
1717158640.048571
1717158640.1568654
1717158640.2517009
1717158640.3064723
1717158641.525952
1717158641.647864
1717158641.766931
1717158641.924091
1717158642.0842688
1717158642.178475
1717158642.3195717
1717158642.4261081
1717158642.5594795
1717158643.8253593
1717158643.962545
1717158644.093529
1717158644.1927972
1717158644.4187884
1717158644.704594
1717158644.735744
1717158644.874042
1717158646.0375967
1717158646.1792269
1717158646.3215802
1717158646.520451
1717158646.8201692
1717158646.9420877
1717158648.3352206
1717158648.6213722
1717158648.9027095
1717158649.188938
1717158649.2442286
1717158650.588318
1717158650.7513156
1717158650.9653342
1717158651.113555
1717158651.2794776
1717158651.5679812
1717158651.6117847
1717158652.8416817
1717158653.1318433
1717158653.2885208
1717158653.578896
1717158653.7224207
1717158654.011581
1717158655.3619704
1717158655.5821471
1717158655.8695633
1717158656.1634037
1717158657.5344672
1717158657.826244
1717158657.9497633
1717158658.2384555
1717158658.5335555
1717158659.9924006
1717158660.2814603
1717158660.577702
1717158660.8444118
1717158662.3263063
1717158662.6164532
1717158662.9047554
1717158663.0437515
1717158664.407299
1717158664.7001197
1717158664.9912238
1717158665.2861881
1717158666.6829646
1717158666.9740527
1717158667.266684
1717158667.5580943
1717158668.948963
1717158669.2398868
1717158669.537242
1717158669.8291886
1717158670.1327696
1717158671.5152907
1717158671.808961
1717158672.1070483
1717158672.3984253
1717158673.7799609
1717158674.0974867
1717158674.4077568
1717158674.7191176
1717158676.1262033
1717158676.4370077
1717158676.7564118
1717158677.0699294
1717158678.5199256
1717158678.8366585
1717158679.1469007
1717158679.4597447
1717158680.9381757
1717158681.2488863
1717158681.583464
1717158681.898767
1717158683.3527303
1717158683.6730912
1717158683.9783564
1717158684.2783647
1717158685.6334383
1717158685.9235723
1717158686.2190974
1717158686.5103204
1717158687.9741216
1717158688.2652843
1717158688.5565095
1717158688.8490996
1717158690.2381558
1717158690.5307186
1717158690.824622
1717158691.1168432
1717158692.5785882
1717158692.8755705
1717158693.1689627
1717158693.4672732
1717158693.765381
1717158695.1511338
1717158695.4428432
1717158695.7537558
1717158696.0551863
1717158697.4412644
1717158697.7470427
1717158698.0438266
1717158698.344915
1717158699.7705908
1717158700.0670762
1717158700.3600922
1717158700.6514013
1717158702.0218365
1717158702.3129656
1717158702.60826
1717158702.9006145
1717158704.3021493
1717158704.5956008
1717158704.9146295
1717158705.2323062
1717158706.6013377
1717158706.9070225
1717158707.2062912
1717158707.514182
1717158708.924736
1717158709.236321
1717158709.5427492
1717158709.8551078
1717158711.237011
1717158711.5421665
1717158711.864518
1717158712.1830256
1717158713.621614
1717158713.9370196
1717158714.2460616
1717158714.5564766
1717158715.9604342
1717158716.2687874
1717158716.5787907
1717158716.889327
1717158717.1998985
1717158718.6599932
1717158718.9689085
1717158719.279148
1717158719.589545
1717158720.8668041
1717158721.1768386
1717158721.4857361
1717158721.7963717
1717158723.2086098
1717158723.5234923
1717158723.8387828
1717158724.147488
1717158725.4970493
1717158725.8083029
1717158726.1148732
1717158726.4206703
1717158727.739524
1717158728.0430906
1717158728.339641
1717158728.6498961
1717158730.0485024
1717158730.3458142
1717158730.644049
1717158730.9413202
1717158732.3040164
1717158732.6012201
1717158732.9039419
1717158733.2012649
1717158734.5873678
1717158734.890081
1717158735.1868212
1717158735.4893746
1717158736.90464
1717158737.204286
1717158737.5174735
1717158737.8317418
1717158739.2086003
1717158739.5118365
1717158739.8081973
1717158740.110681
1717158741.4948413
1717158741.7920752
1717158742.0937533
1717158742.3906522
1717158742.6939108
1717158744.0787458
1717158744.3735511
1717158744.667588
1717158744.9704187
1717158746.3478234
1717158746.6474106
1717158746.948372
1717158747.2429101
1717158748.5666876
1717158748.8609426
1717158749.156712
1717158749.4570055
1717158750.761178
1717158751.064192
1717158751.357846
1717158751.653672
1717158753.0418851
1717158753.3368363
1717158753.631738
1717158753.9255688
1717158755.3216608
1717158755.6173346
1717158755.9130716
1717158756.208885
1717158757.648579
1717158757.9563866
1717158758.251452
1717158758.552842
1717158759.9221928
1717158760.2210982
1717158760.5266018
1717158760.8355746
1717158762.2228043
1717158762.524466
1717158762.8205361
1717158763.117034
1717158764.54653
1717158764.8430743
1717158765.1389477
1717158765.4410238
1717158765.7370005
1717158767.2167113
1717158767.5118265
1717158767.808744
1717158768.1040928
1717158769.588573
1717158769.891611
1717158770.1899538
1717158770.4908864
1717158771.8809743
1717158772.1771362
1717158772.479299
1717158772.775159
1717158774.2462516
1717158774.5872316
1717158774.8819804
1717158775.184081
1717158776.670711
1717158776.9658532
1717158777.2700465
1717158777.5732834
1717158779.0073795
1717158779.3160617
1717158779.6231256
1717158779.9245076
1717158781.3904607
1717158781.6974463
1717158782.0045395
1717158782.2964504
1717158783.7242312
1717158784.0160031
1717158784.3066366
1717158784.5989997
1717158785.9958165
1717158786.2894068
1717158786.5823054
1717158786.8999455
1717158788.2715485
1717158788.562814
1717158788.860669
1717158789.1526868
1717158790.540703
1717158790.848818
1717158791.1467772
1717158791.4458618
1717158791.749276
1717158793.126344
1717158793.4239528
1717158793.715557
1717158794.0154455
1717158795.4164631
1717158795.7316713
1717158796.0338
1717158796.3517575
1717158797.7892957
1717158798.1023812
1717158798.4380095
1717158798.7490788
1717158800.1708007
1717158800.485842
1717158800.800489
1717158801.1089554
1717158802.5622716
1717158802.890021
1717158803.198276
1717158803.5125346
1717158804.9257128
1717158805.236378
1717158805.5505903
1717158805.859051
1717158807.370456
1717158807.6931415
1717158807.9923072
1717158808.2909477
1717158809.6371455
1717158809.9291131
1717158810.234861
1717158810.54654
1717158811.9661415
1717158812.274857
1717158812.583228
1717158812.8895302
1717158814.262002
1717158814.568866
1717158814.8721728
1717158815.1696985
1717158815.4677794
1717158816.9283664
1717158817.217392
1717158817.5157673
1717158817.808337
1717158819.1670456
1717158819.4579554
1717158819.7617552
1717158820.053754
1717158821.4217017
1717158821.718829
1717158822.0109715
1717158822.3072317
1717158823.689025
1717158823.9928875
1717158824.2911215
1717158824.5834358
1717158826.0476358
1717158826.341445
1717158826.6508195
1717158826.9484327
1717158828.35437
1717158828.663742
1717158828.9807012
1717158829.2900546
1717158830.7385583
1717158831.034514
1717158831.3558009
1717158831.6664295
1717158833.1012514
1717158833.4075496
1717158833.7146592
1717158834.032886
1717158835.3871422
1717158835.6931016
1717158836.0154893
1717158836.315022
1717158837.6868906
1717158837.9891343
1717158838.2868934
1717158838.591273
