1717307267.9372447
1717307267.947867
1717307267.9552367
1717307267.985999
1717307268.001949
1717307268.0076375
1717307268.0189986
1717307268.027336
1717307268.0368426
1717307268.0491097
1717307268.065865
1717307268.0831947
1717307268.0993502
1717307268.135723
1717307268.144693
1717307268.162076
1717307268.181658
1717307268.192836
1717307268.2002022
1717307268.2197547
1717307268.2264977
1717307268.282594
1717307268.2920868
1717307268.2994092
1717307268.3168025
1717307268.3240895
1717307268.3369796
1717307268.34704
1717307268.3560374
1717307268.3717115
1717307268.3813055
1717307268.399161
1717307268.4080927
1717307268.4187276
1717307268.4293687
1717307268.4349413
1717307268.4455636
1717307268.454529
1717307268.4618328
1717307268.478079
1717307268.4915469
1717307268.5050013
1717307268.512314
1717307268.5295804
1717307268.5357568
1717307268.5447733
1717307268.5531657
1717307268.5626707
1717307268.5694282
1717307268.585139
1717307268.592457
1717307268.5980363
1717307268.6086874
1717307268.6159897
1717307268.6249201
1717307268.6411226
1717307268.6495461
1717307268.6869526
1717307268.7015207
1717307268.707649
1717307268.7260952
1717307268.7333922
1717307268.74458
1717307268.7697763
1717307268.7747786
1717307268.7831738
1717307268.7948246
1717307268.8127236
1717307268.8232007
1717307268.8533888
1717307268.8629918
1717307268.8733602
1717307268.9020464
1717307268.9208183
1717307268.9282348
1717307268.9570413
1717307268.9673097
1717307268.976435
1717307268.985551
1717307269.0005195
1717307269.0311053
1717307269.0431287
1717307269.0537765
1717307269.0632215
1717307269.0712457
1717307269.0830665
1717307270.2326562
1717307270.2395997
1717307270.2497935
1717307270.2723238
1717307270.291627
1717307270.2980564
1717307270.302862
1717307270.3131711
1717307270.32283
1717307270.3657002
1717307270.3861277
1717307270.3941956
1717307270.4027188
1717307270.419344
1717307270.4365017
1717307270.447809
1717307270.4569151
1717307270.475117
1717307270.4832177
1717307270.4939165
1717307270.5229833
1717307270.530468
1717307270.5454257
1717307270.557271
1717307270.5712395
1717307270.5799122
1717307270.594436
1717307270.602429
1717307270.64175
1717307270.64929
1717307270.6594605
1717307270.6697264
1717307270.6853435
1717307270.7111454
1717307270.7229013
1717307270.7465918
1717307270.7519836
1717307270.7627425
1717307270.7697468
1717307270.7960393
1717307270.8110952
1717307270.8202538
1717307270.84236
1717307270.868173
1717307270.8767552
1717307270.8869693
1717307270.904134
1717307270.9143796
1717307270.9304159
1717307270.937991
1717307270.9718287
1717307270.9825757
1717307270.9975765
1717307271.0056279
1717307271.058687
1717307271.071088
1717307271.0887744
1717307271.0962644
1717307271.116566
1717307271.1230197
1717307271.1633828
1717307271.1746173
1717307271.1982048
1717307271.203603
1717307271.223542
1717307271.2299972
1717307271.2751155
1717307271.2885606
1717307271.3014643
1717307271.3176577
1717307271.3246863
1717307271.3332543
1717307272.449428
1717307272.4735098
1717307272.4826434
1717307272.516901
1717307272.5554757
1717307272.5650918
1717307272.5763047
1717307272.5927224
1717307272.60022
1717307272.6120107
1717307272.6178503
1717307272.6441746
1717307272.6532235
1717307272.664938
1717307272.6867988
1717307272.7119157
1717307272.740701
1717307272.7593899
1717307272.778121
1717307272.7851264
1717307272.792585
1717307272.806465
1717307272.8225167
1717307272.8438838
1717307272.8497772
1717307272.886612
1717307272.8924706
1717307272.905201
1717307272.9206512
1717307272.975161
1717307272.98165
1717307273.0141764
1717307273.0311778
1717307273.0498922
1717307273.068044
1717307273.0851603
1717307273.091025
1717307273.0990129
1717307273.1048841
1717307273.1118248
1717307273.1236043
1717307273.147116
1717307273.1582644
1717307273.1897326
1717307273.227189
1717307273.2473726
1717307273.2890525
1717307273.3403635
1717307273.3573768
1717307273.3867478
1717307273.4139574
1717307273.4198391
1717307273.43057
1717307273.4423187
1717307273.4573085
1717307273.4642477
1717307273.472252
1717307273.4930277
1717307274.6731086
1717307274.7179272
1717307274.7760835
1717307274.8444104
1717307274.866243
1717307274.879002
1717307274.908311
1717307274.9157646
1717307274.9503772
1717307274.9796534
1717307274.9961035
1717307275.0168095
1717307275.0449696
1717307275.0769956
1717307275.0823224
1717307275.1340005
1717307275.1440096
1717307275.1696823
1717307275.1898212
1717307275.2175426
1717307275.2275558
1717307275.258818
1717307275.277518
1717307275.286528
1717307275.3206346
1717307275.3296142
1717307275.3546686
1717307275.3690944
1717307275.4138105
1717307275.4266171
1717307275.4437003
1717307275.4968154
1717307275.5206954
1717307275.5941772
1717307275.6256118
1717307275.6644628
1717307275.6883602
1717307275.6974294
1717307275.7241242
1717307276.9035032
1717307276.971685
1717307277.0233986
1717307277.0446265
1717307277.1273203
1717307277.1772144
1717307277.1963356
1717307277.2278278
1717307277.2854912
1717307277.371804
1717307277.3893626
1717307277.4101322
1717307277.4710057
1717307277.5718887
1717307277.6211624
1717307277.6585715
1717307277.7199905
1717307277.7353797
1717307277.7701375
1717307277.8470953
1717307277.8807905
1717307277.9228592
1717307277.9538088
1717307277.9864442
1717307279.1981218
1717307279.303073
1717307279.362262
1717307279.5049372
1717307279.5827508
1717307279.6459746
1717307279.6625457
1717307279.704542
1717307279.8311956
1717307279.917457
1717307279.9233627
1717307280.0574696
1717307280.2071
1717307281.4317806
1717307281.5540667
1717307281.6765015
1717307281.8158612
1717307281.8945153
1717307282.0348177
1717307282.1192396
1717307282.1579902
1717307282.2880092
1717307282.3398504
1717307282.394008
1717307282.428803
1717307283.6675494
1717307283.7723355
1717307284.0500174
1717307284.0696287
1717307284.215901
1717307284.2934914
1717307284.399298
1717307284.4450212
1717307284.6331499
1717307284.7458923
1717307286.1480935
1717307286.251428
1717307286.4906864
1717307286.67303
1717307286.884306
1717307287.011454
1717307288.4518428
1717307288.460594
1717307288.7398033
1717307289.0328124
1717307289.0443995
1717307289.321798
1717307289.3403459
1717307290.6574016
1717307290.932251
1717307291.042379
1717307291.3174622
1717307291.3267589
1717307291.6044672
1717307292.8475592
1717307293.0766304
1717307293.3565295
1717307293.461366
1717307293.6672652
1717307293.8814957
1717307295.2319627
1717307295.2776735
1717307295.5570054
1717307295.5718439
1717307295.854854
1717307295.9937835
1717307297.3514416
1717307297.6398685
1717307297.7423062
1717307298.0296311
1717307298.1540835
1717307298.4434874
1717307299.6413438
1717307299.9320028
1717307299.9437325
1717307300.1951342
1717307300.483833
1717307300.771936
1717307300.7880914
1717307302.194056
1717307302.4864414
1717307302.7857997
1717307303.08607
1717307304.470557
1717307304.7733686
1717307305.0694647
1717307305.3655977
1717307306.8301787
1717307307.1219316
1717307307.41931
1717307307.7154243
1717307309.1848037
1717307309.4879928
1717307309.785156
1717307310.0823119
1717307311.533289
1717307311.8337936
1717307312.1439269
1717307312.4425693
1717307313.8698342
1717307314.1787086
1717307314.4827354
1717307314.779112
1717307316.2470326
1717307316.5520191
1717307316.84996
1717307317.1536307
1717307318.5056689
1717307318.8118806
1717307319.1118464
1717307319.416661
1717307319.716801
1717307321.0891888
1717307321.3827183
1717307321.679302
1717307321.9762352
1717307321.9927158
1717307323.4681532
1717307323.7674005
1717307324.0690029
1717307324.372448
1717307325.7605944
1717307326.064424
1717307326.362653
1717307326.670831
1717307328.1440506
1717307328.4439728
1717307328.7489507
1717307329.049194
1717307330.5358622
1717307330.8359964
1717307331.1346211
1717307331.4392924
1717307332.8187425
1717307333.118802
1717307333.420095
1717307333.7200384
1717307335.1215405
1717307335.4249153
1717307335.7253854
1717307336.0283954
1717307337.399067
1717307337.7013376
1717307337.9988468
1717307338.2952561
1717307339.7707655
1717307340.0744328
1717307340.3715801
1717307340.6745481
1717307342.0195067
1717307342.3226001
1717307342.6194477
1717307342.9177628
1717307344.4071105
1717307344.7030697
1717307345.0065145
1717307345.3096082
1717307345.606611
1717307347.009926
1717307347.3068995
1717307347.6050477
1717307347.9026735
1717307349.3905387
1717307349.6963813
1717307349.9936032
1717307350.2903614
1717307351.6960595
1717307351.9933562
1717307352.2965202
1717307352.6023269
1717307354.0684428
1717307354.3660972
1717307354.662627
1717307354.9626093
1717307356.4504287
1717307356.754427
1717307357.0546765
1717307357.3629568
1717307358.7298741
1717307359.0321078
1717307359.3286316
1717307359.6262774
1717307361.012762
1717307361.3091936
1717307361.611702
1717307361.9083397
1717307363.381294
1717307363.679278
1717307363.9815059
1717307364.2843156
1717307365.663868
1717307365.961133
1717307366.2628295
1717307366.559642
1717307367.9427974
1717307368.2393484
1717307368.542332
1717307368.8460648
1717307370.2693303
1717307370.5776765
1717307370.8754437
1717307371.177525
1717307371.4758232
1717307372.848665
1717307373.1603243
1717307373.457723
1717307373.775
1717307375.278202
1717307375.611529
1717307375.9244123
1717307376.2431085
1717307377.7301993
1717307378.0411887
1717307378.3566499
1717307378.667423
1717307380.1627645
1717307380.4758155
1717307380.7908242
1717307381.1071491
1717307382.598602
1717307382.9111474
1717307383.222419
1717307383.5347471
1717307384.9333575
1717307385.250315
1717307385.5671208
1717307385.8782866
1717307387.3670452
1717307387.6783776
1717307387.989119
1717307388.3058455
1717307389.7020442
1717307390.0131216
1717307390.3330204
1717307390.6436372
1717307392.1257887
1717307392.438185
1717307392.74934
1717307393.0614696
1717307394.4901488
1717307394.8011806
1717307395.114052
1717307395.4262087
1717307395.737296
1717307397.228176
1717307397.5398128
1717307397.8501446
1717307398.1634371
1717307399.5913055
1717307399.8981214
1717307400.206038
1717307400.5128543
1717307401.9964714
1717307402.3131347
1717307402.6199708
1717307402.9324393
1717307404.4264693
1717307404.732312
1717307405.0464163
1717307405.3671417
1717307406.7990696
1717307407.1162562
1717307407.4419646
1717307407.7531703
1717307409.2460408
1717307409.5597074
1717307409.872867
1717307410.186107
1717307411.7018254
1717307411.9986014
1717307412.3013976
1717307412.5978024
1717307414.0974817
1717307414.4033675
1717307414.5615327
1717307414.8229141
1717307415.1193185
1717307415.1822364
1717307416.5374258
1717307416.832425
1717307417.125436
1717307417.20332
1717307417.5036218
1717307418.9912863
1717307419.291003
1717307419.6024833
1717307419.9032836
1717307421.289467
1717307421.593816
1717307421.892224
1717307422.1977124
1717307423.5594225
1717307423.869014
1717307424.1793633
1717307424.4793105
1717307425.9618146
1717307426.263089
1717307426.562894
1717307426.8641593
1717307428.25878
1717307428.5601542
1717307428.8617024
1717307429.1609383
1717307430.643405
1717307430.9532921
1717307431.2576926
1717307431.5695837
1717307432.9559135
1717307433.2616737
1717307433.5669029
1717307433.867161
1717307435.345855
1717307435.6555703
1717307435.9555824
1717307436.2653067
1717307437.6469922
1717307437.9481938
1717307438.2495792
1717307438.5495617
1717307440.0284941
1717307440.3310616
1717307440.6335936
1717307440.9392886
1717307442.3068502
1717307442.6052382
1717307442.9047146
1717307443.204856
1717307443.5106726
1717307444.875234
1717307445.181675
1717307445.4815893
1717307445.7829008
1717307447.2491102
1717307447.5591006
1717307447.859636
1717307448.1596737
1717307449.638747
1717307449.9445949
1717307450.2468162
1717307450.5487914
1717307452.0211718
1717307452.3201516
1717307452.625918
1717307452.9262147
1717307454.3972325
1717307454.701681
1717307455.0063689
1717307455.3056872
1717307456.7714362
1717307457.0787482
1717307457.3787549
1717307457.6846569
1717307459.1603985
1717307459.460011
1717307459.7658854
1717307460.0653996
1717307461.5247602
1717307461.8260713
1717307462.1257226
1717307462.4308848
1717307463.890721
1717307464.1951416
1717307464.5129912
1717307464.811389
1717307466.3053026
1717307466.614069
1717307466.9133468
1717307467.2145782
1717307467.5206027
1717307468.979087
1717307469.280626
1717307469.5802639
1717307469.8866334
1717307471.3847325
1717307471.6939082
1717307471.9929063
1717307472.293982
1717307473.7603145
1717307474.0685787
1717307474.376196
1717307474.6729467
1717307476.1485593
1717307476.458471
1717307476.7702165
1717307477.0723865
1717307478.5585165
1717307478.8567135
1717307479.1547577
1717307479.4512
1717307480.937141
1717307481.2404377
1717307481.5473406
1717307481.8497515
1717307483.3099515
1717307483.6071954
1717307483.9126601
1717307484.2092378
