1152
1984
2944
4160
4864
6080
6784
7808
8832
11392
13888
14784
16384
17472
18368
19136
21248
22080
23360
24256
25152
26304
27840
29312
30784
32448
33024
33920
34752
36224
37952
40064
40960
43648
44608
46528
47616
49728
51328
51968
53312
54720
57152
58496
61504
62656
63680
66240
67968
70464
71552
72512
73344
74688
75904
77056
81600
84800
86528
89152
90560
93312
94080
94912
95680
96384
97600
98496
99904
101696
103552
104704
105664
106752
109696
111040
111808
112960
113792
115136
116288
118464
119680
120576
121856
122496
124224
128000
129472
131008
131712
133184
135040
138240
139072
140992
142080
143104
143872
145856
148544
150848
151744
153984
155520
157504
158592
159680
161984
163584
165184
168320
169344
170304
171328
174784
177600
178624
182464
183424
184512
185728
186496
189952
191936
192896
194304
195648
198400
200320
202944
203904
207616
210624
211328
212480
213824
215104
216064
216704
217472
218752
220352
222656
227136
228096
230784
232512
233472
236864
241984
244096
247552
248768
250176
252416
253952
255552
256512
259008
261056
262272
267008
268160
269760
271168
273920
276672
278016
280192
284992
287232
288256
289664
291648
293440
294720
296000
297472
298496
300864
301952
305472
307136
311552
313344
316480
318208
324480
326080
329536
330944
331584
334080
336000
336960
338176
340992
342784
346880
348608
353920
355968
357696
361600
364480
365632
366976
369280
372032
375936
377216
379840
380992
382208
383616
385600
386560
387200
390016
392384
393152
400704
405696
407680
409024
412800
413952
416320
419264
425856
430528
434048
435520
437184
452352
454144
454848
456064
457600
459200
460160
461696
466880
476224
478528
479360
482688
485696
491456
493376
494912
502528
509504
516480
521024
522048
523776
528768
536000
537984
539392
544128
555328
556992
562816
569792
576832
586112
587264
597184
598336
600256
614144
619904
624128
627200
635584
640128
641536
644992
654336
665216
674304
677248
686080
694528
705664
715840
725312
734592
746112
761792
772992
785856
796480
812672
822016
831104
843776
850752
864704
873472
887232
896448
904384
911360
923264
932160
947264
965632
984128
987200
997376
1012992
1038720
1052288
1067520
1085952
1099968
1116928
1135040
1154944
1162496
1194496
1226496
1227200
1252864
1272256
1295744
1327744
1337024
1344192
1360640
1380544
1412544
1444544
1476544
1508544
1540544
1557696
1580032
1604096
1636096
1639168
1658944
1677440
1709440
1730112
1762112
1794112
1826112
1858112
1871104
1903104
1935104
1967104
1999104
2031104
2063104
2095104
2127104
2159104
2191104
2223104
2255104
2287104
2319104
2351104
2383104
2415104
2447104
2479104
2511104
2543104
2575104
2607104
2639104
2671104
2703104
2735104
2767104
2785664
2817664
2849664
2881664
2913664
2945664
2977664
3009664
3041664
3073664
3105664
3137664
3169664
3201664
3233664
3265664
3297664
3329664
3361664
3393664
3425664
3457664
3489664
3521664
3553664
3585664
3617664
3649664
3681664
3713664
3745664
3777664
3809664
3841664
3873664
3905664
3937664
3969664
4001664
4033664
4065664
4097664
4129664
4161664
4193664
4225664
4257664
4289664
4321664
4353664
4385664
4417664
4449664
4481664
4513664
4545664
4577664
4609664
4641664
4673664
4705664
4737664
4769664
4801664
4833664
4865664
4897664
4929664
4961664
4993664
5025664
5057664
5089664
5121664
5153664
5185664
5217664
5249664
5281664
5313664
5345664
5377664
5409664
5441664
5473664
5505664
5537664
5569664
5601664
5633664
5665664
5697664
5729664
5761664
5793664
5825664
5857664
5889664
5921664
5953664
5985664
6017664
6049664
6081664
6113664
6145664
6177664
6209664
6241664
6273664
6305664
6337664
6369664
6401664
6433664
6465664
6497664
6529664
6561664
6593664
6625664
6657664
6689664
6721664
6753664
6785664
6817664
6849664
6881664
6913664
6945664
6977664
7009664
7041664
7073664
7105664
7137664
7169664
7201664
7233664
7265664
7297664
7329664
7361664
7393664
7425664
7457664
7489664
7521664
7553664
7585664
7617664
7649664
7681664
7713664
7745664
7777664
7809664
7841664
7873664
7905664
7937664
7969664
8001664
8033664
8065664
8097664
8129664
8161664
8193664
8225664
8257664
8289664
8321664
8353664
8385664
8417664
8449664
8481664
8513664
8545664
8577664
8609664
8641664
8673664
8705664
8737664
8769664
8801664
8833664
8865664
8897664
8929664
8961664
8993664
9025664
9057664
9089664
9121664
9153664
9185664
9217664
9249664
9281664
9313664
9345664
9377664
9409664
9441664
9473664
9505664
9537664
9569664
9601664
9633664
9665664
9697664
9729664
9761664
9793664
9825664
9857664
9889664
9921664
9953664
9985664
10017664
10049664
10081664
10113664
10145664
10177664
10209664
10241664
10273664
10305664
10337664
10369664
10401664
10433664
10465664
10497664
10529664
10561664
10593664
10625664
10657664
10689664
10721664
10753664
10785664
10817664
10849664
10881664
10913664
10945664
10977664
11009664
11041664
11073664
11105664
11137664
11169664
11201664
11233664
11265664
11297664
11329664
11361664
11393664
11425664
11457664
11489664
11521664
11553664
11585664
11617664
11649664
11681664
11713664
11745664
11777664
11809664
11841664
11873664
11905664
11937664
11969664
12001664
12033664
