896
3328
4544
7232
8256
9536
11008
12096
13184
13888
15040
16192
17792
18944
19968
22080
23104
24000
27072
27968
29184
32000
33408
33984
36864
39552
43136
44096
48064
49024
51328
52224
54912
56384
57344
58816
60224
60992
61632
63616
64576
67520
68736
70208
72000
74688
75584
77952
78784
79936
81280
82112
83264
84736
85760
87040
88512
90176
91520
94528
95936
96960
97664
98368
99776
101248
102464
103360
104320
106432
108864
109696
110528
112384
113664
115648
116672
118208
120000
122752
123776
124608
127040
128128
129728
130880
132992
134144
136064
137728
139264
140352
144640
145600
146944
149760
151424
153408
155264
158656
160576
165824
169536
171456
173824
176832
179648
180800
182720
183552
184512
187392
188864
191104
193344
196672
197376
198720
200448
202880
203840
204672
209792
211136
212160
213504
214592
215744
216960
221184
222144
224000
226048
227904
229568
230336
232512
233856
235584
237952
238720
241216
242304
244224
246464
247552
249280
251264
253504
255872
256960
259008
260032
260928
261824
267648
269952
273216
274240
276608
278272
279552
281472
284480
286080
288896
291584
293056
294464
295616
298176
301056
303552
305984
307264
312320
313600
314560
318144
320064
326976
329600
331648
333184
334016
335232
344256
346432
351808
352512
358400
360256
362240
363648
365824
366784
370496
372480
374784
380544
384768
388480
390656
398272
399872
402752
408896
410560
412096
413312
415936
417408
421568
422848
432192
433664
440896
443200
454336
457088
458496
463040
465472
470464
472640
478080
481728
484928
491520
493824
497152
498176
499392
502720
506304
508864
511488
517824
523008
531072
540544
553792
556672
561472
572928
581184
583616
595520
603904
610688
620032
623424
631232
638144
642496
646528
647872
655936
665600
667328
675392
681984
691840
703808
714496
716864
721408
729088
740416
751680
761024
766784
775872
777536
783616
793728
807424
809280
819392
829056
831040
843456
846848
855424
867584
870784
877504
892480
903808
918464
938176
959360
975104
993664
1007488
1018368
1033472
1047872
1055872
1063360
1074496
1090432
1113280
1119808
1139840
1164736
1177152
1193536
1204928
1236928
1243584
1275584
1304512
1336512
1339840
1371840
1399872
1431872
1448704
1480704
1512704
1528832
1560832
1592832
1602240
1634240
1658688
1690688
1722688
1754688
1786688
1818688
1850688
1882688
1914688
1946688
1978688
2010688
2042688
2074688
2106688
2138688
2170688
2202688
2234688
2266688
2298688
2330688
2362688
2394688
2426688
2458688
2490688
2522688
2554688
2586688
2618688
2650688
2682688
2714688
2746688
2778688
2810688
2842688
2874688
2906688
2938688
2970688
3002688
3034688
3066688
3098688
3130688
3162688
3194688
3226688
3258688
3290688
3322688
3354688
3386688
3418688
3450688
3482688
3514688
3546688
3578688
3610688
3642688
3674688
3706688
3738688
3770688
3802688
3834688
3866688
3898688
3930688
3962688
3994688
4026688
4058688
4090688
4122688
4154688
4186688
4218688
4250688
4282688
4314688
4346688
4378688
4410688
4442688
4474688
4506688
4538688
4570688
4602688
4634688
4666688
4698688
4730688
4762688
4794688
4826688
4858688
4890688
4922688
4954688
4986688
5018688
5050688
5082688
5114688
5146688
5178688
5210688
5242688
5274688
5306688
5338688
5370688
5402688
5434688
5466688
5498688
5530688
5562688
5594688
5626688
5658688
5690688
5722688
5754688
5786688
5818688
5850688
5882688
5914688
5946688
5978688
6010688
6042688
6074688
6106688
6138688
6170688
6202688
6234688
6266688
6298688
6330688
6362688
6394688
6426688
6458688
6490688
6522688
6554688
6586688
6618688
6650688
6682688
6714688
6746688
6778688
6810688
6842688
6874688
6906688
6938688
6970688
7002688
7034688
7066688
7098688
7130688
7162688
7194688
7226688
7258688
7290688
7322688
7354688
7386688
7418688
7450688
7482688
7514688
7546688
7578688
7610688
7642688
7674688
7706688
7738688
7770688
7802688
7834688
7866688
7898688
7930688
7962688
7994688
8026688
8058688
8090688
8122688
8154688
8186688
8218688
8250688
8282688
8314688
8346688
8378688
8410688
8442688
8474688
8506688
8538688
8570688
8602688
8634688
8666688
8698688
8730688
8762688
8794688
8826688
8858688
8890688
8922688
8954688
8986688
9018688
9050688
9082688
9114688
9146688
9178688
9210688
9242688
9274688
9306688
9338688
9370688
9402688
9434688
9466688
9498688
9530688
9562688
9594688
9626688
9658688
9690688
9722688
9754688
9786688
9818688
9850688
9882688
9914688
9946688
9978688
10010688
10042688
10074688
10106688
10138688
10170688
10202688
10234688
10266688
10298688
10330688
10362688
10394688
10426688
10458688
10490688
10522688
10554688
10586688
10618688
10650688
10682688
10714688
10746688
10778688
10810688
10842688
10874688
10906688
10938688
10970688
11002688
11034688
11066688
11098688
11130688
11162688
11194688
11226688
11258688
11290688
11322688
11354688
11386688
11418688
11450688
11482688
11514688
11546688
11578688
11610688
11642688
11674688
11706688
11738688
11770688
11802688
11834688
11866688
11898688
11930688
11962688
11994688
12026688
