1920
4032
4928
5760
7040
7936
9728
11008
12096
12928
16000
16768
17344
19712
20864
21568
23744
25856
27072
28096
29376
30208
30976
31552
32512
33920
35072
38144
39360
40640
41344
42112
43200
44224
46912
48704
51392
53056
55104
55872
56512
57344
58816
60032
61184
62080
63296
64448
65408
67904
69312
70976
72320
73472
74880
76096
77504
78336
79360
82048
83072
84352
85120
86144
87872
90176
92096
92928
93632
95360
96128
96832
97920
99776
100864
104128
104896
105728
107520
108480
109376
111232
113472
114432
115456
116608
117312
118976
120448
122240
123520
124224
125696
127040
127808
129152
130816
132864
133696
138752
141760
142848
143936
145280
146432
147264
148928
149568
150784
151936
155328
156480
157888
159040
166144
167680
169856
172480
174272
176320
178304
179200
180544
181312
185472
188288
192000
192960
194624
197504
199104
200256
203328
205056
206656
211776
215232
216320
217472
221184
223168
224128
227072
229312
231040
232000
234304
235072
237696
238400
241344
242496
243648
245312
246784
248320
250368
251328
253888
257408
259776
262400
264064
265472
267136
270016
271104
274048
275904
277056
283264
285696
288320
290816
291712
293120
294144
297344
303040
305792
308736
310272
311360
312384
314880
316288
318080
320064
325760
328576
331264
337600
341120
343616
348416
349888
352192
352960
354816
356096
357056
359232
364928
366080
367296
368384
371328
376704
379456
381760
384448
385664
388544
390336
391744
395072
398272
399872
412096
415232
420416
425344
432000
434752
440448
443200
446720
449536
455424
457728
463744
467136
474816
479808
481024
483072
486912
490112
497536
500992
502400
506560
508864
510528
512640
514624
524096
531008
537920
540672
549568
554496
556672
562624
570688
577792
581376
589760
596736
600768
615040
616960
625088
633344
635904
645120
646976
649536
650880
656704
663360
671872
681152
693568
697728
708224
711104
723840
726784
728640
732672
738304
748416
762752
765184
779072
788160
802048
806464
820864
832768
848704
851520
863168
875264
885376
896128
905792
916416
935424
936896
951808
974656
985088
1000832
1013120
1032192
1048832
1066048
1077632
1085888
1111744
1129024
1140736
1164992
1196992
1200768
1232768
1233920
1265920
1271872
1303872
1305216
1321088
1353088
1367872
1399872
1421248
1453248
1485248
1517248
1528896
1560896
1592896
1624896
1656896
1688896
1720896
1752896
1765184
1797184
1829184
1844736
1876736
1908736
1940736
1972736
2004736
2036736
2068736
2100736
2132736
2164736
2177536
2209536
2241536
2273536
2305536
2337536
2369536
2401536
2433536
2465536
2497536
2529536
2561536
2593536
2625536
2657536
2689536
2707712
2739712
2740608
2767040
2799040
2831040
2863040
2895040
2927040
2959040
2991040
3023040
3055040
3087040
3119040
3151040
3183040
3215040
3247040
3279040
3311040
3343040
3375040
3407040
3439040
3471040
3503040
3535040
3567040
3599040
3631040
3663040
3695040
3727040
3759040
3791040
3823040
3855040
3887040
3919040
3951040
3983040
4015040
4047040
4079040
4111040
4143040
4175040
4207040
4239040
4271040
4303040
4335040
4367040
4399040
4431040
4463040
4495040
4527040
4559040
4591040
4623040
4655040
4687040
4719040
4751040
4783040
4815040
4847040
4879040
4911040
4943040
4975040
5007040
5039040
5071040
5103040
5135040
5167040
5199040
5231040
5263040
5295040
5327040
5359040
5391040
5423040
5455040
5487040
5519040
5551040
5583040
5615040
5647040
5679040
5711040
5743040
5775040
5807040
5839040
5871040
5903040
5935040
5967040
5999040
6031040
6063040
6095040
6127040
6159040
6191040
6223040
6255040
6287040
6319040
6351040
6383040
6415040
6447040
6479040
6511040
6543040
6575040
6607040
6639040
6671040
6703040
6735040
6767040
6799040
6831040
6863040
6895040
6927040
6959040
6991040
7023040
7055040
7087040
7119040
7151040
7183040
7215040
7247040
7279040
7311040
7343040
7375040
7407040
7439040
7471040
7503040
7535040
7567040
7599040
7631040
7663040
7695040
7727040
7759040
7791040
7823040
7855040
7887040
7919040
7951040
7983040
8015040
8047040
8079040
8111040
8143040
8175040
8207040
8239040
8271040
8303040
8335040
8367040
8399040
8431040
8463040
8495040
8527040
8559040
8591040
8623040
8655040
8687040
8719040
8751040
8783040
8815040
8847040
8879040
8911040
8943040
8975040
9007040
9039040
9071040
9103040
9135040
9167040
9199040
9231040
9263040
9295040
9327040
9359040
9391040
9423040
9455040
9487040
9519040
9551040
9583040
9615040
9647040
9679040
9711040
9743040
9775040
9807040
9839040
9871040
9903040
9935040
9967040
9999040
10031040
10063040
10095040
10127040
10159040
10191040
10223040
10255040
10287040
10319040
10351040
10383040
10415040
10447040
10479040
10511040
10543040
10575040
10607040
10639040
10671040
10703040
10735040
10767040
10799040
10831040
10863040
10895040
10927040
10959040
10991040
11023040
11055040
11087040
11119040
11151040
11183040
11215040
11247040
11279040
11311040
11343040
11375040
11407040
11439040
11471040
11503040
11535040
11567040
11599040
11631040
11663040
11695040
11727040
11759040
11791040
11823040
11855040
11887040
11919040
11951040
11983040
12015040
12047040
