nan
90.0
88.0
85.0
78.75
76.4
76.5
73.42857142857143
72.5
72.0
70.9
69.0909090909091
69.83333333333333
70.46153846153847
70.85714285714286
71.2
70.8125
70.17647058823529
70.0
73.26315789473684
74.75
75.0
76.27272727272727
79.56521739130434
81.79166666666667
83.08
83.23076923076923
83.92592592592592
84.0
85.24137931034483
85.63333333333334
86.74193548387096
86.59375
87.93939393939394
90.70588235294117
92.2
93.13888888888889
94.64864864864865
97.55263157894737
99.17948717948718
99.775
100.73170731707317
103.66666666666667
104.90697674418605
110.95454545454545
113.64444444444445
115.69565217391305
117.74468085106383
121.10416666666667
124.59183673469387
128.34
131.3921568627451
133.82692307692307
137.41509433962264
140.33333333333334
141.9090909090909
144.39285714285714
148.57894736842104
151.22413793103448
153.96610169491527
155.58333333333334
160.65573770491804
162.58064516129033
166.53968253968253
171.484375
175.06153846153848
176.0909090909091
178.92537313432837
181.11764705882354
187.8985507246377
190.21428571428572
192.69014084507043
196.43055555555554
199.95890410958904
202.66216216216216
210.70666666666668
213.56578947368422
216.66233766233765
222.98717948717947
225.8860759493671
229.1875
231.96296296296296
233.3170731707317
236.18072289156626
242.27380952380952
248.12941176470588
250.7325581395349
252.97701149425288
258.92045454545456
261.2808988764045
262.85555555555555
265.45054945054943
267.0108695652174
269.258064516129
269.74468085106383
270.2736842105263
270.8020833333333
275.2886597938144
276.5612244897959
277.17171717171715
278.26
280.2079207920792
284.47058823529414
285.99029126213594
288.02884615384613
292.1714285714286
293.6509433962264
295.5140186915888
297.1666666666667
298.51376146788994
303.3636363636364
304.9549549549549
308.75892857142856
309.43362831858406
313.4298245614035
314.6608695652174
318.8103448275862
320.35042735042737
323.5508474576271
324.85714285714283
328.28333333333336
331.35537190082647
334.655737704918
334.6747967479675
335.85483870967744
339.776
340.93650793650795
341.73228346456693
342.53125
343.1240310077519
343.9769230769231
344.17557251908397
347.68939393939394
348.23308270676694
348.8358208955224
351.97777777777776
355.16911764705884
356.1021897810219
359.92753623188406
360.7338129496403
360.97857142857146
361.9432624113475
364.8098591549296
369.25174825174827
372.0416666666667
372.5586206896552
375.25342465753425
377.80272108843536
378.4932432432432
382.5973154362416
385.72
388.20529801324506
387.8486842105263
391.6666666666667
395.14285714285717
0.0
396.0705128205128
395.7770700636943
398.7911392405063
401.3207547169811
404.90625
408.18633540372673
408.2716049382716
408.5644171779141
408.6585365853659
410.91515151515154
411.3072289156627
413.78443113772454
416.44642857142856
416.85207100591714
420.0764705882353
422.140350877193
0.0
422.53179190751445
421.5287356321839
0.0
422.42045454545456
421.96610169491527
425.10674157303373
428.08379888268155
0.0
428.45303867403317
427.18131868131866
426.4918032786885
425.92391304347825
425.6
425.5698924731183
425.1229946524064
424.74468085106383
424.29100529100526
424.2421052631579
424.0418848167539
425.984375
426.0984455958549
425.6958762886598
426.02564102564105
425.515306122449
425.7258883248731
425.47474747474746
425.74874371859295
425.09
424.6666666666667
426.34158415841586
426.0886699507389
425.6127450980392
427.13170731707316
428.878640776699
430.28985507246375
432.0144230769231
433.7511961722488
435.14285714285717
434.8009478672986
436.72169811320754
438.8262910798122
440.85046728971963
442.48372093023255
0.0
442.35023041474653
441.54128440366975
443.8310502283105
446.0181818181818
448.02714932126696
447.35585585585585
447.39461883408075
447.3705357142857
447.23555555555555
446.4734513274336
446.33920704845815
446.1535087719298
445.882096069869
445.4913043478261
445.61471861471864
447.37931034482756
447.53218884120173
448.96581196581195
450.39574468085107
452.4449152542373
453.8987341772152
455.79831932773106
457.8535564853556
459.275
460.6929460580913
460.75619834710744
460.81481481481484
460.75
0.0
460.6585365853659
459.8987854251012
461.2782258064516
462.8995983935743
465.008
466.47011952191235
467.5238095238095
467.399209486166
466.9409448818898
466.7529411764706
466.71484375
466.2996108949416
465.56201550387595
465.2084942084942
466.1384615384615
465.5287356321839
464.75954198473283
464.2205323193916
463.7310606060606
463.0377358490566
462.6766917293233
462.28464419475654
461.73880597014926
461.12267657992567
460.6074074074074
459.9261992619926
459.33088235294116
458.56410256410254
458.14233576642334
457.5163636363636
456.9673913043478
456.39350180505414
455.6906474820144
455.0035842293907
454.3857142857143
453.7224199288256
453.07801418439715
452.3851590106007
451.76408450704224
451.2105263157895
450.6048951048951
449.9965156794425
449.40625
448.8096885813149
448.13448275862066
447.37113402061857
448.7431506849315
448.5938566552901
450.0612244897959
451.09491525423726
452.4256756756757
452.1750841750842
0.0
450.7391304347826
