35.0
56.0
60.0
66.0
66.0
71.0
60.0
78.0
83.0
54.0
77.0
87.0
94.0
82.0
84.0
91.0
104.0
83.0
98.0
77.0
127.0
70.0
81.0
131.0
103.0
148.0
82.0
68.0
143.0
88.0
126.0
119.0
114.0
163.0
174.0
143.0
211.0
166.0
152.0
229.0
277.0
195.0
242.0
196.0
232.0
356.0
392.0
227.0
492.0
259.0
445.0
328.0
407.0
262.0
434.0
371.0
373.0
469.0
386.0
435.0
301.0
311.0
324.0
462.0
418.0
450.0
356.0
427.0
366.0
669.0
825.0
436.0
840.0
718.0
823.0
678.0
778.0
778.0
796.0
748.0
968.0
898.0
829.0
457.0
920.0
838.0
487.0
813.0
747.0
817.0
808.0
820.0
861.0
456.0
891.0
0.0
258.0
910.0
0.0
267.0
775.0
282.0
264.0
293.0
274.0
268.0
315.0
241.0
282.0
250.0
264.0
0.0
465.0
914.0
0.0
316.0
992.0
918.0
994.0
0.0
300.0
790.0
925.0
491.0
958.0
0.0
339.0
861.0
965.0
878.0
801.0
470.0
361.0
369.0
471.0
820.0
841.0
812.0
0.0
285.0
801.0
912.0
834.0
900.0
925.0
393.0
0.0
380.0
863.0
0.0
305.0
273.0
258.0
258.0
255.0
271.0
276.0
259.0
278.0
232.0
247.0
193.0
951.0
812.0
0.0
377.0
926.0
806.0
959.0
0.0
424.0
458.0
919.0
906.0
875.0
867.0
0.0
294.0
843.0
949.0
904.0
228.0
270.0
431.0
334.0
328.0
325.0
345.0
761.0
310.0
370.0
931.0
866.0
476.0
828.0
894.0
933.0
902.0
870.0
971.0
498.0
858.0
0.0
266.0
459.0
984.0
496.0
485.0
789.0
774.0
900.0
483.0
857.0
487.0
818.0
768.0
491.0
745.0
766.0
820.0
869.0
272.0
776.0
330.0
429.0
318.0
360.0
438.0
415.0
398.0
439.0
217.0
349.0
257.0
287.0
308.0
329.0
283.0
263.0
335.0
257.0
245.0
217.0
199.0
239.0
229.0
225.0
241.0
238.0
266.0
264.0
407.0
279.0
259.0
276.0
287.0
300.0
280.0
269.0
251.0
284.0
253.0
224.0
218.0
234.0
236.0
230.0
238.0
252.0
247.0
203.0
793.0
272.0
289.0
346.0
272.0
332.0
330.0
346.0
430.0
484.0
323.0
492.0
799.0
894.0
0.0
253.0
0.0
210.0
745.0
0.0
369.0
846.0
898.0
996.0
454.0
868.0
458.0
429.0
840.0
