736694000.0
939007103.0
1118457804.0
1255519765.0
1409328146.0
1585311103.0
1712055043.0
1863413872.0
2021070113.0
2163371783.0
2282068359.0
2457354338.0
2636956693.0
2802965617.0
2971200330.0
3121083286.0
3252608120.0
3400645470.0
3690752481.0
3912626118.0
4092465808.0
4319064780.0
4662674910.0
4978906913.0
5260329102.0
5474294336.0
5715827245.0
5920565879.0
6194758577.0
6418451428.0
6702851649.0
6892778886.0
7185553748.0
7596570890.0
7918950905.0
8204207783.0
8554245524.0
9017193112.0
9377896682.0
9663264727.0
9992828718.0
10528814490.0
10887272362.0
11744820785.0
12287552079.0
12778458422.0
13271357196.0
13887113987.0
14543732693.0
15231079154.0
15870240425.0
16426064421.0
17155442246.0
17815115299.0
18331587593.0
18946490082.0
19814444076.0
20489503227.0
21191171801.0
21751365329.0
22790478253.0
23388425370.0
24289424331.0
25385783184.0
26264586655.0
26787515300.0
27588049231.0
28326902151.0
29930363614.0
30751325222.0
31599321421.0
32616331718.0
33643354572.0
34567786614.0
36409881505.0
37367546417.0
38369555304.0
39998732124.0
40995493632.0
42138486356.0
43185719975.0
43969404773.0
45072997567.0
46823583026.0
48521595050.0
49593324164.0
50611424140.0
52407882218.0
53478380834.0
54408808612.0
55555253986.0
56484725631.0
57589712962.0
58331373253.0
59101704844.0
59862594928.0
61444031980.0
62362060888.0
63107173160.0
63965531637.0
65056654566.0
66730315723.0
67711369737.0
68863715294.0
70581613042.0
71630054268.0
72809126585.0
73882386067.0
74871060944.0
76763496116.0
77858230571.0
79560786622.0
80429957904.0
82161178991.0
83239174838.0
84997999569.0
86124551148.0
87675150196.0
88774510825.0
90412974411.0
92006291559.0
93655797901.0
94396656967.0
95528609479.0
97439171215.0
98505465731.0
99471593089.0
100492601769.0
101442664192.0
102471443103.0
103285252409.0
105246659450.0
106240634746.0
107175911366.0
108951364799.0
110668117932.0
111702986461.0
113749257349.0
114820282320.0
115715942150.0
116847551324.0
118609752228.0
120845544631.0
122556628151.0
123573737184.0
125404672054.0
127147033758.0
128261256116.0
130545314071.0
132461077578.0
134212203583.0
134933665613.0
137135298222.0
139213695702.0
141312270305.0
0.0
144420920965.0
146398131998.0
148229693866.0
150475972296.0
152600181371.0
153550853638.0
154620922375.0
155573497769.0
157316846483.0
158358848076.0
160244801116.0
162185096712.0
163246305780.0
165357553392.0
167071596815.0
169137996339.0
0.0
172023742167.0
174311437330.0
0.0
177376627965.0
179598089934.0
181801773724.0
183979750137.0
0.0
186799182467.0
187530875918.0
188301260016.0
189135880295.0
190099913646.0
190922246535.0
191761824262.0
192571987209.0
193509018290.0
194382740305.0
196331515810.0
197369555991.0
198202120539.0
199353350951.0
200114040455.0
201194453893.0
202043975197.0
203187308412.0
203873794661.0
204663627501.0
206423346011.0
207317340990.0
208066502062.0
209746081247.0
211593515688.0
213278511974.0
215104617493.0
216944209351.0
218615998463.0
219430277770.0
221378558350.0
223377430933.0
225336633606.0
227172225150.0
229177249373.0
0.0
232117260087.0
234263231525.0
236422210255.0
238493833070.0
239186676013.0
240218021943.0
241278747699.0
242206465342.0
242819630031.0
243742882364.0
244714030838.0
245563795998.0
246390666122.0
247502784504.0
249509434466.0
250629564249.0
252432308794.0
254254956091.0
256420444624.0
258247668884.0
260333686062.0
262511372259.0
264342076642.0
266140953893.0
267234705655.0
268343491230.0
269410934875.0
271492014003.0
0.0
274505255498.0
276309777020.0
278304128074.0
280582963110.0
282484726690.0
284162821709.0
285189458416.0
285985799544.0
286933920397.0
287942111321.0
288757598262.0
289390401178.0
290219125568.0
291811831151.0
292511475450.0
293103756226.0
293859918741.0
294635308132.0
295257379275.0
296067530325.0
296899952284.0
297622866666.0
298289777078.0
299001642310.0
299609294755.0
300276914227.0
300856539753.0
301647575492.0
302287577248.0
302976070399.0
303650565988.0
304252114952.0
304843376414.0
305464324450.0
306070231488.0
306657349727.0
307234480791.0
307851302588.0
308488120514.0
309118616398.0
309720811172.0
310376706014.0
311007752203.0
311580459191.0
312075974474.0
313998774087.0
314920803893.0
316959260133.0
318667540017.0
320584210099.0
321442504847.0
322528770947.0
0.0
325468511802.0
