nan
71.078125
72.5234375
67.33854166666667
63.48046875
62.909375
64.15625
63.67857142857143
64.740234375
63.95659722222222
62.9546875
62.47869318181818
65.43098958333333
67.86057692307692
67.71763392857143
68.61458333333333
69.0478515625
69.8970588235294
69.88975694444444
70.31414473684211
71.03203125
72.14657738095238
73.40269886363636
75.5
75.31770833333333
75.58875
77.7734375
78.41030092592592
79.99888392857143
79.96174568965517
81.17552083333334
81.91582661290323
81.9150390625
85.14962121212122
87.98805147058823
89.44553571428571
91.203125
92.18454391891892
93.4498355263158
94.90344551282051
96.496875
97.67911585365853
99.06770833333333
101.69658430232558
105.0497159090909
105.87569444444445
106.9476902173913
108.95179521276596
109.677734375
109.89827806122449
110.94875
112.73560049019608
114.91436298076923
118.46550707547169
123.16984953703704
126.33892045454546
130.232421875
133.69243421052633
137.27882543103448
140.95047669491527
149.98541666666668
152.52945696721312
155.1023185483871
158.4203869047619
160.7373046875
163.18004807692307
165.76373106060606
168.41394589552237
172.45358455882354
175.68297101449275
183.35580357142857
186.35453345070422
188.76193576388889
190.7080479452055
198.30827702702703
201.44604166666667
204.31661184210526
206.92207792207793
209.90625
212.09651898734177
214.6306640625
220.94945987654322
230.0592606707317
232.34676204819277
234.62611607142858
240.49632352941177
243.26544331395348
244.9974856321839
251.32155539772728
257.52440308988764
259.0628472222222
261.50875686813185
263.64402173913044
270.4899193548387
275.8741688829787
280.4532894736842
285.07177734375
289.9842139175258
295.0610650510204
299.6234217171717
303.9665625
309.0714727722772
308.9238664215686
308.82766990291265
308.31986177884613
308.69732142857146
309.65860849056605
313.01007593457945
316.90089699074076
318.2332282110092
317.9221590909091
319.042088963964
319.72042410714283
320.2451603982301
321.3300438596491
322.24796195652175
323.6807650862069
324.19644764957263
325.3791048728813
328.8767069327731
332.75559895833334
333.65676652892563
334.5203637295082
335.6284298780488
336.69342237903226
0.0
337.39446924603175
336.87229330708664
337.87939453125
338.78706395348837
342.6605769230769
343.49415553435114
346.7535511363636
349.5072838345865
350.33908582089555
351.3578703703704
352.3538602941176
355.74851733576645
356.53940217391306
357.26202787769785
361.7400669642857
362.11081560283685
363.03047975352115
365.47049825174827
365.87543402777777
365.95872844827585
368.0665667808219
370.9592899659864
371.24926097972974
373.6463926174497
373.7546875
376.8309188741722
379.1274671052632
382.2985089869281
384.48325892857144
384.92792338709677
384.55669070512823
384.2920979299363
384.7637460443038
385.17275943396226
385.8076171875
386.45137810559004
389.6244212962963
391.98830521472394
394.7358993902439
394.7860795454545
397.2204442771084
399.3013660179641
399.8404947916667
400.2022928994083
400.6707720588235
402.4626279239766
0.0
402.11063945086704
401.9941630747126
404.94714285714286
407.70241477272725
410.09939971751413
412.6429073033708
414.5286312849162
416.8808159722222
419.3669716850829
419.0518543956044
418.619962431694
418.42646059782606
418.57981418918916
418.0068884408602
417.6539939839572
417.19315159574467
416.42501653439155
415.6175986842105
415.32648887434556
417.1114095052083
417.3544365284974
418.8996456185567
421.20080128205126
423.4375
0.0
423.26641414141415
0.0
420.4640625
419.9141013681592
419.41955445544556
418.5850523399015
417.8372395833333
417.0332317073171
416.2855734223301
415.9074577294686
415.11470853365387
414.7505980861244
414.3470982142857
413.5919727488152
412.622272995283
411.69923708920186
410.8362295560748
409.93938953488373
409.14807581018516
408.33640552995394
407.440438646789
406.566352739726
405.7002130681818
404.95050904977376
406.4338400900901
408.49775784753365
410.38748604910717
412.65513888888887
412.9797428097345
414.4823100220264
416.89459978070175
417.13073144104806
418.7385869565217
419.0643262987013
419.3830145474138
421.0930123390558
421.2807158119658
423.09501329787236
424.5773967161017
424.7895569620253
426.78820903361344
428.35336035564853
430.37415364583336
431.96045124481327
433.79267820247935
435.40978652263374
435.4367315573771
436.95516581632654
437.1056275406504
437.2429149797571
438.7649319556452
438.910140562249
438.8743125
440.42293326693226
440.50434027777777
441.8530755928854
441.7316067913386
442.84583333333336
444.09521484375
444.10128891050584
444.24176356589146
444.3509893822394
445.30757211538463
445.252813697318
446.6511211832061
446.2342561787072
447.618193655303
448.71739386792456
450.0970394736842
451.548045411985
452.7761194029851
453.9763592007435
455.0243634259259
456.1967827490775
456.02682674632354
455.95684523809524
455.51545392335765
455.19363636363636
456.0911458333333
455.87048736462094
455.94418839928056
455.75084005376345
456.5760044642857
456.5476534697509
0.0
454.8335909893993
454.49906470070425
455.60263157894735
455.6667395104895
456.62625217770034
456.4817708333333
457.4696691176471
457.609375
459.16892182130584
460.423854880137
461.5546075085324
462.2935799319728
463.91011652542375
464.8510874155405
464.6496212121212
465.78413380872485
466.7140468227425
