nan
48.015625
54.375
61.942708333333336
68.16015625
72.590625
74.109375
73.86160714285714
72.21484375
69.65625
69.996875
70.89772727272727
71.7421875
71.49639423076923
71.10267857142857
72.28854166666666
72.0
71.95496323529412
72.80642361111111
76.06085526315789
76.48203125
77.93154761904762
78.89985795454545
78.82065217391305
78.91536458333333
81.064375
81.76682692307692
82.16782407407408
84.12276785714286
84.68480603448276
83.81458333333333
84.91935483870968
86.1767578125
85.90482954545455
86.44485294117646
88.05491071428571
89.35373263888889
90.30827702702703
92.0513980263158
93.85777243589743
97.942578125
99.20121951219512
99.71986607142857
101.05523255813954
103.73508522727273
105.18055555555556
107.17527173913044
111.03590425531915
112.8466796875
114.30994897959184
115.5503125
117.51011029411765
120.6553485576923
123.53331367924528
126.17621527777777
128.5633522727273
131.01422991071428
132.61677631578948
135.65894396551724
144.364406779661
147.32473958333333
149.3719262295082
152.1015625
155.92633928571428
158.123779296875
161.61802884615383
165.12736742424244
169.43889925373134
171.8816636029412
176.2878170289855
178.82142857142858
181.875
185.68706597222223
189.27589897260273
192.74113175675674
196.15375
203.43688322368422
206.44358766233765
209.33513621794873
216.1376582278481
0.0
220.7216435185185
0.0
217.8648343373494
217.51283482142858
224.36139705882354
231.4796511627907
0.0
231.76242897727272
231.7443820224719
234.34635416666666
240.47046703296704
242.60343070652175
248.84005376344086
251.42137632978722
253.47763157894738
259.4560546875
260.9771262886598
262.5489477040816
267.85227272727275
269.923125
271.11215965346537
272.60983455882354
277.7628944174757
279.62830528846155
280.8980654761905
285.1894162735849
290.36010514018693
291.83825231481484
296.4595756880734
298.07102272727275
299.51984797297297
298.89927455357144
298.4224280973451
298.5855263157895
298.28491847826086
298.1446659482759
297.73330662393164
297.22722457627117
296.73805147058823
296.85703125
296.13933367768595
296.60514856557376
296.4052337398374
296.4585433467742
296.535
297.2439236111111
297.980437992126
297.972900390625
298.1902858527132
298.6793269230769
298.53685591603056
297.91169507575756
300.98226033834584
304.17210820895525
305.12210648148147
304.7977941176471
304.74098996350364
305.44451992753625
305.4126573741007
305.8154017857143
305.72462322695037
304.9942781690141
304.60981206293707
304.341796875
304.1257543103448
304.4674657534247
304.95376275510205
305.3393158783784
305.10895553691273
304.7216666666667
304.9421564569536
304.65316611842104
304.13265931372547
303.54748376623377
302.8666330645161
302.4637419871795
301.7920979299363
301.05300632911394
300.87038128930817
300.4900390625
299.797748447205
300.1447723765432
300.2973542944785
301.3496570121951
303.9942234848485
303.83772590361446
304.85450973053895
305.2959449404762
308.0730399408284
309.00073529411765
308.9949744152047
311.3551962209302
311.8792449421965
314.39610272988506
316.65026785714286
317.1409801136364
319.44465042372883
320.42433286516854
321.29259776536315
322.16822916666666
324.3433183701657
324.83567994505495
324.52518784153006
324.37567934782606
324.83175675675676
324.45640120967744
324.5716911764706
324.5580950797872
326.60920965608466
326.2324835526316
326.2104057591623
325.7666829427083
327.94195272020727
328.7253543814433
331.3147435897436
331.83354591836735
334.0062658629442
334.56178977272725
336.7638190954774
339.606171875
339.8619402985075
342.00866336633663
341.5899784482759
341.57735906862746
341.4965701219512
341.5233616504854
341.26494565217394
341.0233623798077
340.70275119617224
340.87566964285713
340.72467417061614
340.4713295990566
340.9282570422535
341.12959988317755
342.93183139534887
343.60691550925924
343.336909562212
343.59676032110093
343.43428938356163
345.03970170454545
345.04411764705884
345.73233389639637
346.2354960762332
0.0
345.1845833333333
345.064435840708
346.92338931718064
348.68236019736844
349.1552265283843
351.40061141304346
353.622362012987
355.04350754310343
354.6313707081545
354.0774572649573
353.7069813829787
353.9644465042373
353.5005274261603
353.26739758403363
352.8395658995816
352.44446614583336
351.9115663900415
351.49057334710744
351.57092335390945
353.5409836065574
353.7265943877551
355.3034171747967
355.8103491902834
355.59746723790323
357.000062751004
357.437625
357.8762450199203
357.5355282738095
357.1737895256917
356.64167076771656
356.25098039215686
355.68365478515625
355.24136673151753
354.7404917635659
354.34387065637065
353.83491586538463
353.2915469348659
352.9722686068702
353.02186311787074
352.85896070075756
353.06709905660375
353.10825892857144
353.0667134831461
353.42047574626866
353.3520562267658
353.11747685185185
352.895698800738
353.15797334558823
354.97384386446885
357.1581318430657
358.78659090909093
359.1967844202899
360.82395081227435
362.4074865107914
362.64264112903226
364.63565848214284
366.2590080071174
368.3520611702128
369.6830278268551
0.0
370.1642543859649
369.793979458042
371.7378593205575
0.0
371.9744269031142
371.4791487068965
373.2671821305842
373.22864940068496
374.67555460750856
0.0
375.2026483050847
375.10377956081084
376.8230218855219
378.6484899328859
380.13189799331104
