nan
67.421875
80.2578125
82.13020833333333
75.53125
75.596875
75.3515625
72.96428571428571
69.98046875
67.11458333333333
68.571875
68.98579545454545
71.59635416666667
72.17427884615384
71.72879464285714
71.01041666666667
70.3310546875
72.6341911764706
72.48090277777777
73.47039473684211
73.86640625
73.36681547619048
74.02698863636364
76.33152173913044
76.27083333333333
76.176875
76.55108173076923
77.25462962962963
77.99386160714286
79.93049568965517
80.60104166666666
82.64364919354838
83.40380859375
85.55255681818181
87.08318014705883
89.80714285714286
92.5234375
94.00717905405405
97.39185855263158
99.55008012820512
102.569921875
104.2404725609756
108.28534226190476
111.56504360465117
113.99857954545455
117.46909722222222
118.98947010869566
121.23969414893617
123.38509114583333
126.25669642857143
128.4971875
132.7058823529412
135.8224158653846
138.38237028301887
141.07291666666666
142.47698863636364
145.42522321428572
147.68667763157896
154.29445043103448
156.34348516949152
159.81927083333332
162.82556352459017
166.22177419354838
168.7529761904762
171.612060546875
175.71778846153848
180.40696022727272
184.689598880597
187.84926470588235
190.86345108695653
194.04352678571428
201.76540492957747
209.77300347222223
217.72046232876713
225.08129222972974
228.59270833333332
235.7995476973684
238.56574675324674
244.80969551282053
247.60621044303798
249.5099609375
252.40065586419752
258.4660823170732
264.84469126506025
270.8221726190476
272.9990808823529
279.7380087209302
0.0
282.64968039772725
282.18363764044943
288.7657986111111
0.0
291.9171195652174
291.4674059139785
293.27942154255317
295.35707236842103
297.3277994791667
299.3290914948454
304.10714285714283
308.4474431818182
309.7325
310.29965965346537
0.0
308.4881674757282
307.94486177884613
309.51473214285716
313.76400353773585
317.5769567757009
321.6623263888889
325.213876146789
325.89389204545455
326.81306306306305
332.0679408482143
336.34817477876106
337.5548245614035
338.12404891304345
341.4594558189655
345.62419871794873
346.61877648305085
347.0674894957983
348.02526041666664
349.1717458677686
349.9159836065574
350.1932164634146
354.0483870967742
354.98225
355.718501984127
356.0355561023622
356.410400390625
360.16109496124034
363.23365384615386
365.91579198473283
370.0260416666667
373.13146146616543
376.3612406716418
379.3814814814815
383.3548943014706
386.07584397810217
389.30627264492756
391.83723021582733
395.30870535714286
399.16212322695037
401.79192341549293
401.2340472027972
401.1214192708333
401.07241379310346
400.9417808219178
400.4456845238095
399.69953547297297
399.29226090604027
398.45708333333334
398.1760140728477
397.3196957236842
396.1281658496732
394.95211038961037
393.81058467741934
392.74138621794873
391.5966361464968
390.58662974683546
389.608195754717
388.5857421875
387.5573563664596
386.54783950617286
385.8022430981595
385.1328125
384.63513257575755
383.90850903614455
383.0528630239521
382.43359375
382.1352625739645
382.16966911764706
381.67754020467834
380.85973837209303
380.2305816473988
379.3270474137931
378.37669642857145
377.4825994318182
376.5929555084746
375.65150983146066
374.882594273743
373.9389756944444
373.0609461325967
371.0885989010989
370.5578893442623
369.6527683423913
368.83851351351353
368.03839045698925
367.1880013368984
366.2882313829787
365.3610284391534
364.48026315789474
363.6924901832461
365.6669921875
367.8601845854922
368.50990657216494
370.70120192307695
373.54583864795916
373.8730964467005
374.3686868686869
376.2359453517588
378.19484375
379.91526741293535
380.3563582920792
381.98091133004925
382.3291207107843
381.96661585365854
383.6083889563107
386.0096618357488
388.5222355769231
388.8930173444976
0.0
388.9368335308057
388.14607900943395
387.49288438967136
386.8878504672897
386.209375
385.56495949074076
384.9172667050691
384.2846903669725
383.68072203196346
383.3458806818182
382.7335265837104
381.91948198198196
381.2158772421525
380.5185546875
379.7785416666667
379.1070243362832
378.39296530837004
377.667694627193
376.94868995633186
376.2707201086956
375.5899621212121
375.0659348060345
374.58932403433477
374.11678685897436
373.9035904255319
373.5057600635593
373.0268987341772
372.6108849789916
372.1439592050209
371.6850911458333
371.3835580912863
370.9895402892562
371.4476594650206
371.05654456967216
370.7339285714286
370.7715955284553
370.44464827935224
370.277595766129
369.93116214859435
369.5115
370.9124750996016
372.2328249007937
371.935523715415
371.63268946850394
371.34007352941177
371.10443115234375
371.5028574902724
371.1676356589147
371.0087475868726
370.6395432692308
370.72886733716473
370.47041984732823
372.2652091254753
372.65435606060606
374.3041863207547
374.7316141917293
376.43697331460675
378.08447994402985
0.0
378.1692708333333
377.81463330258305
377.705078125
377.1421130952381
376.4774178832117
375.89028409090906
375.2929121376812
374.69985333935017
374.154226618705
373.5838373655914
372.98180803571427
372.3876223309609
372.12245124113474
371.86765680212017
371.4632482394366
371.16343201754387
370.911166958042
370.51431837979095
370.0299479166667
369.5869917820069
369.17467672413795
368.7755047250859
368.30714897260276
367.80108788395904
367.5637223639456
367.0771186440678
366.6377744932432
366.45386153198655
366.0564177852349
365.89909071906357
