89.40625
54.8125
53.0
78.9375
69.25
65.515625
93.234375
53.984375
56.859375
60.703125
39.59375
62.640625
62.75
63.03125
75.46875
53.171875
77.28125
61.171875
114.375
90.3125
67.0625
82.4375
102.546875
87.859375
92.71875
129.5625
95.875
105.375
126.234375
126.53125
103.4375
118.609375
157.546875
128.53125
133.421875
167.140625
142.9375
104.015625
156.90625
246.046875
187.5
229.1875
180.09375
211.0625
197.65625
189.09375
314.578125
188.15625
308.125
207.671875
263.296875
256.046875
273.34375
292.21875
371.859375
316.359375
252.453125
457.828125
356.234375
604.90625
402.40625
324.421875
430.390625
408.3125
449.25
439.25
377.453125
439.34375
387.640625
671.328125
398.859375
721.359375
484.453125
372.8125
462.609375
443.703125
439.609375
482.265625
441.5625
489.4375
484.515625
449.65625
474.3125
742.421875
478.390625
376.9375
378.984375
716.5625
358.0
447.59375
705.484375
228.015625
695.359375
462.40625
405.8125
443.5
460.5625
379.9375
355.015625
465.578125
359.015625
811.609375
486.75
475.78125
455.890625
725.90625
491.5625
833.390625
482.78125
445.921875
821.28125
748.625
444.890625
363.015625
693.734375
360.015625
423.953125
410.984375
406.90625
703.765625
418.90625
671.3125
247.03125
243.015625
233.015625
226.015625
188.015625
228.015625
238.015625
247.015625
257.015625
354.90625
293.015625
290.015625
257.015625
246.015625
282.015625
293.015625
274.015625
262.015625
290.015625
252.015625
308.015625
307.015625
459.15625
290.015625
492.15625
722.015625
365.625
274.015625
441.1875
213.015625
277.015625
260.015625
271.015625
224.015625
314.015625
250.015625
217.015625
275.015625
260.015625
442.875
822.5
781.53125
809.46875
468.65625
448.78125
457.84375
441.75
711.796875
486.828125
241.015625
351.0
274.015625
295.015625
350.015625
350.015625
319.015625
342.015625
221.015625
463.3125
806.40625
851.5
802.609375
495.984375
761.765625
713.828125
311.015625
301.015625
297.015625
825.421875
181.015625
233.03125
222.015625
223.015625
204.03125
187.015625
218.015625
189.015625
208.015625
191.015625
227.015625
233.015625
222.03125
283.015625
235.015625
230.015625
236.015625
225.015625
235.015625
336.015625
341.015625
731.671875
420.890625
704.953125
758.34375
328.015625
495.53125
392.0
704.71875
472.890625
725.140625
335.015625
290.015625
268.015625
453.203125
394.953125
250.015625
319.015625
286.015625
436.78125
276.015625
311.015625
320.015625
426.890625
390.640625
794.96875
370.0
424.71875
369.96875
304.015625
462.8125
414.9375
398.015625
489.28125
403.0
491.875
754.890625
284.015625
714.59375
415.90625
757.421875
738.78125
738.4375
381.015625
393.015625
434.921875
458.890625
785.421875
408.0
414.96875
404.828125
389.015625
470.4375
330.015625
751.65625
318.015625
464.859375
327.015625
465.859375
721.671875
290.015625
219.015625
212.015625
219.015625
214.015625
200.015625
209.015625
225.015625
214.015625
206.015625
238.03125
212.015625
214.015625
226.015625
207.015625
198.015625
218.015625
213.015625
198.03125
197.015625
188.015625
170.015625
162.015625
178.015625
179.015625
173.046875
166.03125
170.015625
171.015625
