48.015625
60.734375
77.078125
86.8125
90.3125
81.703125
72.375
60.6875
49.1875
73.0625
79.90625
81.03125
68.546875
65.984375
88.890625
67.671875
71.234375
87.28125
134.640625
84.484375
106.921875
99.234375
77.078125
81.09375
132.640625
99.328125
92.59375
136.90625
100.421875
58.578125
118.0625
125.15625
77.203125
104.265625
142.796875
134.8125
124.671875
156.546875
162.5
257.25
149.546875
120.984375
157.140625
218.96875
168.78125
196.9375
288.625
197.953125
184.546875
176.328125
215.5
281.0625
273.1875
266.25
257.46875
265.8125
222.359375
309.0625
649.28125
321.984375
272.203125
318.609375
393.0625
296.5625
385.25
393.234375
454.0
335.546875
475.90625
353.640625
395.625
456.34375
447.671875
445.703125
448.6875
749.671875
434.953125
431.984375
746.734375
803.578125
0.0
204.328125
0.0
188.296875
799.640625
836.53125
487.84375
0.0
230.15625
465.921875
791.640625
436.703125
822.609375
491.484375
446.765625
827.40625
407.0
415.015625
787.578125
474.9375
390.015625
423.875
803.375
471.765625
412.953125
735.78125
838.453125
450.0
795.5625
473.71875
458.890625
230.015625
245.015625
317.015625
264.015625
282.015625
250.015625
238.015625
239.015625
311.015625
210.015625
352.96875
272.015625
303.015625
306.015625
385.859375
390.78125
297.015625
326.015625
361.765625
280.015625
216.015625
706.296875
728.421875
432.421875
261.015625
297.015625
401.828125
301.015625
361.796875
293.015625
202.015625
250.015625
266.015625
273.015625
354.015625
375.953125
362.015625
271.015625
247.015625
338.015625
261.015625
225.015625
214.015625
198.015625
240.015625
197.015625
185.015625
272.015625
240.015625
189.03125
356.015625
325.015625
472.875
737.703125
278.015625
473.640625
379.015625
774.625
465.78125
308.015625
714.953125
402.015625
749.8125
708.875
403.015625
724.890625
493.828125
475.84375
478.90625
715.859375
413.953125
268.015625
297.015625
408.75
255.015625
346.015625
322.015625
712.21875
255.03125
322.015625
241.015625
745.59375
479.921875
833.65625
433.0
759.859375
444.0
772.765625
905.234375
391.015625
773.5
257.015625
339.015625
325.015625
347.015625
288.03125
291.015625
274.015625
377.015625
309.015625
287.015625
437.796875
384.015625
728.609375
488.75
285.015625
399.984375
308.015625
696.625
346.015625
497.828125
457.9375
456.015625
0.0
318.03125
767.046875
747.96875
456.96875
865.59375
864.625
683.328125
259.015625
225.015625
267.015625
414.46875
244.015625
298.015625
251.015625
258.015625
224.015625
250.03125
371.015625
832.265625
399.015625
741.625
480.515625
303.015625
704.84375
466.390625
467.53125
272.015625
266.015625
222.015625
257.015625
211.015625
242.015625
226.015625
252.015625
222.015625
212.015625
269.640625
366.015625
310.015625
408.015625
364.015625
342.015625
447.875
335.015625
290.015625
293.015625
424.234375
848.890625
953.46875
804.984375
472.0
809.921875
801.046875
428.015625
920.6875
820.796875
956.5
745.015625
876.515625
0.0
264.265625
927.6875
811.84375
0.0
228.34375
891.796875
362.015625
797.171875
904.84375
0.0
345.9375
885.71875
920.8125
822.1875
874.96875
