nan
-693.8375
-510.39374999999995
-633.9916666666667
-1079.828125
-954.3275
-898.9020833333333
-911.1473214285713
-899.26953125
-903.75
-901.008125
-914.0664772727272
-894.1083333333332
-878.520673076923
-952.8214285714286
-925.0908333333333
-954.3699218749999
-933.8705882352941
-994.576736111111
-982.4970394736841
-952.4074999999999
-925.7767857142856
-933.3937499999997
-918.9866847826084
-922.3768229166667
-910.2275
-896.9110576923077
-877.5134259259258
-860.1254464285714
-843.5984913793104
-833.61875
-822.3955645161291
-813.126171875
-804.9439393939393
-790.3101102941175
-774.9649999999999
-765.5906249999999
-756.2804054054053
-755.2190789473683
-745.3477564102564
-742.9517187499999
-741.3576219512195
-732.1834821428571
-720.9498546511628
-709.3116477272728
-703.1780555555556
-693.3686141304348
-686.567420212766
-680.9817708333334
-673.5297193877551
-665.7978750000001
-663.0061274509804
-656.6837740384616
-648.6682783018869
-641.4309027777779
-637.53
-629.6449776785714
-621.5816885964912
-614.9928879310345
-607.0018008474577
-599.8634375
-595.5388319672131
-589.7820564516129
-582.7076388888889
-575.93974609375
-570.505576923077
-564.9527462121213
-559.7625000000002
-554.2480698529413
-548.343025362319
-541.9458035714288
-536.4441021126762
-531.8230902777779
-527.3905821917809
-523.4952702702703
-518.75
-514.0281249999999
-510.19602272727275
-506.0697916666667
-503.33797468354425
-498.85679687500004
-495.4376543209877
-490.8875762195123
-486.37259036144593
-482.2064732142858
-478.269411764706
-475.19273255813965
-472.62227011494264
-468.12251420454544
-463.8720505617978
-461.02541666666673
-457.4536401098902
-454.6874320652175
-451.3440188172044
-448.4231382978724
-445.4826315789474
-443.2300781250001
-441.12796391752585
-438.37812500000007
-436.57809343434354
-434.23625000000015
-430.82667079207937
-427.97064950980405
-426.0883495145632
-423.75204326923085
-421.6705952380953
-420.36975235849064
-419.4139602803739
-419.2401041666667
-418.67115825688074
-417.0619318181818
-416.1331081081081
-415.5051339285714
-414.46670353982296
-412.0777960526315
-410.4580978260869
-409.476885775862
-406.3770299145298
-404.18765889830496
-402.14989495798307
-399.62489583333337
-397.2655475206612
-395.56014344262303
-393.75127032520334
-392.57192540322586
-390.38030000000003
-388.36438492063496
-387.28607283464567
-385.9650390625
-383.7656492248062
-381.898125
-379.69250954198475
-377.965293560606
-376.36104323308274
-374.5484141791045
-372.99675925925925
-370.9240349264706
-369.15465328467155
-367.49782608695654
-365.7593974820144
-363.72553571428574
-361.9615248226951
-360.69432218309856
-359.19388111888117
-357.42439236111113
-355.42456896551727
-353.41339897260275
-351.9751275510204
-350.26849662162164
-349.10767617449665
-347.1112916666667
-345.6078642384106
-344.29769736842104
-342.7165849673203
-341.13096590909095
-339.50040322580645
-337.7955528846154
-336.2488455414013
-334.7991297468355
-333.5084119496856
-334.9662109375
-334.7266692546584
-333.91712962962964
-333.9144171779141
-333.48132621951225
-333.7057575757576
-334.0438629518073
-334.3343562874252
-334.4267485119048
-334.06460798816573
-333.27051470588236
-332.1642909356725
-330.7290697674419
-329.446387283237
-328.26734913793103
-326.9978928571429
-325.3755681818182
-323.7831214689266
-322.37169943820226
-321.0335195530726
-319.5451736111111
-318.0190953038674
-316.5647664835165
-315.2423155737705
-314.18980978260873
-313.2489527027027
-312.03521505376347
-313.1752339572193
-312.4953789893617
-312.6839947089947
-312.5290131578947
-311.9952879581152
-311.2402669270834
-311.01713082901557
-311.1489368556702
-310.46137820512826
-309.51084183673476
-308.3143401015229
-307.1298926767677
-306.96551507537697
-305.8285000000001
-304.81333955223886
-304.08505569306936
-302.7742610837439
-301.86268382352944
-300.7958841463415
-299.50351941747573
-298.17786835748797
-297.0201322115385
-295.81288875598085
-294.7329761904762
-293.75257701421805
-292.59666863207553
-291.618544600939
-290.5599299065421
-290.2631976744186
-289.92931134259265
-289.55950460829496
-289.0716456422019
-289.0138698630137
-288.6679545454546
-288.2342760180996
-288.1094594594595
-287.69904708520187
-287.1796875
-286.8595555555555
-286.2705752212389
-286.01665748898677
-285.43070175438595
-284.48277838427947
-283.5451630434782
-282.88354978354977
-282.27852909482755
-281.3969957081545
-280.5834134615384
-280.0311170212766
-279.7106197033898
-279.27333860759495
-279.0733193277311
-278.24824790794975
-277.50171875
-276.58752593361
-275.6157799586777
-274.67358539094647
-273.94121413934425
-272.9832397959184
-272.035950203252
-271.5131831983806
-270.7765372983871
-270.3817018072289
-269.7185
-268.94718625498007
-268.38067956349204
-267.76823122529646
-267.29180610236216
-267.6867401960784
-267.1775390625
-266.55077821011673
-266.04609980620154
-265.52027027027026
-265.03418269230775
-264.4639607279693
-263.6391698473282
-263.1156368821293
-262.44985795454545
-261.6570990566038
-260.74861372180453
-260.10276217228466
-259.6279617537313
-258.9710501858736
-258.2365046296296
-257.65721863468633
-256.8366727941177
-256.19267399267403
-255.34160583941608
-254.51975
-253.72869112318838
-252.91911101083033
-252.18932104316548
-251.3786066308244
-250.61040178571432
-250.3675044483986
-250.19638741134753
-250.6765901060071
-250.51749559859155
-251.36866228070178
-250.89687500000002
-250.63020470383273
-250.28687065972224
-250.879152249135
-250.2625646551724
-249.70925687285225
-249.3121575342466
-248.8515145051195
-248.37068452380956
-247.84180084745765
-247.18559966216216
-246.55850168350167
-245.89712667785236
-245.1483068561873
