nan
-963.625
-779.778125
-893.0541666666668
-817.5359375
-785.5237500000001
-747.8874999999999
-821.6214285714286
-773.1031250000001
-792.0152777777779
-781.616875
-752.5210227272728
-767.5161458333333
-777.3158653846154
-783.9642857142857
-822.7475
-807.4828125000001
-779.3452205882354
-777.8902777777779
-762.0430921052633
-760.4728125000001
-756.7291666666669
-745.0522727272729
-736.301086956522
-730.1690104166668
-722.44275
-709.273076923077
-697.8969907407409
-682.5040178571429
-673.0456896551725
-659.9766666666668
-644.744556451613
-642.5470703125
-626.3316287878788
-621.4240808823529
-614.8658928571427
-607.407986111111
-601.5315878378377
-596.1036184210525
-593.1751602564101
-584.44921875
-578.8146341463415
-575.124255952381
-571.1981104651163
-567.095596590909
-574.2133333333333
-576.9703804347826
-575.7829787234042
-569.3626302083334
-566.170025510204
-561.55625
-558.0511029411765
-559.2953125
-561.2153301886793
-558.7813657407407
-553.8092045454546
-549.64453125
-544.3891447368421
-538.7619612068966
-531.8192796610169
-529.4132291666667
-522.6805327868852
-517.4370967741936
-513.1361111111112
-508.5462890625
-504.7340384615385
-500.4256628787879
-495.3566231343284
-490.68575367647065
-485.9820652173914
-480.4709821428572
-475.97253521126777
-473.32187500000003
-468.2309075342466
-464.0101351351352
-459.7451666666667
-454.54276315789485
-450.2092532467534
-445.76354166666675
-442.0726265822786
-437.64226562500005
-435.2457561728396
-431.50236280487815
-427.31875
-424.92953869047625
-422.12507352941185
-419.6398255813954
-416.98297413793114
-414.0841619318182
-411.1205056179775
-408.7764583333333
-405.91435439560433
-403.9349864130434
-401.34509408602145
-398.94906914893613
-397.0194078947368
-395.4006510416666
-393.01488402061847
-389.76033163265294
-387.1388888888888
-384.6859999999999
-382.6209777227722
-379.6655024509803
-377.94811893203877
-375.52926682692305
-372.86767857142854
-371.84003537735845
-369.35922897196264
-367.57303240740737
-365.55556192660544
-364.0991477272727
-362.87494369369364
-360.53482142857143
-358.3823008849558
-356.5105263157895
-354.9394565217392
-352.840301724138
-350.7944978632479
-349.5537605932203
-347.4355567226891
-345.4355729166667
-344.24710743801654
-342.51752049180334
-341.05442073170735
-338.93553427419357
-336.99330000000003
-335.47966269841277
-333.46889763779535
-331.33935546875
-329.9697189922481
-328.16966346153845
-326.60935114503815
-326.2492424242424
-324.9143327067669
-323.70517723880596
-322.18680555555557
-320.6176011029412
-319.1901003649635
-317.3862771739131
-315.6686600719425
-314.53825892857145
-313.60350177304963
-312.2799735915493
-311.18902972027973
-309.4822048611111
-308.13275862068963
-307.21451198630143
-305.977593537415
-304.99628378378384
-303.20654362416116
-301.5015833333334
-300.81221026490067
-299.7608552631579
-298.3305555555555
-297.0922077922078
-295.92483870967743
-294.61802884615383
-294.4042993630573
-293.84988132911394
-292.86733490566036
-291.93902343750005
-291.0287655279503
-289.5952160493827
-288.50513803680985
-287.1674161585366
-286.1917803030303
-285.631061746988
-284.3696482035928
-283.44739583333336
-282.446449704142
-281.3388602941177
-280.927302631579
-279.7960392441861
-278.8957369942197
-277.87887931034487
-277.5443928571429
-277.10873579545455
-276.61024011299435
-276.3563904494382
-275.4562849162011
-274.5910763888889
-274.1012085635359
-273.69175824175824
-273.1047131147541
-272.88620923913044
-272.28827702702705
-271.4283266129032
-270.2390374331551
-269.33916223404253
-269.3478505291005
-268.6840460526316
-268.2036321989529
-267.1255859375
-267.25514896373056
-267.0420425257732
-267.2348397435897
-266.897512755102
-266.04939720812183
-265.41417297979797
-264.94711055276383
