-490.40625
-720.4
-541.61875
-1313.575
-1075.9625
-1698.375
-540.625
-915.125
-826.59375
-874.43125
-1199.96875
-699.03125
-753.9625
-1237.9
-695.4125
-365.98125
-600.60625
-1139.56875
-1673.20625
-868.15
-1414.74375
-1274.61875
-698.15
-533.83125
-605.60625
-390.35625
-498.13125
-500.7
-1050.7375
-854.95625
-464.56875
-927.875
-1502.53125
-1901.06875
-629.35625
-702.68125
-310.49375
-919.4625
-532.46875
-528.9375
-1922.5375
-1100.5125
-1058.45625
-109.58125
-435.16875
-176.4125
-315.4125
-110.63125
-228.6875
-288.175
-315.06875
-289.31875
-188.5
-344.15625
-430.1375
-307.09375
-400.19375
-92.9875
-302.41875
-362.10625
-371.35
-279.08125
-125.725
-258.2875
-523.925
-332.76875
-126.80625
-195.73125
-376.60625
-526.6875
-449.66875
-266.4625
-234.525
-165.125
-260.8
-399.025
-209.15625
-133.51875
-368.75625
-179.06875
-274.075
-375.8
-105.725
-135.33125
-87.35
-128.6625
-222.81875
-88.35
-171.3625
-126.05
-134.375
-121.15
-169.7375
-88.35
-116.95625
-68.7875
-101.10625
-221.625
-141.75625
-270.89375
-123.575
-223.00625
-124.1875
-215.29375
-211.3
-74.6375
-137.04375
-116.3375
-189.83125
-49.4625
-96.06875
-296.775
-463.275
-443.28125
-300.0125
-866.59375
-103.675
-243.1375
-166.69375
-293.49375
-327.2875
-186.25625
-285.35625
-289.06875
-269.93125
-308.9625
-229.80625
-281.925
-279.5
-185.96875
-150.36875
-102.875
-195.3
-126.80625
-162.075
-118.19375
-85.59375
-92.49375
-74.2125
-131.76875
-127.7625
-29.85
-99.44375
-58.0875
-24.85625
-44.46875
-43.23125
-89.30625
-107.25
-78.4
-217.71875
-115.19375
-168.50625
-152.13125
-182.2125
-116.575
-93.0125
-114.90625
-123.3375
-152.275
-146.375
-105.76875
-109.00625
-25.33125
-134.04375
-41.5625
-34.46875
-29.56875
-39.23125
-52.8875
-68.35625
-58.6
-65.6
-124.05
-28.9
-88.91875
-133.99375
-176.2125
-256.6125
-125.14375
-132.6625
-144.13125
-103.9125
-95.34375
-31.23125
-107.9125
-105.9125
-146.13125
-69.5
-159.4125
-113.71875
-71.83125
-141.6125
-74.06875
-70.8375
-135.75625
-244.80625
-33.425
-84.20625
-81.6375
