0.462877058
0.51750397
0.706631606
1.446917857
1.598869337
1.782958377
2.218720867
2.557877458
2.964804852
3.439234536
4.077572827
4.498458665
5.00236771
7.007435852
7.430931016
8.879862243
9.420222286
12.145703548
13.253437834
14.03066645
14.474029524
16.152171844
17.252875423
19.124128085
20.155270165
21.126121187
21.739879293
22.580529199
23.419202507
24.744604895
25.615559896
26.499753765
27.833741453
28.652123342
29.304470387
30.340409867
31.364899922
33.286710582
34.514087746
36.577791296
38.96118479
40.017222267
40.763985597
41.436997413
42.712717708
43.409866805
44.854787526
46.730062679
48.039860709
49.264755533
51.558897045
52.63397069
53.60223279
54.583643918
56.399583209
57.121998275
58.260922272
59.352577408
60.137365949
61.310490432
62.973208
63.928373258
64.983328728
65.773208805
66.609090472
67.716079953
69.022885523
69.708086958
70.41619199
71.18817261
72.07898369
73.15139549
74.056144132
75.175641349
75.941023921
76.606626484
77.375720685
78.054539465
78.896502359
79.395883144
80.145298819
80.680409365
81.206539139
81.680107598
82.164366675
83.08484839
84.064149893
84.88983169
85.903756034
86.682872477
87.366372482
88.106946205
88.690741128
89.252567622
90.089960989
90.966894604
91.666315751
92.403491179
93.282559438
94.195755865
94.639063164
95.150492205
96.155606513
96.791444596
97.620924265
98.461005977
99.402828728
100.753188621
101.795034066
102.484566864
103.678650451
104.600815641
105.96397551
106.564177701
107.659688985
108.882482927
109.350129183
109.842277582
110.50936391
111.005790301
111.564717461
112.346362014
112.987968452
113.869005249
114.511007317
115.363983569
116.487254317
117.407704835
117.918773659
118.469150208
118.974434292
119.784755479
120.706278789
121.784615789
122.64073569
123.168607737
123.839928891
124.477995691
125.375806717
126.133989523
126.700284336
127.535738501
128.3709923
129.073203346
129.546516404
130.593911345
131.213017946
132.187162653
133.007672253
133.564097109
134.218692557
134.938018639
135.581289033
136.140705095
136.74448662
137.353176085
137.990902213
138.564314425
140.008933581
142.306792982
143.811538057
144.830336858
146.170776785
147.318021515
149.310816562
150.867345393
153.063678539
155.126644595
157.113384153
158.946329173
161.763151232
162.98219551
164.748497451
166.52335386
168.335698285
169.449221053
170.307868813
171.506929516
173.335591259
174.590017255
175.739347575
177.902515899
179.782259212
181.695310648
182.452781156
183.583345462
187.600508277
189.751174066
192.204106522
196.07954398
198.223992934
200.323829101
202.095887961
205.548451306
207.247241006
209.792565296
212.387320874
214.364212324
221.992587853
225.055096643
227.208534455
228.663461562
229.941990866
231.137303748
233.044270649
234.498774449
235.596322335
237.257947006
238.692941861
240.503722745
241.17253277
242.149698252
243.354138392
244.555134241
246.122414485
247.289552852
249.511411575
250.444647364
253.521230312
255.174013764
256.633125953
260.138740973
261.846951682
263.710093603
265.444461299
267.058639602
270.112091946
271.911784879
272.868357674
273.699691925
275.273372598
277.119904181
278.680323424
280.382988768
281.445511209
283.306219385
285.272070287
287.439606397
289.313675655
293.345884633
295.541743029
297.493522682
299.703047343
302.253690183
304.446648482
306.499298135
310.037666674
311.371127404
314.014916741
315.566554004
317.106554093
318.333065015
319.524794593
321.679407857
325.966914803
328.676643022
329.71582331
333.414201519
335.191936756
336.967580555
340.03651257
341.484033608
342.839677303
344.275126589
345.939006775
347.196217071
349.196014282
351.205790117
352.003101267
352.819483276
354.478286892
355.658625872
357.803620311
359.260861013
360.880894678
362.804344843
364.541291531
366.386329985
367.988761134
369.726947529
371.797725576
374.379248983
379.96175139
382.810987641
389.778804199
392.110840322
394.54210055
396.384467144
401.914942268
403.044927724
404.033832379
405.594656485
408.078781473
410.198778222
412.056540635
413.848391418
415.884949255
418.180856538
419.653725256
420.986015865
