0.546141407
1.035469575
1.203213557
1.380971608
1.477470965
1.679761884
1.893254114
2.143006396
2.331576112
2.479809026
3.69236602
4.334025755
5.962607078
6.628233137
7.365646566
7.721189117
8.12446742
8.763549989
9.341424853
10.005836386
10.568402182
12.057535111
12.72173579
14.306447257
14.988448765
15.948310327
16.891890383
20.870016184
21.440588771
24.043868666
30.695678008
32.53695111
34.231548776
35.024775692
39.633654177
40.971216673
43.006642485
47.370329806
50.943764107
52.655640158
58.149359284
59.671932716
61.190279517
61.879124335
62.93092932
64.441203487
65.579994571
67.312966488
68.264497047
69.373142087
70.821306835
71.840942288
73.451662717
74.619728948
76.57058769
78.561030755
80.569953528
81.898569765
83.583228272
85.546892315
86.606052605
87.521093664
88.826507403
90.441244412
91.689577296
92.720999072
94.051268952
95.290059259
96.568140982
97.39090107
98.651759396
99.842106332
101.145497611
102.434972459
103.377225809
104.592512723
105.551224957
106.506163399
107.533038404
108.7969362
109.449930067
110.67973924
111.80359164
112.97297504
114.327650235
115.708460468
116.377958029
117.459315696
118.744543841
119.671338519
121.192534257
123.234768078
127.714586347
128.853450302
130.082233755
132.122705509
133.640115608
136.029220386
137.862497069
139.195522571
140.725604522
142.120357148
144.49844282
145.902626885
146.84751248
149.202826448
150.257321565
151.253885363
152.163887293
153.819350034
154.904603508
156.425022806
157.685659208
159.253385264
161.494336585
163.076358417
164.764962388
165.891984814
167.840617377
169.268641412
170.586159466
172.099866785
173.664422671
175.294807207
176.779926826
178.976796784
180.69099342
182.523628014
183.713618264
185.264882492
186.73992831
188.558351235
189.957341321
191.131872115
192.636465626
194.111592935
195.668139102
196.711376755
197.9393868
199.25953541
200.917259456
202.371994296
204.206259143
205.696051249
207.167610847
209.35252323
211.178290588
213.530184268
215.92350125
217.883071457
220.303315329
221.537971197
223.575088171
225.565325281
226.987425356
228.893544855
230.661319289
232.250364152
233.85393446
236.011818635
238.035247049
241.188279011
244.0723885
246.464361153
248.151935601
250.481614241
253.859441718
256.888796162
263.320598081
268.620307499
272.213178156
277.505266418
279.691264783
283.000843331
284.910566617
293.953022751
296.348719661
298.634756828
300.581080781
302.661936979
305.33087998
307.31839878
311.943090312
318.652141385
321.175475601
323.834877357
327.547616014
330.901978472
337.358170555
340.491782498
342.889886663
346.397333148
349.803813223
355.151892005
357.27108311
360.045363123
364.344695303
366.623796434
370.868406764
375.127649437
