0.631472629
0.826899643
1.059363622
1.346202159
1.665175766
2.013940276
2.612309143
4.283172442
4.941816304
6.124698351
6.664706021
7.46505646
7.871948486
8.363575355
8.894830355
9.280838344
9.916107682
10.740394957
11.010496009
11.573580117
13.118291363
13.840051687
14.566406876
15.223967204
15.999204233
16.381927909
16.698770844
17.486684925
17.978954148
18.57058467
19.126414678
19.479053884
20.347772507
21.302762874
22.214468685
22.723370198
23.84159062
25.102949584
25.970607381
27.077864651
28.423540802
29.183367913
29.774261259
30.338916346
30.884926527
31.497258556
32.313860097
33.151323938
34.072413209
34.75793822
35.334845204
36.376673602
37.008764973
37.949300481
38.534017977
39.553510548
40.446768403
41.525887138
42.635831467
43.205472893
44.034996483
44.677412084
45.959897818
46.78012064
47.903358159
48.867588118
49.469521035
50.443915331
51.213681744
52.293676047
53.725272002
54.927899852
55.628025004
56.460585444
57.48683963
58.226062833
58.904197641
60.063217033
61.366316627
61.913343186
63.344062734
64.333974909
65.049100275
66.12450127
67.610249504
68.609412346
69.418880031
70.174523617
70.877842595
71.83651513
72.458372631
73.239035312
74.974461422
75.874238014
76.763228606
78.887193639
80.732463706
81.505015195
82.867570626
84.018302353
84.809005678
86.159728543
87.36442848
88.305856565
89.114526778
89.929248033
90.685099854
92.485912099
94.439171157
96.705958874
97.45298728
98.335087414
99.126578185
100.207849968
100.6629566
102.39472499
103.551876824
104.45612869
105.573191503
106.256597605
107.12092096
108.102394822
108.589660894
109.640239417
110.579177742
111.96067579
113.517423396
114.64303784
116.152811836
118.224312083
119.140306053
119.794090367
120.619798877
122.054516675
123.152124366
124.416341939
125.585019565
126.934610252
128.233700139
129.552395935
130.155271399
131.781714691
132.908374141
134.096104236
135.646108846
136.549393437
137.639458826
138.48507458
139.666899353
140.701810352
141.552557755
142.317888637
143.093588618
143.933609592
145.301169861
145.971310283
146.637046248
147.416499419
148.187221141
148.96627509
150.00309281
150.816952296
151.430923641
152.190535027
152.967329756
153.766148279
154.370344269
155.146253753
155.821818732
156.508040632
157.122854209
157.768414847
158.560560983
159.2462169
159.978216826
160.770383182
161.487154923
162.187318699
162.962290905
163.635508272
164.261242908
164.926667068
165.577581129
166.353064821
166.993337038
167.738188126
168.387460389
169.029493119
169.760899483
170.407646859
171.055353598
171.794903723
172.535159276
173.300042534
173.997139599
174.647022354
175.343479081
176.075534001
177.05658248
177.724734936
