0.464507285
0.519246735
0.709028976
1.450337876
1.574445151
1.758809097
2.183984567
2.523504916
2.932745606
3.403253148
4.036117364
4.457061025
4.961078065
6.952649228
7.37239572
8.799119116
9.338699339
12.112182937
13.183415949
13.921162667
14.35150552
15.945067361
17.003751346
18.822462868
19.813807447
20.743131005
21.344935592
22.174874262
22.970402938
24.167218293
25.052588558
25.929406572
27.252117911
28.052649307
28.708424652
29.763175859
30.780510013
32.754752006
34.007619861
36.105212721
38.524292892
39.50045791
40.270175847
40.967273082
42.280402376
42.993317599
44.474732334
46.373236938
47.695368461
48.937249188
51.237733789
52.348679069
53.336038146
54.374628426
56.214211366
56.948155069
58.098607198
59.203765552
60.001101761
61.194158527
62.891901344
63.872538865
64.911553846
65.708125905
66.562422574
67.689720882
69.011820162
69.701618914
70.419702939
71.204489034
72.111292264
73.209212324
74.14379111
75.27105802
76.04608087
76.721958861
77.515673641
78.207602927
79.063489466
79.56614065
80.313174439
80.858488162
81.39733374
81.887443089
82.387301687
83.32632325
84.331595822
85.169677149
86.202737512
86.989371702
87.684043464
88.448951271
89.060229247
89.618899813
90.454648711
91.348343693
92.060327399
92.807776315
93.708647252
94.649351627
95.10116643
95.619546947
96.649640187
97.293776562
98.126715157
98.980547409
99.94213637
101.287047018
102.349271408
103.052435676
104.280802323
105.225334966
106.609705763
107.219609556
108.339090302
109.606960573
110.078465928
110.579273047
111.244662576
111.74891559
112.31925331
113.114732088
113.809219177
114.73508046
115.412462019
116.294804154
117.466757999
118.43318379
118.970302602
119.539404908
120.079850954
120.913451272
121.867485523
122.985556415
123.868731455
124.411278505
125.117279906
125.776252896
126.699002331
127.487165847
128.072022403
128.931887787
129.81426356
130.543052343
131.032217742
132.119168227
132.755568618
133.769764685
134.631592502
135.210906851
135.888139502
136.62762871
137.297659268
137.87770251
138.504482739
139.148709463
139.802030091
140.3955832
141.887726031
144.285091299
145.87611593
146.94574641
148.354556049
149.56305851
151.663564051
153.288034603
155.601297615
157.76462538
159.853050319
161.776754702
164.738029337
166.024690111
167.885486478
169.758572204
171.667916527
172.837146874
173.748308662
175.021800469
176.951447948
178.276262824
179.489668653
181.777917071
183.766195872
185.79994548
186.593481357
187.768909705
191.99274744
194.267546361
196.8494026
200.921665543
203.182857454
205.37340684
207.241759879
210.844604833
212.642139096
215.347921804
218.084015987
220.160043444
228.199894539
231.413140472
233.679026761
235.224533654
236.571729886
237.830522633
239.848825456
241.370515633
242.528976769
244.289629914
245.813767316
247.720830056
248.430563456
249.468800454
250.727911952
251.989696626
253.637782585
254.864857768
257.218223001
258.194636924
261.479391678
263.220167227
264.763535635
268.479816689
270.271589761
272.227220593
274.061078414
275.777913942
278.997696705
280.901321745
281.908947139
282.794672227
284.44224601
286.391048238
288.041588706
289.83565539
290.976796128
292.946783936
295.002349218
297.262782721
299.23036816
303.437145021
305.726052372
307.77304062
310.097671917
312.771644384
315.094197449
317.228631652
320.943860137
322.317236192
325.104607935
326.711515705
328.337403838
329.629353067
330.88472205
333.130800442
337.598245338
340.401407721
341.49241243
345.296393611
347.1729576
349.052889284
352.298689982
353.825839605
355.248182792
356.733648852
358.457796508
359.743740198
361.818951232
363.874814275
364.700054149
365.552231678
367.266062284
368.492472164
370.716500634
372.220730889
373.890600226
375.874805036
377.680754358
379.603195171
381.280573426
383.087080723
385.238518199
387.920372812
393.76322073
396.774700772
404.022243546
406.459506537
408.982811414
410.910318267
416.637068975
417.803150589
418.824558024
420.4439162
423.044895255
425.264208982
427.201082071
429.0763424
431.211016507
433.600813596
435.139326728
436.533074216
