nan
-490.40625
-605.4031372070312
-584.1416829427084
-766.5
-828.3925048828125
-973.3895874023438
-911.5660749162946
-912.0109405517578
-902.5201416015625
-899.7112548828125
-927.0073908025569
-908.0093790690104
-896.1596210186298
-920.5696498325893
-905.5591715494792
-871.8355522155762
-855.8808880974265
-871.6413235134548
-913.8289537931744
-911.5450073242188
-935.506853376116
-950.9210316051136
-939.9309878141984
-923.0101648966471
-910.3140087890625
-890.3156339205228
-875.790286593967
-862.3942053658621
-868.888803416285
-868.4243845621745
-855.3967836441532
-857.6617279052734
-877.2032285748106
-907.3169196633731
-899.375186593192
-893.9114668104384
-878.1434202451964
-879.2307650917455
-870.3394313714443
-861.8043830871582
-887.6759219285918
-892.7434583391462
-896.597245327262
-878.7105182300915
-868.8540347629123
-853.8009580529255
-842.3458846071933
-827.1018296877543
-814.8892923471878
-804.3550062561035
-794.7611582138959
-785.0411120194656
-773.7856193398529
-765.8295199076334
-759.7260288585315
-751.6433095932007
-745.4775279530307
-734.2276999374916
-726.908904382738
-720.8288603464763
-715.0996988015097
-708.0671429787913
-698.8236168755425
-691.9402401447296
-689.3553901085487
-683.9525620431612
-675.6369454682763
-668.5795087253346
-664.3480123989824
-662.3814336504255
-659.3854805315044
-653.9282168282402
-648.1829671990381
-641.6551568314836
-636.57708791097
-633.451402463411
-627.941075808042
-621.6023280803973
-618.4017448908166
-612.9100825309754
-608.7269335146303
-605.8863610058296
-599.8603204933994
-594.3302125476655
-588.365739440918
-583.0203530067621
-578.8801047664949
-573.3058990131725
-568.7896810810217
-563.8703513251411
-559.1506221896999
-554.3897458781366
-550.2537002563477
-545.3398310884517
-540.8305302670127
-535.9134153525034
-531.4308672246244
-528.2695828651895
-524.3654078473949
-521.8306911468505
-517.8875654617159
-514.9965722327139
-511.20230939550305
-508.3570347565871
-505.52792016892204
-501.4629161762741
-498.0571295479748
-494.5226885477702
-491.7273542771646
-487.7067647066983
-484.1784942901886
-482.50524875095914
-482.33506950445934
-481.99249214038514
-480.41005753226904
-483.7392272949219
-480.4908151219034
-478.4793463238215
-475.8592993471803
-474.33958638509114
-473.1242799364831
-470.77290269195055
-469.2654503302846
-467.8122511832945
-466.229203125
-464.9810546390594
-463.12928447573205
-461.71362590789795
-460.30111717992975
-458.1908682016226
-455.84108099318644
-453.16709553111684
-451.22824521172316
-448.8071855573512
-446.6832434195059
-444.267879486084
-441.6498201467695
-439.1197037074877
-436.4944720371164
-434.31785975864955
-432.1437082493559
-429.3106539685961
-427.0038923917117
-424.441973010699
-421.6862094089903
-419.1025281801616
-416.54558071473826
-414.3345041661649
-412.27353433954636
-410.04771078745523
-408.774009060386
-406.84255997758163
-405.2848063574897
-403.6409521350613
-402.2123814367479
-400.3813725618216
-398.4236090228816
-396.6291953581798
-394.91037967369994
-393.3939085125923
-391.8596295777315
-390.09363651275635
-388.36917400945185
-386.15552812669335
-384.62757793773307
-382.5609208417226
-380.47653658518533
-378.3877997625442
-376.3809562773394
-374.478053597843
-372.6878675940441
-370.861775331719
-369.0972563903456
-367.68893884242266
-365.75300204685755
-364.18008014288813
-362.87959236748475
-361.83090080304095
-361.24308843985614
-359.93142546547784
-358.6757960767377
-357.4969799230387
-356.1112723741375
-354.69405757862586
-352.9456099742168
-351.6282276543238
-350.31423979774513
-349.2281600972439
-347.74811692212626
-346.7568768651862
-345.5367819601329
-344.1112323304017
-343.0620161165227
-341.6754528812526
-340.2865403101994
-339.2430184520021
-338.76364396187256
-337.22152959457554
-335.9500960441091
