nan
-963.625
-779.7781372070312
-893.0541585286459
-817.5359344482422
-785.5237426757812
-747.8874918619791
-821.6214250837054
-773.1031227111816
-792.0152757432726
-781.6168731689453
-752.5210210626775
-767.5161463419596
-777.3158639761118
-783.9642835344587
-822.747499593099
-807.4828128814697
-779.345220229205
-777.8902774386936
-762.0430924265008
-760.4728134155273
-756.7291681198847
-745.0522738370029
-736.3010890794837
-730.1690114339193
-722.4427514648437
-709.2730783315806
-697.8969918710214
-682.504018511091
-673.0456900761045
-659.9766672770182
-644.7445570422757
-642.5470705032349
-626.3316289728338
-621.4240812413833
-614.8658935546875
-607.4079869588217
-601.531588992557
-596.1036192241468
-593.1751607259115
-584.4492191314697
-578.8146343696408
-575.1242563156854
-571.1981105360874
-567.0955966602672
-574.2133331298828
-576.9703797050145
-575.7829774897149
-569.362629254659
-566.1700243268695
-561.5562490844727
-558.0511022829542
-559.2953118544358
-561.2153300159382
-558.7813655711986
-553.809204378995
-549.6445309775216
-544.3891443620648
-538.7619607859644
-531.819279298944
-529.4132286071778
-522.6805322365683
-517.4370961343088
-513.1361105782645
-508.5462884902954
-504.73403789813705
-500.4256624164003
-495.3566227243907
-490.68575331744023
-485.98206495202106
-480.4709819248744
-475.9725350393376
-473.3218748304579
-468.2309073879294
-464.01013503203524
-459.7451665242513
-454.54276305750795
-450.20925318730343
-445.76354158841644
-442.0726264277591
-437.64226551055907
-435.2457559844594
-431.50236269322835
-427.31874985292734
-424.9295385451544
-422.12507342170267
-419.63982551042426
-416.9829739976203
-414.08416175842285
-411.1205055151093
-408.77645823160805
-405.9143542614612
-403.9349862803584
-401.3450939219485
-398.9490689216776
-397.01940773411803
-395.40065081914264
-393.0148837689272
-389.7603313679598
-387.13888865769513
-384.6859998321533
-382.62097749615657
-379.66550221162686
-377.94811863575165
-375.529266504141
-372.86767825172063
-371.84003506066665
-369.3592286867516
-367.5730320965802
-365.5555615906322
-364.0991474498402
-362.8749433637739
-360.5348211015974
-358.38230058788196
-356.5105260213216
-354.9394561767578
-352.8403013821306
-350.79449749808026
-349.553760205285
-347.43555636365875
-345.43557256062826
-344.24710713536285
-342.5175202166448
-341.0544204091638
-338.9355339542512
-336.9932996826172
-335.4796623351082
-333.46889730138105
-331.33935514092445
-329.9697186669638
-328.16966315049393
-326.6093508596639
-326.2492422335076
-324.9143325404117
-323.7051770509179
-322.18680535775644
-320.61760091781616
-319.19010020346536
-317.386276991471
-315.66865986885784
-314.53825877053396
-313.6035016377767
-312.2799734464833
-311.18902953354626
-309.48220467567444
-308.13275843653184
-307.2145118452098
-305.977593376523
-304.99628358273895
-303.2065434295859
-301.5015831502279
-300.8122100830078
-299.7608551226164
-298.33055543587875
-297.0922076733081
-295.92483860138924
-294.6180287385598
-294.4042992561486
-293.849881184252
-292.8673347617095
-291.9390232563019
-291.02876532892265
-289.5952158562931
-288.50513783554356
-287.16741596780173
-286.1917801134514
-285.63106157693517
-284.3696480254213
-283.44739561989195
-282.4464494829347
-281.3388600742116
-280.9273023772658
-279.79603898248007
-278.89573671638624
-277.87887904287754
-277.544392591204
-277.1087354963476
-276.6102398155773
-276.35639017083673
-275.456284656205
-274.59107613033717
-274.1012083232732
-273.6917580195836
-273.1047128771172
-272.8862089696138
-272.2882767754632
-271.42832637089555
-270.2390371924416
-269.3391619946094
-269.3478503555217
-268.6840459120901
-268.20363207512503
-267.12558581431705
-267.2551488728103
-267.042042466783
-267.23483974750224
-266.8975127278542
-266.0493971732667
-265.4141729142931
-264.9471104875881
