-1332.512451171875
-899.9874877929688
-723.875
-1068.7249755859375
-1057.3499755859375
-731.5437622070312
-1454.375
-2936.83740234375
-1142.456298828125
-1452.8062744140625
-761.1937255859375
-989.5250244140625
-539.1937255859375
-527.15625
-564.4249877929688
-332.33123779296875
-466.9437561035156
-647.3499755859375
-259.4125061035156
-377.1312561035156
-874.4937744140625
-423.11248779296875
-400.07501220703125
-501.16876220703125
-548.3875122070312
-253.8937530517578
-201.4875030517578
-422.25
-208.3000030517578
-329.53125
-275.03125
-125.76249694824219
-508.16876220703125
-443.48748779296875
-279.70623779296875
-262.4624938964844
-362.76873779296875
-534.59375
-531.7249755859375
-428.3999938964844
-572.9500122070312
-382.21875
-198.1125030517578
-168.03125
-238.1875
-226.10000610351562
-277.9375
-211.1125030517578
-354.7124938964844
-320.29376220703125
-180.88125610351562
-324.6812438964844
-211.96249389648438
-300.9750061035156
-198.44375610351562
-300.0249938964844
-233.24374389648438
-265.7562561035156
-278.75
-177.5
-195.4499969482422
-140.28125
-260.375
-178.60000610351562
-175.65625
-308.96875
-122.4312515258789
-255.99374389648438
-188.21249389648438
-265.32501220703125
-239.4875030517578
-220.0625
-165.8874969482422
-174.60000610351562
-208.96875
-122.3375015258789
-181.8312530517578
-193.5500030517578
-171.3249969482422
-71.8812484741211
-261.09375
-104.11250305175781
-79.73750305175781
-128.14999389648438
-171.375
-88.26249694824219
-67.88749694824219
-96.82499694824219
-77.5
-145.28125
-48.75
-122.1937484741211
-238.00625610351562
-102.6812515258789
-172.83749389648438
-207.9375
-240.86874389648438
-74.40625
-137.71875
-158.5625
-185.78125
-138.5749969482422
-76.03125
-72.5999984741211
-49.65625
-122.66874694824219
-189.35000610351562
-190.31875610351562
-154.71875
-208.03125
-161.9812469482422
-87.4000015258789
-115.3375015258789
-126.57499694824219
-68.83125305175781
-304.35626220703125
-128.19375610351562
-196.3000030517578
-162.46249389648438
-155.2687530517578
-151.9875030517578
-60.318748474121094
-20.568750381469727
-178.6437530517578
-55.84375
-131.10000610351562
-128.2937469482422
-90.3062515258789
-146.09375
-71.7562484741211
-106.4375
-68.5
-89.20625305175781
-92.11250305175781
-56.98749923706055
-108.39375305175781
-74.45625305175781
-68.3187484741211
-180.78750610351562
-117.67500305175781
-52.26874923706055
-107.73124694824219
-124.66874694824219
-94.73124694824219
-83.07499694824219
-85.2562484741211
-185.16250610351562
-56.03125
-87.92500305175781
-160.03125
-118.5250015258789
-49.08124923706055
-36.70624923706055
-118.5250015258789
-91.92500305175781
-45.462501525878906
-52.26874923706055
-122.09375
-121.09375
-88.91874694824219
-108.29374694824219
-104.76875305175781
-49.03125
-106.86250305175781
-82.11250305175781
-127.6624984741211
-80.5875015258789
-187.3000030517578
-50.412498474121094
-47.9375
-75.01875305175781
-108.8125
-168.11874389648438
-92.10624694824219
-117.0
-116.76249694824219
-81.96875
-113.5250015258789
-146.6999969482422
-158.93124389648438
-48.412498474121094
-73.54374694824219
-139.36874389648438
-136.18124389648438
-88.6312484741211
-65.8812484741211
-19.950000762939453
-32.32500076293945
-118.4749984741211
-15.0
-94.19999694824219
-59.07500076293945
-94.9625015258789
-52.88750076293945
-51.26874923706055
-15.0
-21.568750381469727
-28.756250381469727
-42.41875076293945
-15.0
