0.720703699
1.548725384
1.8061222
2.083368038
2.223919568
2.540192463
2.839953298
3.215546079
3.473189301
3.68819536
5.35970967
6.249695996
8.194592349
9.222315375
10.148782086
10.596710815
11.12843478
12.000929527
12.769530003
13.478519575
14.312083124
16.022373517
16.856855214
18.830053424
19.617793722
20.850723128
21.900741869
27.268131584
27.913248029
31.084738981
38.494002652
40.811317067
42.980351984
43.984974572
49.328270117
50.759776088
52.960875857
57.426485825
61.725198938
63.59021573
69.578762282
71.22084034
72.889827803
73.649874669
74.799709226
76.439183705
77.625113916
79.482917504
80.493720764
81.700500085
83.264803741
84.363398719
86.061144403
87.345055361
89.47019615
91.207772619
93.379761174
94.79475243
96.561913739
98.894092499
100.010879889
100.996601574
102.411394981
104.162530077
105.461039809
106.52057459
107.944582588
109.269147438
110.595410284
111.465590749
112.765547165
114.066363375
115.429951653
116.790810791
117.783959046
119.039292487
120.020168347
121.052672644
122.106793883
123.452030261
124.152314571
125.485610995
126.688581521
127.920142558
129.347627586
130.777618398
131.4682629
132.602557044
133.964106404
134.919955707
136.479522762
138.606957126
142.803687399
144.005235665
145.302652522
147.427212239
149.007573571
151.426510035
153.30207616
155.096253065
156.63800602
158.094888861
160.59512821
162.041899857
163.014315168
165.468031809
166.581025539
167.607511334
168.576066069
170.354921029
171.49270445
173.111583385
174.407126235
176.060399707
178.465525197
180.143004419
181.965794673
183.170490749
185.237800418
186.723793214
188.095211907
189.630152753
191.237554234
192.90645656
194.422228417
196.632307401
198.450834877
200.322862171
201.553275625
203.148679084
204.644179913
206.547676257
207.991557579
209.193331339
210.775247758
212.319390559
213.954917609
215.047619113
216.34351677
217.662781009
219.338466959
220.799646536
222.663010515
224.128868981
225.601944959
227.328080039
229.212310053
231.628237368
234.153231501
236.195790022
238.749628797
240.419886432
242.738135626
245.188229994
247.088058092
249.029115146
251.345094902
252.948800975
254.596198551
256.828025618
258.94036604
262.183634785
265.156515598
267.588955955
269.318632163
271.671719951
275.081032413
278.124529168
284.496882682
289.738251068
293.310484783
298.533319877
300.688302277
304.027489678
305.942410774
314.799879496
317.167908732
319.49428984
321.52324294
323.763624233
326.529235577
328.618984654
333.47159016
340.271705208
342.770980993
345.48183152
349.396606955
352.943250999
359.567312254
362.873715915
365.368680926
368.232451842
371.691274437
377.085202564
379.222700835
382.081117483
386.452559436
388.779713108
393.096771621
397.39419171
