nan
-1332.512451171875
-1116.2499694824219
-985.4583129882812
-1006.2749786376953
-1016.4899780273438
-968.9989420572916
-1038.33837890625
-1275.6507568359375
-1260.8513726128472
-1280.0468627929688
-1232.8783957741477
-1212.5989481608074
-1160.7985464242788
-1115.5383823939733
-1078.797489420573
-1032.1433486938477
-998.8963138355929
-979.3659617106119
-941.4736745733964
-913.2565536499023
-911.4107070196243
-889.2153334184127
-867.9483629309613
-852.6658795674642
-840.4947448730469
-817.9331682645358
-795.1018473307291
-781.7857099260602
-762.0103407234981
-747.5943710327149
-732.3503993864982
-713.3945274353027
-707.1755648526279
-699.4200331744025
-687.4282104492188
-675.6236072116428
-667.1680702003273
-663.6792723003186
-660.2958287948217
-654.4984329223632
-652.5094470512577
-646.0739542643229
-635.6562460965888
-625.0284052762119
-616.4319407145182
-607.9464638751487
-600.9249965586561
-592.8039029439291
-587.944894596022
-582.5918719482422
-574.7151932061887
-569.906848027156
-563.1531809680866
-558.2980295817057
-551.755224609375
-547.2600419180734
-541.7509840580456
-536.992454265726
-532.6154635154595
-526.6968724568685
-521.2665958091861
-515.1216708767798
-511.07807292635476
-505.8831031322479
-500.8026900071364
-497.89611515854347
-492.2921619699962
-488.81718523362105
-484.46059550409734
-481.33008717128206
-477.92385359213387
-474.34244590335425
-470.11703564369515
-466.12356227153055
-462.6948314412435
-458.2164455213045
-454.62702743728437
-451.2798860990084
-447.7361533249481
-443.03796701431276
-440.7917421129015
-436.685897734107
-432.385314665645
-428.7634656088693
-425.7353660134708
-421.8112628848054
-417.7431736211667
-414.0963761589744
-410.3143944043792
-407.36958168877493
-403.4287071647225
-400.37180543982464
-398.62593931792884
-395.4775915754602
-393.13401159989206
-391.2048812707265
-389.6550241843941
-386.4381999580228
-383.9258822816791
-381.6722484588623
-379.7327336226359
-377.3684420866125
-374.44283827994633
-371.5405032818134
-368.4749389648438
-366.1560126250645
-364.50362004075095
-362.8907972265173
-360.98096193086116
-359.590510004217
-357.81024637308207
-355.3958691869463
-353.2714588536625
-351.28289339835186
-348.8267921779467
-348.4434255402664
-346.5609497331146
-345.2875518798828
-343.7512068548122
-342.1805197397868
-340.6086766266626
-338.31121819918275
-335.72794610310376
-334.46113809462514
-332.23219898986815
-330.6359117447384
-329.04266635263997
-327.1775381118059
-325.77378781636554
-323.81980674450216
-322.1603998227884
-320.2387301271612
-318.5016438333612
-316.81217263349845
-314.88754542315445
-313.3692087145413
-311.6253185272217
-309.86222743988037
-308.9336323223526
-307.56749925613406
-305.75686982337464
-304.36232318340893
-303.105724748198
-301.6586797634761
-300.1512060888882
-298.67932281755424
-297.90709957460155
-296.2728032936921
-294.87449590951803
-293.9755409367879
-292.8136168347289
-291.2101144163232
-289.54669046090316
-288.43616001327314
-287.16834609739243
-285.6189496578314
-284.13264264878194
-283.1070800370808
-282.0881282758413
-280.88081964254377
-279.808850246927
-278.7283558197963
-277.31917112151535
-276.27980119426076
-275.1030296903668
-274.2148337191846
-273.0553886162307
-272.5449398926326
-271.2305467481444
-269.91705823786117
-268.77730206718223
-267.84727414818695
-267.27080865540256
-266.2641157720281
-265.4111779676165
-264.56658318909734
-263.53495701288773
-262.69220445397195
-262.0442032947221
-261.4713535202874
-260.294232774176
-259.26813120370383
-258.6129432949212
-257.94755362427753
-257.0323303531956
-256.0046363645984
-254.7423121100441
-253.5592413050063
-252.84450986145666
-251.5926966516595
-250.76865110347407
-249.77024667461714
-248.9681340054527
-247.9574090918315
-246.94874929770444
-245.76533731149166
-244.62728357073013
-243.53702582735005
-242.52638122903642
