nan
-957.4437255859375
-1314.9093627929688
-1108.0124918619792
-977.0296783447266
-845.2437438964844
-821.4374949137369
-775.567853655134
-747.5390625
-715.6423611111111
-678.8012512207031
-833.0335193980824
-850.5848948160807
-949.9932720477765
-940.2241080147879
-938.7225016276042
-902.7421894073486
-879.6238995720358
-867.8406287299263
-854.5569120708265
-835.9640670776367
-824.2461358933222
-847.4838104248047
-837.7595148501189
-856.8197975158691
-842.5975061035156
-839.8346217228816
-832.4988482439959
-892.9138412475586
-875.3659499595905
-897.2352091471354
-972.748791110131
-971.3603515625
-967.6602265329072
-954.051653693704
-982.493390764509
-969.3520812988281
-967.7400314743454
-985.050821404708
-990.9376580654047
-981.4756225585937
-999.2562464272104
-985.588389078776
-970.3834264001181
-953.001558824019
-937.2395796034072
-922.9308388751487
-911.0577090648894
-900.0166629155477
-886.2428535928532
-871.2342465209961
-861.1912958481732
-847.5501171992375
-837.3766482371204
-825.4847194530346
-817.5423836447976
-808.7039034707205
-801.9208307098924
-793.6883594907563
-785.5188533976926
-778.484789276123
-769.3559402715964
-761.0896146220546
-753.7279738168868
-748.1121070384979
-741.0887476994441
-734.3445053100586
-728.2832999158261
-722.4563394434311
-716.8845084370047
-707.9693725585937
-701.6028145803532
-693.991143544515
-687.9650661520762
-683.2808252283045
-677.0815808105468
-671.7043561433491
-665.7843320772246
-660.2064879979843
-654.6071970492978
-650.4419509887696
-644.2810936445071
-639.3833059915682
-634.4033866790404
-628.5300576346261
-623.8655864042395
-618.6017424117687
-612.6201131535672
-607.297512401234
-602.8598296776247
-597.7702760484483
-595.4638033018008
-592.3171859409498
-588.9206974480742
-583.3605703800282
-577.9776301333778
-573.189842303594
-568.8284779184872
-566.5484680642887
-563.0481047196822
-559.2488111114502
-555.4173253880869
-552.2503051009833
-550.0806418854056
-546.5105155798105
-542.4027368454706
-538.9011190162515
-534.4546132310529
-530.3068274745235
-526.1486799607583
-522.8372715343129
-519.1082195247616
-515.0875545910427
-511.3334611875821
-508.3015886942546
-505.8133683577828
-502.6893307258343
-499.9372317974384
-496.95381248603434
-494.11780355758026
-490.6309364318848
-487.4172510194384
-484.5426218626929
-481.2499989455308
-478.40277118067587
-475.4087990112305
-472.7612093365382
-469.95177069235973
-467.3903799057007
-464.8896793099337
-462.0749029306265
-459.7648845410529
-457.3835218024976
-454.6446419622665
-451.87700470881674
-449.2022213406033
-446.56396972431855
-444.81436953579424
-442.6248179449551
-440.33529586243117
-438.22093658447267
-436.0694139629391
-434.2860466325787
-432.5619309432023
-429.98120572831897
-427.4574129301926
-424.98287587623076
-422.78129167621637
-420.3535042324582
-418.5272223453394
-416.56216588338214
-414.79337674576715
-412.2223676882292
-410.1130711673911
-408.5389602958382
-406.2754831375614
-404.32083259484705
-402.14339099568167
-399.96277618408203
-398.00416593731575
-396.00878834724426
-393.86199463080175
-392.36404254112716
-391.00183980742844
-389.15007554031
-387.30571904037936
-385.3993216365217
-383.8962942797267
-383.4891362417312
-383.70403036986585
-382.8966537026798
-381.4239393535413
-380.7341199032096
-379.77590241184123
-379.06454665085363
-378.1724992588588
-378.7190688306635
-376.9906771816103
-375.1196621455503
-373.2511863708496
-371.5129506217109
-369.72610420943624
-367.8793605133727
-366.29661812287213
-365.0886541656826
-363.33682360262486
-361.6578285873577
-360.1803468918418
-358.5813490279177
-357.30109058359943
-355.89213746723374
-354.42539199110104
-352.8492506345113
-351.3072208345245
-350.08047613163586
-348.48615317711466
-347.06645340822183
-346.1190665579084
-345.45713311012344
-345.72371161762794
