nan
-944.2999877929688
-655.640625
-880.6625162760416
-781.8718872070312
-777.1737548828125
-853.5
-846.2151750837054
-855.2273406982422
-809.2020806206597
-792.9537475585937
-806.0681818181819
-819.9593760172526
-807.171156663161
-830.1133989606585
-831.3666707356771
-818.0261764526367
-806.5044160730698
-792.3020867241753
-780.1078973067434
-762.662190246582
-781.6681562151227
-759.1085246693004
-754.2179366402004
-748.118490854899
-732.4790014648438
-725.4733182466947
-723.2687513563368
-711.6578140258789
-712.8851307836072
-699.6479176839192
-685.164315500567
-672.5156259536743
-658.3257585005326
-644.0284935446347
-631.6050009591239
-621.7069452073839
-607.5273656071844
-596.8246716951069
-586.6060904478416
-575.8596881866455
-570.4669215504716
-561.6931555611746
-550.4119193498478
-539.8348019339821
-532.899861823188
-524.4691581726074
-515.1728728274081
-508.8976565996806
-502.6910716465541
-495.5551252746582
-488.6916669957778
-480.4856974528386
-476.0829012169028
-468.8180558239972
-463.07829582907937
-459.5256701196943
-455.47719339738813
-449.59062543408623
-444.0771190190719
-440.5354169845581
-436.06813555858173
-433.0884075164795
-428.6243059067499
-423.1751956343651
-421.13769243680514
-417.29062508091783
-416.31986948269514
-412.72472443300137
-410.587862484697
-406.0199109213693
-401.78248257704183
-398.1997397210863
-395.8065069015712
-392.34839532182025
-390.61691655476886
-388.4730261250546
-385.243668642911
-383.0753203661014
-381.50672453868236
-379.3627342700958
-376.9629628216779
-377.560975470194
-375.6068521982216
-388.1874995004563
-396.3719850876752
-394.7993457261906
-391.9465514873636
-391.1874996965582
-388.60519636347055
-386.76999973720973
-385.55721127855907
-384.2601220918738
-384.42446230816586
-381.6261302461015
-381.2130263077585
-381.3197264273961
-379.56295096013963
-377.9508289804264
-376.35353531500306
-373.6101874923706
-371.3193068929238
-369.04914208954455
-367.83458728234746
-365.818269106058
-363.2211308433896
-362.03313665569954
-359.4139601448986
-358.12534703148737
-357.90189190085874
-356.0987496462735
-355.22899734222136
-353.5460375717708
-352.75176964818905
-351.26628263373124
-350.9021735481594
-349.71546294771395
-348.201602153289
-347.81461828846045
-346.7749471263725
-346.89932266871136
-346.05945218299047
-345.63442583553126
-346.4778960003116
-345.3063000402143
-343.54459963989257
-342.11984086415123
-341.5623520077683
-341.361279040575
-340.5957846530648
-340.02038448040304
-339.23611627826256
-337.37476311307967
-335.5561088906195
-333.9947759998378
-332.130046166314
-330.4624998709735
-328.9982206525594
-327.25027158985966
-326.2040916003769
-325.0895534242903
-324.4361257620737
-323.3222269676101
-321.46503483165395
-319.89973945087854
-318.83624991055194
-318.0126282940172
-316.2861393260307
-315.2010978234781
-314.27692938170975
-313.0246248626709
-311.8481372807989
-311.08762321974103
-311.0560047673244
-310.69598202891166
-309.7564918025847
-308.6581729253133
-307.757882014961
-306.6165742270554
-306.3556602765929
-305.6214061498642
-304.74340050264914
-303.8871526600402
-302.90299068053076
-301.7102513894802
-300.72928020592894
-300.065775469125
-299.3811750354881
-298.0420385769435
-296.7195634785489
-295.4185660642736
-294.38687854342993
-293.5249635341556
-292.9583090853829
-292.05373546994963
-292.0501070513044
-291.292720079422
-290.50462563293803
-289.65691707911117
-288.6043644697306
-287.6624305089315
-286.4055938720703
-285.3367444551908
-284.29521854588245
-283.33434100773025
-282.7157769692911
-282.50221765169533
-282.1163769482291
-281.8136635232479
-281.18118378977294
-280.7379604540373
-279.8194043623839
-278.89856763680774
-278.8147667998477
-279.1117911977866
-278.3898717244466
-277.647831547017
-278.11421308178586
-278.8994000752767
-278.73310280804657
