-957.4437255859375
-1672.375
-694.21875
-584.0812377929688
-318.1000061035156
-702.40625
-500.3500061035156
-551.3375244140625
-460.46875
-347.23126220703125
-2375.356201171875
-1043.6500244140625
-2142.893798828125
-813.2249755859375
-917.7000122070312
-363.0375061035156
-509.73126220703125
-667.5250244140625
-615.4500122070312
-482.70001220703125
-589.8875122070312
-1335.4749755859375
-623.8250122070312
-1295.206298828125
-501.26251220703125
-770.7625122070312
-641.7687377929688
-2524.11865234375
-384.0249938964844
-1531.4437255859375
-3238.15625
-928.3187255859375
-849.2562255859375
-504.96875
-1949.512451171875
-509.40625
-909.7062377929688
-1625.550048828125
-1214.637451171875
-612.4562377929688
-1710.481201171875
-425.20623779296875
-331.7749938964844
-205.5812530517578
-243.71249389648438
-279.0375061035156
-364.89373779296875
-381.0874938964844
-225.10000610351562
-135.8125
-359.04376220703125
-151.85000610351562
-308.35626220703125
-195.21249389648438
-388.65625
-322.5874938964844
-422.0687561035156
-324.4375
-311.6875
-363.4750061035156
-221.625
-256.84375
-297.3062438964844
-394.3125
-291.59375
-295.96875
-328.2437438964844
-332.04998779296875
-338.0
-92.82499694824219
-255.94375610351562
-153.5625
-254.08749389648438
-341.33123779296875
-218.33749389648438
-268.4125061035156
-215.8625030517578
-230.71249389648438
-217.8625030517578
-321.38751220703125
-151.41250610351562
-242.66250610351562
-226.0500030517578
-141.0437469482422
-232.0500030517578
-171.1750030517578
-98.19999694824219
-144.2312469482422
-212.34375
-144.8000030517578
-387.8812561035156
-305.9750061035156
-276.4437561035156
-66.26875305175781
-71.98124694824219
-118.3499984741211
-150.1374969482422
-345.38751220703125
-220.0124969482422
-183.11874389648438
-172.2687530517578
-232.38125610351562
-328.7749938964844
-178.78750610351562
-115.1937484741211
-171.2312469482422
-63.125
-86.4937515258789
-77.0687484741211
-161.8937530517578
-108.9124984741211
-68.79374694824219
-90.875
-165.6999969482422
-222.15625
-143.4250030517578
-180.69375610351562
-147.8937530517578
-159.46875
-75.6937484741211
-101.7750015258789
-136.71249389648438
-79.55000305175781
-128.19375610351562
-104.15625
-141.8125
-115.9625015258789
-142.09375
-144.8000030517578
-98.96875
-159.46249389648438
-145.4250030517578
-93.11250305175781
-83.78125
-90.78125
-90.4000015258789
-206.86874389648438
-142.65625
-124.3812484741211
-144.3249969482422
-134.8562469482422
-182.8312530517578
-187.7375030517578
-60.9375
-64.03125
-66.17500305175781
-101.3499984741211
-63.46875
-148.2375030517578
-123.76875305175781
-149.47500610351562
-24.0
-89.5
-167.6999969482422
-57.70000076293945
-101.3499984741211
-62.462501525878906
-57.60625076293945
-88.54374694824219
-78.7437515258789
-50.375
-151.19375610351562
-170.3249969482422
-87.3125
-84.83125305175781
-70.84375
-134.3937530517578
-315.4937438964844
-419.8062438964844
-246.4499969482422
-131.0625
-262.7749938964844
-214.96249389648438
-256.0
-222.9562530517578
-474.3687438964844
-72.79374694824219
-43.95000076293945
-40.662498474121094
-60.368751525878906
-48.09375
-33.618751525878906
-78.23750305175781
-144.03125
-41.0
-51.04375076293945
-85.3687515258789
-59.568748474121094
-116.61250305175781
-89.5999984741211
-75.7437515258789
-51.806251525878906
-55.23749923706055
-113.3187484741211
-39.1875
-70.2249984741211
-160.43124389648438
-215.05624389648438
-398.5062561035156
-89.1312484741211
