-963.625
-595.9312744140625
-1119.606201171875
-590.9812622070312
-657.4749755859375
-559.7062377929688
-1264.0250244140625
-433.4750061035156
-943.3125
-688.03125
-461.5625
-932.4625244140625
-894.9124755859375
-870.3937377929688
-1365.7125244140625
-578.5125122070312
-329.14373779296875
-753.15625
-476.79376220703125
-730.6375122070312
-681.8562622070312
-499.8374938964844
-543.7750244140625
-589.1312255859375
-537.0125122070312
-380.03125
-402.1187438964844
-266.89373779296875
-408.2124938964844
-280.9750061035156
-187.78125
-574.4249877929688
-107.4375
-459.4750061035156
-391.88751220703125
-346.3812561035156
-389.98126220703125
-395.26873779296875
-481.89373779296875
-244.1374969482422
-353.4312438964844
-423.8187561035156
-406.29998779296875
-390.6875
-887.3937377929688
-701.0374755859375
-521.1624755859375
-267.60626220703125
-412.92498779296875
-335.48126220703125
-382.79376220703125
-622.75
-661.0562744140625
-429.78125
-285.3125
-320.5874938964844
-250.08749389648438
-218.0124969482422
-129.1437530517578
-387.45623779296875
-118.71875
-197.58749389648438
-246.47500610351562
-219.3874969482422
-260.75
-220.38125610351562
-160.8000030517578
-177.7375030517578
-166.13125610351562
-100.20625305175781
-161.0812530517578
-285.125
-101.6812515258789
-155.8937530517578
-144.1374969482422
-64.36250305175781
-120.86250305175781
-103.4437484741211
-154.18124389648438
-87.64375305175781
-243.52499389648438
-128.28750610351562
-84.26249694824219
-226.625
-186.5500030517578
-208.3937530517578
-188.49374389648438
-161.8874969482422
-150.31875610351562
-200.15625
-148.3249969482422
-223.8125
-163.0749969482422
-176.11874389648438
-215.63125610351562
-241.61874389648438
-163.9812469482422
-74.0687484741211
-130.2375030517578
-141.85000610351562
-176.11874389648438
-81.1624984741211
-202.77499389648438
-126.38749694824219
-96.0625
-263.9375
-106.39375305175781
-176.4499969482422
-147.6687469482422
-205.35000610351562
-228.21249389648438
-100.78125
-117.30000305175781
-145.0
-175.83749389648438
-111.4375
-113.48124694824219
-204.3874969482422
-97.48750305175781
-107.4375
-201.63125610351562
-133.2375030517578
-162.55624389648438
-78.3125
-96.15625
-146.27499389648438
-80.11250305175781
-60.88750076293945
-154.65625
-95.9625015258789
-123.76875305175781
-279.07501220703125
-148.7062530517578
-162.8874969482422
-118.7249984741211
-108.7750015258789
-125.05000305175781
-70.26249694824219
-78.63749694824219
-157.41250610351562
-182.7375030517578
-125.6624984741211
-156.27499389648438
-65.40625
-113.8125
-174.06875610351562
-125.38749694824219
-160.74374389648438
-38.32500076293945
-47.462501525878906
-197.40625
-141.00625610351562
-80.92500305175781
-107.625
-116.1500015258789
-92.0625
-261.0625
-206.80624389648438
-137.625
-144.33749389648438
-145.3874969482422
-58.79375076293945
-111.9124984741211
-69.1187515258789
-126.1875
-193.1125030517578
-74.9749984741211
-129.43124389648438
-114.2874984741211
-94.15625
-210.96249389648438
-86.3499984741211
-124.04374694824219
-101.9625015258789
-219.34375
-200.86874389648438
-188.875
-231.4250030517578
-115.23750305175781
-119.71875
-185.9250030517578
-199.5812530517578
-166.2624969482422
-232.89999389648438
-162.2687530517578
-112.3375015258789
-49.03125
-101.0625
-270.98126220703125
-143.22500610351562
-176.9250030517578
-61.21875
-292.1312561035156
-225.91250610351562
-304.63751220703125
-201.11874389648438
-99.8187484741211
-140.27499389648438
-172.46875
-127.1500015258789
