-944.2999877929688
-366.98126220703125
-1330.706298828125
-485.5
-758.3812255859375
-1235.1312255859375
-802.5062255859375
-918.3125
-441.0
-646.71875
-937.2125244140625
-972.7625122070312
-653.7125244140625
-1128.362548828125
-848.9124755859375
-617.9187622070312
-622.15625
-550.8624877929688
-560.6124877929688
-431.1937561035156
-1161.7874755859375
-285.35626220703125
-646.625
-607.8312377929688
-357.1312561035156
-550.3312377929688
-665.9500122070312
-398.1625061035156
-747.25
-315.76873779296875
-250.65625
-280.40625
-204.25
-172.21875
-209.2062530517578
-275.2749938964844
-97.0625
-200.8249969482422
-198.3000030517578
-156.75
-354.7562561035156
-201.96875
-76.5999984741211
-85.01875305175781
-227.7624969482422
-145.08749389648438
-87.54374694824219
-213.96249389648438
-204.77499389648438
-145.8937530517578
-145.5187530517578
-61.98125076293945
-247.1374969482422
-83.78125
-153.13125610351562
-264.1312561035156
-228.7624969482422
-114.0562515258789
-124.29374694824219
-231.5749969482422
-168.03125
-251.3249969482422
-151.85000610351562
-79.8812484741211
-290.73748779296875
-167.2312469482422
-352.25
-171.85000610351562
-265.28125
-90.83125305175781
-105.1624984741211
-143.8249969482422
-223.49374389648438
-139.90625
-262.48748779296875
-227.68124389648438
-139.8125
-216.1125030517578
-259.15625
-209.9875030517578
-184.9812469482422
-426.0
-215.36874389648438
-1432.3812255859375
-1083.8687744140625
-261.125
-146.6062469482422
-325.1499938964844
-161.3625030517578
-223.4375
-276.40625
-266.2250061035156
-399.54376220703125
-121.3812484741211
-342.3812561035156
-391.45623779296875
-210.91250610351562
-221.5749969482422
-219.81875610351562
-102.01875305175781
-142.2312469482422
-139.7624969482422
-243.9499969482422
-158.1374969482422
-93.1187515258789
-237.2937469482422
-81.78125
-220.24374389648438
-333.76873779296875
-159.55624389648438
-259.5562438964844
-166.7375030517578
-263.79376220703125
-183.40625
-309.39373779296875
-213.24374389648438
-172.59375
-302.5375061035156
-224.09375
-361.70001220703125
-245.27499389648438
-294.20623779296875
-449.3812561035156
-201.1999969482422
-125.09375
-164.02499389648438
-271.3187561035156
-315.82501220703125
-242.6125030517578
-265.79376220703125
-237.28125
-93.5374984741211
-95.4937515258789
-126.3375015258789
-82.2562484741211
-105.34375
-129.8562469482422
-87.78125
-181.8312530517578
-170.1687469482422
-232.9562530517578
-166.2624969482422
-57.743751525878906
-96.0625
-165.69375610351562
-198.58749389648438
-64.21875
-155.6999969482422
-177.5
-126.4312515258789
-135.375
-196.25
-306.25
-255.6125030517578
-165.0749969482422
-138.4187469482422
-167.3125
-127.4312515258789
-265.1312561035156
-188.875
-164.2624969482422
-166.03125
-143.46875
-107.29374694824219
-139.85000610351562
-190.58749389648438
-185.7375030517578
-74.40625
-74.54374694824219
-75.55000305175781
-119.0
-146.1374969482422
-195.49374389648438
-135.5625
-291.41876220703125
-158.75
-151.8000030517578
-139.6125030517578
-101.25
-119.0562515258789
-60.17499923706055
-91.875
-94.73750305175781
-107.4937515258789
-168.89999389648438
-242.99374389648438
-210.35000610351562
-225.2062530517578
-162.27499389648438
-196.96875
-105.29374694824219
-103.01875305175781
-262.7250061035156
-336.4375
-138.33749389648438
-132.9499969482422
-369.5249938964844
-433.58123779296875
-245.80624389648438
-205.1999969482422
