4.686803238
7.549745497
10.067021378
13.658303134
17.286489013
20.11652726
25.500178196
36.298393069
40.977084106
47.226653211
49.287471565
52.727574321
54.753161132
57.180339032
59.469136935
60.681555849
62.778047726
66.517860178
67.605355117
68.750333696
71.085237065
71.884350461
73.023384755
74.013782875
74.995507314
75.509478934
75.888899834
76.586750926
77.309941266
78.210745366
78.896849544
79.318265504
80.406296411
81.69169849
82.970553416
83.587515604
85.058020134
86.749652508
87.934667559
89.353620921
90.869163378
91.831083271
92.707028153
93.680668406
94.367165221
95.105181049
96.161001421
97.330894263
98.615015791
99.51336398
100.286871501
101.645738923
102.590162715
103.836931641
104.591317827
105.914369517
107.062960069
108.428627612
109.753745209
110.777757923
111.884469444
112.67078607
114.117523719
115.134405841
116.461097715
117.56996349
118.232207981
119.641825577
120.65484999
121.94702873
123.745540986
125.233395057
126.050744977
127.087847689
128.320359239
129.235535246
130.054944607
131.455498436
132.997835069
133.630152926
135.390542002
136.724099525
137.563035327
138.917809195
140.686062489
141.911686744
143.000903153
144.076227467
144.95206961
146.089001245
146.815116043
147.77034809
149.484957612
150.574452467
151.594644216
155.603152713
160.411116965
162.209587744
165.452289205
168.139669926
169.985471331
173.152220368
175.95657796
178.110549437
180.047495844
181.942306254
183.697989526
187.810342655
192.163814774
196.436381582
197.581261467
198.710299617
199.584767758
200.757177171
201.468947807
203.527600458
204.883596194
205.910679297
207.151659538
207.946035666
208.91174302
210.085949671
210.674873913
211.87534133
213.027501305
214.745759995
216.526639734
217.925890427
219.743006929
222.162216339
223.280114456
223.980857883
224.890666159
226.163069983
227.404462651
228.887551837
230.272521055
231.801360748
233.381520931
234.917172932
235.596983838
238.007006429
239.374999251
240.79295124
242.626496484
243.636790336
244.990829293
245.937523705
247.392174752
248.54561984
249.443159009
250.264397522
251.088672851
251.977044377
253.42394887
254.433972648
255.162653243
256.000922812
256.82104815
257.649927287
258.814151674
259.68638271
260.362090014
261.161212138
261.988247716
262.861414471
263.515090283
264.344331473
265.104086524
265.882958625
266.585399029
267.294399535
268.168752451
268.907595757
269.689566886
270.530777086
271.290486964
272.189007849
273.031500602
273.79290658
274.483481875
275.270563229
275.963927269
276.838872642
277.561912832
278.44589373
279.125578737
279.93962003
280.770477918
281.581879569
282.280383043
283.100470132
283.948039616
284.772509861
285.545149844
286.253830089
287.02701278
287.844971317
288.93905209
289.674824623
