0.574316813
0.834944712
1.005918587
1.624356721
2.169194808
3.220565087
3.565289627
4.107572058
4.593779189
5.289468225
6.316435251
6.915790836
7.57069894
8.882000364
9.485878935
9.824865743
10.562587224
12.067453215
14.86605451
15.996680902
18.525988954
21.264589037
23.23445585
24.75296614
26.218544549
26.927558942
28.191309003
29.452577792
33.187707548
36.499846933
37.996087036
41.434898363
48.437944618
56.693398726
58.674791206
62.467780681
63.751130282
68.758734072
71.918504034
74.655595761
87.726872791
96.731722718
107.293229781
108.368433395
111.618743845
113.159277876
116.167484801
117.49698305
120.246319041
122.37981208
124.600820727
126.758018771
128.219813681
131.034075175
135.667972986
139.774682301
144.140241865
146.840720249
150.379131071
154.467963857
159.035841755
161.310653344
163.425950181
166.287521325
169.365801603
171.572637612
172.503239904
173.944138624
176.262654011
179.553362314
182.200492699
184.043887771
185.869396008
187.186193153
189.200542139
191.717625364
193.509163223
194.614018771
197.403295907
198.596089549
200.225633944
203.088289011
204.492426823
206.006460659
207.152610318
208.197252019
210.389777884
211.588342304
213.308889673
214.959370231
216.10339925
218.028369067
219.085364511
220.292537568
221.608966602
222.765794476
223.991218958
225.780909773
227.367024907
230.102314116
231.798090399
233.772525145
234.762330276
236.527370172
238.869317867
239.650670465
241.28159965
242.733877164
244.722863057
245.899955112
248.159697695
250.16599331
252.491357912
254.515075161
256.048008934
262.703478383
263.964407306
265.810850054
267.17751053
269.042032907
270.934732532
272.377453632
274.45033789
276.543307712
278.177884994
280.07169188
281.533002654
283.135889339
285.041109188
286.335918478
287.841309888
290.296440442
291.898129654
293.126059644
294.368407903
295.898757854
297.824457981
299.522638858
300.716737465
303.45880533
305.205399329
306.053419575
307.911771209
310.360445739
311.696291539
313.419017254
315.161667759
317.152606977
319.146633629
320.295054839
322.069756539
323.483584287
325.487191209
327.276973731
329.046317281
330.58646692
331.805100047
333.023550204
335.205490916
337.133809099
339.265662565
340.613941637
342.107599283
343.433620794
345.179798112
346.673279702
347.891364471
349.476543053
351.129461548
352.247589966
353.37919446
354.657417553
356.338017459
358.20027712
359.458995464
360.71361241
362.17421888
363.732271675
366.683661742
368.513289753
370.138405159
371.541658953
372.960284088
374.208859539
375.289369248
376.929019523
378.510591815
380.029369955
381.320830997
383.105092687
384.7012285
385.885647063
387.818011231
389.092622501
391.161092344
392.914476976
395.668487331
397.440340685
398.687842684
400.12248881
