0.659356851
0.797756622
1.397823664
1.566188287
2.07680975
2.709119736
3.152108689
3.619881472
3.875405561
4.246796264
4.851409897
5.558903384
5.926862636
6.687329587
7.260735324
7.688712762
8.184855575
8.850945518
9.304435724
9.724814587
11.164955514
11.543587343
12.276237365
12.99458544
13.574136228
14.121353111
15.079604953
15.57850835
16.683291107
17.276820946
17.669270247
18.140135085
18.555647427
19.021160719
19.666495103
20.428458614
20.840838422
21.45395143
21.946576746
22.463857918
23.146660354
23.744193404
24.516046669
24.915745556
25.423852367
26.023356268
26.686988123
27.386350586
28.006712754
28.491078617
29.239902791
29.70226613
30.479197875
31.085267128
31.629635861
32.364558533
33.034822831
33.628333414
34.476998095
35.243503259
36.033994365
36.685324424
37.405698879
38.050475074
38.850078981
40.116925997
41.696979701
42.819441185
44.090142362
44.808460914
45.777188633
47.344632821
48.854164408
49.897528415
52.00255224
53.318450276
54.376334415
55.661088163
57.846621216
59.945794898
61.130942957
64.83761704
67.229336311
73.781388726
76.923716021
77.672755109
78.247175027
79.449071159
80.116326442
81.353778719
82.258648343
83.46770959
84.801037594
85.420379987
86.861632152
88.416914803
89.240709788
90.220438792
91.498046229
92.787799526
93.706118409
95.024215708
96.380041152
97.98354392
99.305813587
101.386973936
102.091294573
103.270348342
104.931254445
105.86453085
106.846534198
107.387936924
108.423996148
109.64056974
110.965772705
111.941128429
112.709930462
113.884184556
114.621120603
115.819659454
116.637140623
117.654843863
119.627323745
120.448706742
121.31082711
121.940189129
123.439327478
125.225040527
126.309073353
127.575555773
128.696583672
129.554025797
130.853658038
132.113176559
132.871717176
133.877930587
134.960590415
136.033193913
137.138248357
138.302738114
140.083188847
140.84639481
141.675685579
142.874167733
144.063816864
145.323622267
146.30898928
147.420167136
148.641051361
150.083662783
151.052105036
151.990701587
153.396750777
155.209627619
156.174206792
157.027268311
158.17703966
159.626882255
161.842723959
163.013727338
163.79075695
165.303335531
166.572860538
167.618547601
168.68805138
169.756690043
171.266323942
172.486352175
173.314440654
174.601453551
175.461606869
176.985136435
178.454855479
179.203219814
182.45300898
184.082956561
185.837782314
186.997197074
188.236791386
189.943785916
191.221021518
192.605193187
194.607180918
196.730339604
199.505420756
200.982395019
203.19688406
206.103816931
208.067398499
209.662590496
210.827847388
212.97335064
217.210258278
220.061927258
222.41422174
223.851618737
227.54691532
230.471676639
232.569117055
233.955549692
