71.078125
73.96875
56.96875
51.90625
60.625
70.390625
60.8125
72.171875
57.6875
53.9375
57.71875
97.90625
97.015625
65.859375
81.171875
75.546875
83.484375
69.765625
77.953125
84.671875
94.4375
99.78125
121.640625
71.125
82.09375
132.390625
94.96875
122.890625
78.921875
116.375
104.125
81.890625
188.65625
181.65625
139.0
152.71875
127.515625
140.265625
150.140625
158.640625
144.96875
156.0
212.109375
249.234375
142.21875
155.1875
201.140625
143.796875
120.484375
162.421875
202.078125
226.03125
303.125
372.5
297.46875
344.375
327.453125
341.703125
353.90625
683.046875
305.171875
312.046875
364.140625
306.703125
319.515625
333.703125
343.328125
443.109375
395.28125
712.78125
396.265625
359.6875
330.828125
753.125
433.640625
419.609375
404.9375
439.6875
382.9375
414.828125
726.453125
967.953125
419.921875
423.8125
733.59375
478.640625
393.953125
801.515625
803.375
395.984375
481.640625
457.953125
900.3125
776.609375
710.890625
723.828125
761.578125
787.515625
746.734375
733.9375
819.5625
294.015625
299.015625
256.015625
347.953125
410.59375
668.265625
733.21875
462.125
284.015625
442.234375
395.015625
379.015625
443.921875
426.890625
488.453125
384.015625
463.75
741.59375
794.34375
441.796875
439.015625
470.8125
467.6875
761.71875
0.0
271.078125
465.78125
454.96875
842.34375
451.859375
773.734375
713.0
460.96875
487.875
486.8125
817.421875
464.890625
456.984375
984.1875
414.015625
492.703125
711.953125
423.78125
377.953125
673.703125
793.296875
413.875
728.421875
389.890625
838.265625
725.90625
864.296875
718.75
453.40625
327.015625
343.015625
458.8125
449.796875
486.75
489.453125
900.484375
774.9375
842.59375
403.015625
798.890625
744.734375
489.875
460.984375
479.84375
707.078125
744.03125
0.0
381.84375
918.765625
889.875
831.96875
862.84375
750.1875
837.921875
866.875
362.015625
340.015625
383.015625
446.796875
312.015625
352.015625
331.015625
272.015625
263.015625
360.015625
758.03125
464.015625
717.125
867.625
859.59375
813.0
0.0
286.0625
0.0
309.921875
320.015625
250.015625
266.03125
253.015625
263.015625
338.015625
251.015625
339.015625
330.015625
255.015625
208.015625
216.015625
227.015625
218.015625
239.015625
233.015625
213.015625
216.015625
216.015625
240.015625
734.25
866.6875
831.796875
920.609375
486.015625
754.0625
964.484375
470.96875
786.9375
493.984375
493.0
817.8125
465.015625
847.640625
772.9375
474.859375
900.46875
800.859375
913.34375
812.671875
875.359375
826.75
441.984375
807.453125
473.96875
471.015625
814.703125
474.921875
429.953125
827.578125
460.9375
781.734375
411.0
725.859375
762.6875
445.65625
480.34375
472.53125
693.0625
431.015625
811.609375
337.015625
811.59375
738.90625
815.703125
837.515625
780.671875
775.640625
736.9375
772.75
409.96875
436.921875
335.015625
367.015625
702.90625
394.96875
476.359375
402.0
686.796875
448.609375
428.015625
0.0
359.828125
769.015625
473.9375
731.046875
415.015625
741.984375
497.984375
911.4375
825.609375
791.734375
678.8125
939.171875
742.4375
405.015625
802.734375
743.828125
725.90625
