717316514.0
794435895.0
864833346.0
930430710.0
1016152195.0
1072166834.0
1179475824.0
1245523655.0
1318010393.0
1414498024.0
1493724461.0
1577663146.0
1649091211.0
1715344766.0
1778119463.0
1870433043.0
1954330981.0
2072654648.0
2183340317.0
2310433211.0
2417619116.0
2564961549.0
2686249972.0
2806100715.0
2947282571.0
3017878465.0
3134641291.0
3300099590.0
3433767264.0
3518668784.0
3640975229.0
3735890605.0
3877913057.0
4001965487.0
4144392239.0
4298444650.0
4422337686.0
4585249826.0
4725540320.0
4969631712.0
5164548632.0
5383738876.0
5557392909.0
5779893741.0
5951220414.0
6182085382.0
6461954649.0
6724899123.0
7040485729.0
7283828506.0
7554890204.0
7830396041.0
8111425259.0
8297772305.0
8491172008.0
8696522752.0
8962653713.0
9225463785.0
9435700622.0
9719177548.0
10000425135.0
10320110697.0
10607196963.0
10850961917.0
11144647241.0
11491174434.0
11730990617.0
12035189613.0
12446403499.0
12705474583.0
12941072002.0
13318133555.0
13718520358.0
14096710321.0
14581031698.0
15122223478.0
15530203991.0
15946352558.0
16424222290.0
16823481661.0
17360192516.0
17910150464.0
18518891259.0
19003893139.0
19918938414.0
20842451305.0
21396282504.0
21734088558.0
22202589808.0
22621554058.0
23180573508.0
23546231165.0
24009875101.0
24955386168.0
25524141085.0
26437665080.0
26841038064.0
27739357030.0
28308709264.0
28896017750.0
30072590021.0
30670573974.0
31546536711.0
32140066344.0
32755482773.0
33712314590.0
34304020267.0
34894986649.0
35903826173.0
36856709299.0
37433125965.0
37876557381.0
38432883223.0
39289067117.0
40122927273.0
40965919367.0
41796571555.0
42318544200.0
43435973769.0
44349958904.0
44893240393.0
45153903738.0
45447527067.0
45750415223.0
46019016105.0
46316188625.0
46603783850.0
46851968903.0
47162624701.0
47439089577.0
47676441688.0
48023434994.0
48497179571.0
48992736968.0
49446436805.0
49981151428.0
50504325912.0
51011979487.0
51340386319.0
51749215752.0
52231287042.0
53113446303.0
53992957271.0
54488331098.0
54968608188.0
55807946976.0
56203122451.0
57319502588.0
57760717804.0
58220915932.0
58708676229.0
59248674807.0
59830799853.0
60697294542.0
61114898355.0
61603583821.0
62436834753.0
63331662656.0
63813659015.0
64322130885.0
64786026148.0
65338389509.0
66196962402.0
67043796595.0
67631381638.0
68141422804.0
68702375715.0
69170285030.0
69748455292.0
70213791840.0
71342813135.0
71889633617.0
72951886425.0
73555230491.0
74488322027.0
75040756373.0
75939425881.0
76466677899.0
77301881136.0
77822063303.0
78192627292.0
79119479050.0
79575734178.0
80528642441.0
81113862444.0
81644426418.0
82213476877.0
82720029542.0
83205055835.0
83800254599.0
84298032237.0
84877766138.0
85166379123.0
85733294354.0
86110592868.0
86938330611.0
87296200818.0
87582630049.0
87947348101.0
88193410218.0
88722478511.0
89669848264.0
90270712808.0
90731090889.0
91310553151.0
91637553168.0
92584782904.0
93095513966.0
93572337280.0
94604016597.0
95053942897.0
95076350287.0
95908369519.0
96245834587.0
96589785145.0
96906452590.0
97352699540.0
97677378542.0
98152136615.0
98529779240.0
99336815111.0
99720496033.0
100580535819.0
101159827368.0
102219387775.0
102755250303.0
103610894699.0
104140623242.0
104677330993.0
0.0
106212461170.0
107051995471.0
107972321010.0
108498922233.0
109044100212.0
110033902029.0
110975963381.0
111458128243.0
112439296247.0
113314898556.0
113805884633.0
114637991925.0
115189325229.0
115592993049.0
116159633301.0
116621600099.0
116973059966.0
117345865265.0
117693837049.0
118096003841.0
118416706995.0
118671715768.0
118968193722.0
119301872682.0
119562336891.0
119905543785.0
120183625526.0
120479643574.0
120764132183.0
121024008408.0
121326462293.0
121712720333.0
122308614966.0
122791757704.0
123323922585.0
124308935925.0
125177048905.0
126227460011.0
127166012343.0
127649250718.0
128567706111.0
129132072612.0
130066002389.0
130542199486.0
131038653204.0
131955575881.0
132453589355.0
132947133663.0
133861557347.0
134357190241.0
134721052251.0
135148149994.0
135514497287.0
135882665414.0
136404194961.0
136992809140.0
137317054016.0
137795215290.0
138213442571.0
138555835839.0
138862728879.0
139735341847.0
140052047536.0
140348507672.0
140684242486.0
140997645576.0
141323768155.0
141632992716.0
141945830262.0
142246563292.0
