nan
68.0
78.5
72.0
77.5
73.6
75.0
75.71428571428571
74.875
74.66666666666667
77.1
78.45454545454545
76.16666666666667
76.0
79.64285714285714
78.2
79.75
80.52941176470588
80.5
80.6842105263158
82.7
84.23809523809524
84.13636363636364
84.3913043478261
84.91666666666667
85.44
86.5
89.22222222222223
89.53571428571429
90.75862068965517
90.86666666666666
93.54838709677419
95.65625
96.42424242424242
97.97058823529412
99.0
101.27777777777777
102.67567567567568
105.63157894736842
107.1025641025641
110.35
112.2439024390244
115.78571428571429
119.11627906976744
121.18181818181819
122.88888888888889
126.30434782608695
129.53191489361703
132.22916666666666
133.9387755102041
137.6
139.7843137254902
142.84615384615384
145.0754716981132
148.66666666666666
150.3090909090909
151.58928571428572
154.5438596491228
156.6206896551724
160.88135593220338
162.78333333333333
165.39344262295083
167.61290322580646
171.04761904761904
176.3125
183.06153846153848
187.03030303030303
190.2537313432836
193.22058823529412
196.81159420289856
200.14285714285714
207.56338028169014
212.27777777777777
215.3013698630137
218.2027027027027
220.46666666666667
223.71052631578948
227.92207792207793
229.93589743589743
234.1012658227848
237.4375
240.34567901234567
243.0487804878049
246.3132530120482
252.23809523809524
255.21176470588236
257.13953488372096
259.98850574712645
263.7386363636364
266.3820224719101
268.84444444444443
272.14285714285717
277.44565217391306
281.258064516129
285.5531914893617
288.7684210526316
291.5104166666667
294.1855670103093
297.2040816326531
301.5151515151515
305.32
308.1188118811881
311.0882352941176
312.31067961165047
315.3173076923077
317.6857142857143
319.3018867924528
322.8224299065421
323.8703703703704
325.13761467889907
326.1363636363636
327.5405405405405
327.01785714285717
328.04424778761063
328.2894736842105
327.62608695652176
328.87931034482756
328.4188034188034
328.1779661016949
328.02521008403363
327.2916666666667
326.8099173553719
325.6475409836066
325.2357723577236
324.4758064516129
323.816
323.03968253968253
322.37007874015745
321.640625
321.0077519379845
320.54615384615386
320.0458015267176
319.219696969697
319.1278195488722
318.97014925373134
318.43703703703704
317.95588235294116
317.53284671532845
317.18840579710144
317.2158273381295
317.4642857142857
317.2340425531915
317.09859154929575
316.5244755244755
316.06944444444446
315.3241379310345
314.7191780821918
314.14285714285717
313.5
312.79194630872485
312.06
311.44370860927154
310.74342105263156
310.3921568627451
310.0
309.61290322580646
309.1602564102564
309.0891719745223
308.74050632911394
308.38993710691824
308.5
308.32919254658384
308.0
307.4355828220859
306.8536585365854
306.26666666666665
305.7590361445783
305.3532934131737
304.9166666666667
304.3786982248521
303.93529411764706
303.46198830409355
302.86046511627904
302.32369942196533
301.78735632183907
301.37714285714287
300.83522727272725
300.50282485875704
299.96067415730334
299.5921787709497
299.09444444444443
298.6574585635359
297.93956043956047
297.4918032786885
297.0054347826087
296.6378378378378
296.0483870967742
295.668449197861
295.25
294.8783068783069
294.4947368421053
294.0785340314136
293.9479166666667
294.94300518134713
295.20103092783506
297.0
298.4438775510204
298.492385786802
299.75252525252523
300.56281407035175
300.43
300.71144278606965
301.7821782178218
301.55172413793105
301.4852941176471
301.29756097560977
301.0533980582524
300.84541062801935
300.58653846153845
300.38277511961724
300.2
300.09952606635073
300.10377358490564
300.056338028169
300.0981308411215
300.3581395348837
300.7916666666667
301.9585253456221
302.1834862385321
302.60730593607303
302.6636363636364
302.7647058823529
302.5855855855856
302.25560538116594
302.0044642857143
301.76
301.4911504424779
301.2466960352423
301.00877192982455
300.7510917030568
300.4826086956522
300.23376623376623
300.3060344827586
300.3605150214592
300.7606837606838
301.7617021276596
302.04661016949154
302.29957805907173
302.6344537815126
303.10878661087867
303.4625
303.83402489626553
305.58677685950414
307.40329218106996
309.19262295081967
310.61224489795916
311.9634146341463
314.67206477732793
316.133064516129
318.1124497991968
319.592
321.1792828685259
321.5952380952381
321.4703557312253
321.43307086614175
321.47058823529414
321.39453125
321.3774319066148
321.36046511627904
321.2393822393822
321.2076923076923
321.2835249042146
323.2290076335878
323.680608365019
324.15909090909093
324.50943396226415
324.94736842105266
325.58801498127343
326.19029850746267
326.47955390334573
326.9592592592593
327.85239852398524
329.6029411764706
330.8095238095238
331.92335766423355
333.08
334.47463768115944
335.06498194945846
335.78057553956836
336.5089605734767
337.1607142857143
338.87900355871886
338.48936170212767
338.41696113074204
338.23943661971833
338.0701754385965
337.8111888111888
337.5853658536585
337.3958333333333
337.11764705882354
336.85172413793106
336.5635738831615
336.59589041095893
336.9726962457338
336.9149659863946
337.04067796610167
337.10472972972974
337.5892255892256
337.61073825503354
337.69565217391306
