nan
61.0
59.0
64.0
64.25
70.8
74.33333333333333
71.85714285714286
72.375
71.33333333333333
69.0
71.54545454545455
73.5
73.53846153846153
71.85714285714286
71.86666666666666
72.125
71.70588235294117
73.27777777777777
72.15789473684211
71.55
72.85714285714286
73.13636363636364
75.34782608695652
74.58333333333333
75.04
75.34615384615384
74.44444444444444
74.57142857142857
75.24137931034483
77.5
80.38709677419355
80.8125
81.66666666666667
84.52941176470588
86.11428571428571
88.22222222222223
89.94594594594595
91.71052631578948
94.92307692307692
96.375
98.65853658536585
99.97619047619048
102.02325581395348
104.18181818181819
106.64444444444445
109.26086956521739
111.23404255319149
114.75
116.14285714285714
120.64
122.33333333333333
124.07692307692308
127.60377358490567
129.40740740740742
132.27272727272728
135.23214285714286
139.6315789473684
142.29310344827587
143.8135593220339
148.11666666666667
150.11475409836066
152.98387096774192
156.17460317460316
158.625
162.3846153846154
167.93939393939394
170.6417910447761
173.33823529411765
176.6231884057971
181.44285714285715
185.94366197183098
191.02777777777777
194.42465753424656
199.45945945945945
203.36
206.1184210526316
209.6103896103896
213.65384615384616
218.25316455696202
221.6625
224.66666666666666
227.14634146341464
229.65060240963857
233.54761904761904
236.89411764705883
240.2093023255814
244.35632183908046
246.85227272727272
250.8988764044944
254.54444444444445
258.5274725274725
262.1521739130435
265.2795698924731
268.0851063829787
270.5052631578947
273.9166666666667
276.9896907216495
279.3979591836735
281.55555555555554
283.11
285.13861386138615
287.5686274509804
293.05825242718447
296.1442307692308
297.64761904761906
300.07547169811323
302.803738317757
305.1574074074074
306.6330275229358
308.8090909090909
311.963963963964
314.4375
316.4159292035398
321.7280701754386
322.3304347826087
323.36206896551727
325.03418803418805
326.53389830508473
328.4201680672269
331.09166666666664
333.91735537190084
336.10655737704917
337.6910569105691
339.5
341.416
344.92063492063494
346.07086614173227
346.7734375
347.2248062015504
347.6461538461538
350.5267175572519
351.8863636363636
354.4736842105263
356.4925373134328
358.97037037037035
360.1029411764706
361.64963503649636
362.6231884057971
364.28057553956836
365.45714285714286
366.40425531914894
367.6267605633803
368.93706293706293
370.1458333333333
370.5241379310345
371.23972602739724
372.3265306122449
373.2162162162162
375.19463087248323
376.49333333333334
377.4503311258278
379.26973684210526
380.39869281045753
381.55194805194805
382.9548387096774
384.5769230769231
385.8343949044586
386.8607594936709
389.50943396226415
391.54375
393.39130434782606
394.32716049382714
395.2147239263804
395.2987804878049
395.23636363636365
396.5843373493976
396.65868263473055
397.0833333333333
398.2248520710059
398.33529411764704
398.7368421052632
397.48837209302326
396.5895953757225
396.0919540229885
395.42285714285714
394.8125
394.2090395480226
393.36516853932585
392.58659217877096
391.81666666666666
391.1270718232044
392.6703296703297
393.05464480874315
394.07065217391306
395.0918918918919
395.31720430107526
396.3155080213904
397.70212765957444
399.02645502645504
400.7842105263158
401.4502617801047
402.0104166666667
402.88082901554407
402.42783505154637
402.7897435897436
403.60714285714283
404.34010152284264
404.75252525252523
405.04522613065325
407.395
408.1741293532338
407.7475247524753
408.2413793103448
408.47058823529414
409.21463414634144
409.8543689320388
410.487922705314
410.8557692307692
411.5693779904306
413.6095238095238
414.2037914691943
415.07547169811323
415.75586854460096
417.02803738317755
417.6232558139535
418.31018518518516
419.1152073732719
420.6788990825688
421.68036529680364
421.9318181818182
424.03619909502265
424.26126126126127
424.4080717488789
424.8125
425.5422222222222
425.6725663716814
426.0220264317181
427.2763157894737
427.6288209606987
428.0652173913044
428.95670995671
430.3534482758621
431.77682403433477
432.017094017094
432.7574468085106
433.614406779661
433.957805907173
434.14285714285717
434.21757322175733
435.1166666666667
435.6597510373444
434.8264462809917
435.20576131687244
435.1188524590164
435.130612244898
435.2357723577236
435.753036437247
435.7258064516129
435.56224899598396
435.596
436.9641434262948
437.2063492063492
436.64426877470356
436.61811023622045
436.0078431372549
435.32421875
434.852140077821
434.3488372093023
434.05791505791507
433.48846153846154
433.08045977011494
432.48473282442745
432.20152091254755
431.93939393939394
432.20377358490566
432.4548872180451
432.8352059925094
433.01119402985074
433.5650557620818
433.81111111111113
433.6789667896679
435.24264705882354
435.1758241758242
435.6970802919708
435.8618181818182
435.5072463768116
435.956678700361
436.5719424460432
436.741935483871
437.3285714285714
437.2491103202847
437.031914893617
437.095406360424
438.11971830985914
439.1543859649123
439.1958041958042
439.4878048780488
439.78125
440.43598615916954
440.63448275862066
441.6082474226804
441.3595890410959
441.51194539249144
441.0408163265306
441.1864406779661
440.8006756756757
440.8114478114478
441.56375838926175
441.27090301003346
