78.0
64.0
70.0
61.0
75.0
72.0
61.0
61.0
71.0
56.0
56.0
51.0
94.0
65.0
59.0
80.0
89.0
63.0
66.0
114.0
105.0
108.0
135.0
131.0
79.0
98.0
114.0
167.0
134.0
129.0
131.0
129.0
110.0
221.0
176.0
142.0
121.0
156.0
174.0
155.0
192.0
133.0
244.0
347.0
234.0
304.0
309.0
338.0
220.0
341.0
326.0
247.0
447.0
327.0
333.0
484.0
475.0
341.0
360.0
426.0
345.0
356.0
357.0
377.0
491.0
419.0
398.0
476.0
445.0
407.0
603.0
409.0
496.0
557.0
479.0
460.0
488.0
604.0
562.0
762.0
580.0
602.0
463.0
632.0
671.0
642.0
465.0
453.0
486.0
517.0
560.0
667.0
654.0
579.0
574.0
378.0
538.0
580.0
554.0
625.0
436.0
446.0
612.0
455.0
455.0
493.0
510.0
510.0
486.0
490.0
423.0
564.0
523.0
489.0
458.0
608.0
478.0
487.0
530.0
543.0
494.0
449.0
398.0
354.0
289.0
404.0
387.0
405.0
313.0
314.0
403.0
462.0
451.0
472.0
455.0
497.0
488.0
537.0
642.0
443.0
420.0
543.0
525.0
482.0
609.0
519.0
485.0
515.0
562.0
418.0
490.0
280.0
501.0
468.0
615.0
599.0
626.0
484.0
548.0
522.0
622.0
315.0
533.0
589.0
457.0
502.0
529.0
603.0
438.0
855.0
567.0
368.0
320.0
275.0
313.0
341.0
525.0
319.0
314.0
306.0
310.0
242.0
280.0
249.0
311.0
260.0
264.0
284.0
288.0
273.0
301.0
584.0
644.0
481.0
413.0
434.0
510.0
473.0
365.0
469.0
569.0
557.0
501.0
638.0
875.0
492.0
572.0
457.0
664.0
601.0
565.0
548.0
524.0
533.0
563.0
506.0
696.0
623.0
674.0
570.0
553.0
477.0
310.0
423.0
563.0
387.0
300.0
597.0
416.0
391.0
421.0
300.0
290.0
343.0
421.0
318.0
333.0
461.0
390.0
354.0
326.0
786.0
362.0
771.0
431.0
324.0
431.0
592.0
313.0
583.0
339.0
592.0
571.0
695.0
654.0
700.0
703.0
673.0
583.0
649.0
531.0
707.0
560.0
544.0
556.0
633.0
808.0
621.0
595.0
576.0
631.0
451.0
329.0
328.0
265.0
359.0
355.0
576.0
438.0
339.0
303.0
325.0
276.0
299.0
274.0
272.0
270.0
259.0
277.0
263.0
276.0
326.0
229.0
297.0
240.0
238.0
223.0
229.0
238.0
254.0
