45.0
76.0
65.0
65.0
64.0
58.0
50.0
69.0
57.0
54.0
61.0
74.0
61.0
48.0
67.0
88.0
58.0
51.0
82.0
76.0
70.0
110.0
62.0
96.0
100.0
71.0
84.0
109.0
75.0
36.0
58.0
87.0
123.0
76.0
81.0
142.0
73.0
86.0
159.0
92.0
159.0
203.0
185.0
160.0
218.0
246.0
205.0
136.0
211.0
206.0
187.0
241.0
266.0
221.0
243.0
262.0
298.0
184.0
207.0
280.0
278.0
287.0
307.0
398.0
279.0
283.0
334.0
323.0
335.0
330.0
247.0
353.0
489.0
444.0
476.0
458.0
586.0
345.0
390.0
395.0
421.0
410.0
421.0
286.0
290.0
438.0
320.0
284.0
237.0
267.0
260.0
237.0
491.0
258.0
430.0
283.0
354.0
244.0
282.0
246.0
267.0
454.0
458.0
508.0
449.0
494.0
379.0
409.0
518.0
512.0
755.0
281.0
520.0
556.0
467.0
537.0
422.0
416.0
548.0
635.0
439.0
159.0
712.0
519.0
442.0
434.0
433.0
519.0
744.0
471.0
566.0
373.0
574.0
524.0
510.0
555.0
447.0
577.0
598.0
480.0
494.0
501.0
428.0
495.0
734.0
412.0
372.0
371.0
394.0
402.0
494.0
660.0
510.0
495.0
613.0
790.0
504.0
592.0
574.0
526.0
536.0
538.0
502.0
511.0
861.0
579.0
717.0
526.0
882.0
620.0
673.0
531.0
370.0
409.0
301.0
375.0
370.0
386.0
437.0
641.0
416.0
646.0
561.0
457.0
608.0
542.0
626.0
545.0
548.0
510.0
587.0
580.0
487.0
625.0
688.0
451.0
694.0
540.0
598.0
548.0
466.0
672.0
766.0
639.0
668.0
539.0
737.0
843.0
657.0
519.0
721.0
583.0
672.0
529.0
479.0
570.0
762.0
558.0
662.0
501.0
503.0
255.0
262.0
252.0
271.0
262.0
312.0
248.0
225.0
335.0
255.0
588.0
551.0
780.0
654.0
537.0
722.0
588.0
663.0
810.0
485.0
532.0
628.0
0.0
315.0
763.0
644.0
513.0
744.0
548.0
612.0
640.0
806.0
538.0
574.0
505.0
566.0
557.0
526.0
714.0
718.0
553.0
506.0
434.0
465.0
366.0
667.0
424.0
483.0
507.0
490.0
210.0
225.0
229.0
226.0
227.0
239.0
224.0
240.0
217.0
239.0
14.0
174.0
268.0
273.0
289.0
346.0
306.0
296.0
333.0
360.0
707.0
317.0
358.0
411.0
329.0
380.0
442.0
358.0
624.0
