68.0
89.0
59.0
94.0
58.0
82.0
80.0
69.0
73.0
99.0
92.0
51.0
74.0
127.0
58.0
103.0
93.0
80.0
84.0
121.0
115.0
82.0
90.0
97.0
98.0
113.0
160.0
98.0
125.0
94.0
174.0
161.0
121.0
149.0
134.0
181.0
153.0
215.0
163.0
237.0
188.0
261.0
259.0
210.0
198.0
280.0
278.0
259.0
216.0
317.0
249.0
299.0
261.0
339.0
239.0
222.0
320.0
275.0
408.0
275.0
322.0
303.0
384.0
508.0
615.0
445.0
403.0
392.0
441.0
430.0
727.0
547.0
433.0
430.0
388.0
467.0
548.0
385.0
559.0
501.0
473.0
462.0
514.0
744.0
505.0
421.0
505.0
590.0
499.0
488.0
569.0
760.0
632.0
685.0
591.0
552.0
551.0
590.0
724.0
682.0
588.0
611.0
437.0
625.0
564.0
489.0
696.0
436.0
462.0
435.0
482.0
269.0
443.0
356.0
252.0
473.0
275.0
300.0
310.0
240.0
269.0
185.0
275.0
231.0
242.0
226.0
238.0
229.0
240.0
261.0
255.0
211.0
307.0
298.0
247.0
253.0
260.0
270.0
321.0
352.0
285.0
298.0
235.0
251.0
208.0
227.0
230.0
219.0
208.0
203.0
219.0
205.0
257.0
250.0
250.0
239.0
298.0
254.0
253.0
326.0
281.0
255.0
216.0
212.0
210.0
222.0
238.0
232.0
214.0
229.0
223.0
200.0
210.0
209.0
230.0
206.0
242.0
204.0
234.0
210.0
220.0
168.0
216.0
208.0
229.0
187.0
225.0
217.0
225.0
222.0
215.0
269.0
486.0
345.0
646.0
580.0
308.0
548.0
461.0
274.0
357.0
517.0
255.0
288.0
263.0
251.0
258.0
247.0
258.0
262.0
279.0
301.0
290.0
309.0
356.0
394.0
554.0
351.0
395.0
315.0
325.0
263.0
229.0
246.0
247.0
241.0
246.0
247.0
242.0
239.0
243.0
317.0
313.0
394.0
536.0
369.0
362.0
382.0
416.0
388.0
393.0
728.0
747.0
744.0
657.0
643.0
981.0
677.0
809.0
688.0
718.0
426.0
290.0
312.0
331.0
302.0
317.0
317.0
290.0
313.0
341.0
831.0
442.0
450.0
417.0
441.0
496.0
487.0
404.0
456.0
569.0
804.0
659.0
636.0
650.0
718.0
498.0
534.0
539.0
519.0
820.0
229.0
318.0
288.0
290.0
264.0
273.0
283.0
257.0
260.0
253.0
346.0
447.0
320.0
374.0
356.0
481.0
344.0
363.0
334.0
