22.0
23.0
23.0
20.25
20.0
19.833333333333332
19.428571428571427
18.5
18.333333333333332
17.7
17.818181818181817
18.583333333333332
18.307692307692307
19.214285714285715
22.066666666666666
22.3125
22.529411764705884
22.5
22.68421052631579
22.4
22.857142857142858
22.363636363636363
22.434782608695652
22.083333333333332
21.56
21.46153846153846
21.555555555555557
21.321428571428573
21.379310344827587
21.066666666666666
20.903225806451612
20.65625
20.575757575757574
20.91176470588235
20.685714285714287
20.52777777777778
20.2972972972973
20.44736842105263
20.205128205128204
20.275
20.78048780487805
20.80952380952381
20.837209302325583
20.863636363636363
20.77777777777778
20.782608695652176
20.595744680851062
20.916666666666668
21.20408163265306
21.34
21.215686274509803
21.653846153846153
21.528301886792452
21.333333333333332
21.236363636363638
21.339285714285715
21.263157894736842
21.06896551724138
21.06779661016949
20.966666666666665
20.901639344262296
20.870967741935484
20.904761904761905
20.765625
21.015384615384615
20.90909090909091
20.761194029850746
21.558823529411764
21.52173913043478
21.47142857142857
21.47887323943662
21.52777777777778
21.383561643835616
21.216216216216218
21.48
21.407894736842106
21.337662337662337
21.23076923076923
21.151898734177216
21.0875
21.28395061728395
21.170731707317074
21.313253012048193
21.226190476190474
21.258823529411764
21.27906976744186
21.160919540229884
21.113636363636363
21.146067415730336
21.166666666666668
21.0989010989011
21.02173913043478
20.946236559139784
20.872340425531913
20.778947368421054
20.697916666666668
20.608247422680414
20.612244897959183
20.646464646464647
20.61
20.554455445544555
20.627450980392158
20.57281553398058
20.58653846153846
20.8
21.10377358490566
21.046728971962615
21.40740740740741
21.36697247706422
21.40909090909091
21.45045045045045
21.428571428571427
21.43362831858407
21.412280701754387
21.4
21.448275862068964
21.487179487179485
21.45762711864407
21.41176470588235
21.366666666666667
21.272727272727273
21.401639344262296
21.357723577235774
21.31451612903226
21.264
21.563492063492063
21.614173228346456
21.9296875
21.86046511627907
21.946153846153845
21.908396946564885
22.113636363636363
22.075187969924812
22.097014925373134
22.037037037037038
21.955882352941178
22.131386861313867
22.217391304347824
22.18705035971223
22.114285714285714
22.24822695035461
22.725352112676056
22.755244755244757
22.770833333333332
22.73103448275862
22.684931506849313
22.639455782312925
22.614864864864863
22.57046979865772
22.506666666666668
22.450331125827816
22.486842105263158
22.666666666666668
22.72077922077922
23.29032258064516
23.256410256410255
23.254777070063696
23.22151898734177
23.19496855345912
23.45
23.41614906832298
23.444444444444443
23.392638036809817
23.371951219512194
23.484848484848484
23.566265060240966
23.634730538922156
23.61904761904762
23.781065088757398
23.7
23.71345029239766
23.662790697674417
23.705202312138727
23.655172413793103
23.622857142857143
23.607954545454547
23.994350282485875
24.03932584269663
24.067039106145252
24.016666666666666
24.0
24.005494505494507
24.081967213114755
24.141304347826086
24.11891891891892
24.112903225806452
24.165775401069517
24.28723404255319
24.317460317460316
24.278947368421054
24.335078534031414
24.302083333333332
24.39896373056995
24.587628865979383
24.605128205128207
24.56122448979592
24.538071065989847
24.54040404040404
24.77889447236181
24.73
24.950248756218905
24.935643564356436
24.950738916256157
25.17156862745098
25.214634146341464
25.150485436893202
25.169082125603865
25.177884615384617
25.363636363636363
25.347619047619048
25.327014218009477
25.330188679245282
25.309859154929576
25.33644859813084
25.288372093023256
25.24074074074074
25.19815668202765
25.495412844036696
25.59360730593607
25.577272727272728
25.53846153846154
25.563063063063062
25.565022421524663
25.629464285714285
25.74222222222222
25.699115044247787
25.674008810572687
25.614035087719298
25.95633187772926
25.921739130434784
25.956709956709958
26.021551724137932
26.05579399141631
26.23931623931624
26.370212765957447
26.334745762711865
26.928270042194093
26.89075630252101
26.824267782426777
26.9875
27.141078838174273
27.425619834710744
27.51440329218107
27.64344262295082
27.89387755102041
28.004065040650406
27.951417004048583
27.975806451612904
28.20883534136546
28.164
28.143426294820717
28.476190476190474
28.438735177865613
28.531496062992126
28.5921568627451
28.73828125
28.715953307392997
28.813953488372093
28.814671814671815
28.773076923076925
28.881226053639846
28.927480916030536
29.068441064638783
29.053030303030305
29.166037735849056
29.142857142857142
29.082397003745317
29.17910447761194
29.141263940520446
29.248148148148147
29.494464944649447
29.488970588235293
29.468864468864467
29.766423357664234
29.69818181818182
29.681159420289855
29.703971119133573
29.93525179856115
29.92831541218638
29.97142857142857
30.01423487544484
30.326241134751772
30.42756183745583
30.795774647887324
30.96842105263158
31.545454545454547
31.644599303135887
31.739583333333332
31.68166089965398
31.879310344827587
32.460481099656356
32.54794520547945
32.88054607508533
32.89115646258504
32.90169491525424
33.141891891891895
33.2996632996633
33.65436241610738
33.68896321070234
33.75333333333333
33.920265780730894
34.25496688741722
35.04290429042904
35.49671052631579
35.708196721311474
35.990196078431374
36.25732899022801
36.49025974025974
36.79611650485437
37.02903225806452
37.19292604501608
37.705128205128204
38.20447284345048
38.44267515923567
38.60634920634921
38.95253164556962
40.10725552050473
40.320754716981135
40.86520376175549
41.359375
41.862928348909655
42.17701863354037
42.473684210526315
42.81481481481482
43.60923076923077
43.785276073619634
44.60244648318043
45.46646341463415
45.89665653495441
46.39393939393939
47.04531722054381
47.89156626506024
48.2972972972973
48.30239520958084
48.734328358208955
50.07738095238095
50.910979228486646
51.61538461538461
51.7787610619469
52.608823529411765
53.72727272727273
54.73099415204678
55.48396501457726
56.47093023255814
57.495652173913044
58.774566473988436
60.04610951008645
61.310344827586206
61.948424068767906
62.794285714285714
64.03988603988604
65.2784090909091
66.5099150141643
67.24858757062147
68.46760563380282
69.67977528089888
70.88515406162465
72.08379888268156
73.27576601671309
74.46111111111111
75.6398891966759
76.8121546961326
77.97796143250689
79.13736263736264
80.2904109589041
81.43715846994536
82.57765667574932
83.71195652173913
84.84010840108401
85.96216216216216
87.07816711590297
88.18817204301075
89.29222520107238
90.3903743315508
91.48266666666666
92.56914893617021
93.64986737400531
94.72486772486772
95.79419525065963
96.8578947368421
97.91601049868767
98.96858638743456
100.01566579634465
101.05729166666667
102.0935064935065
103.12435233160622
104.14987080103359
105.1701030927835
106.18508997429306
107.1948717948718
108.1994884910486
109.19897959183673
110.19338422391857
111.18274111675127
112.16708860759493
113.14646464646465
114.12090680100755
115.09045226130654
116.05513784461152
117.015
117.97007481296758
118.92039800995025
119.86600496277916
120.8069306930693
121.7432098765432
122.67487684729063
123.6019656019656
124.52450980392157
125.44254278728606
126.35609756097561
127.26520681265207
128.16990291262135
129.07021791767554
129.96618357487924
130.8578313253012
131.74519230769232
132.62829736211032
133.5071770334928
134.381861575179
135.25238095238095
136.1187648456057
136.98104265402844
137.83924349881798
138.6933962264151
139.5435294117647
140.38967136150234
141.23185011709603
142.07009345794393
142.9044289044289
143.73488372093024
144.5614849187935
145.38425925925927
146.20323325635104
147.0184331797235
147.82988505747127
148.63761467889907
149.44164759725402
150.2420091324201
151.03872437357631
151.8318181818182
152.62131519274377
153.40723981900453
154.18961625282168
154.96846846846847
155.7438202247191
156.51569506726457
157.2841163310962
158.04910714285714
158.81069042316258
159.5688888888889
160.32372505543236
161.07522123893804
161.8233995584989
162.56828193832598
163.30989010989012
164.0482456140351
164.78336980306347
165.51528384279476
166.24400871459696
166.9695652173913
167.69197396963125
168.4112554112554
169.12742980561555
169.8405172413793
170.5505376344086
171.25751072961373
171.96145610278373
172.66239316239316
173.36034115138594
174.05531914893618
174.74734607218684
175.4364406779661
176.12262156448202
176.80590717299577
177.48631578947368
178.1638655462185
178.83857442348008
179.51046025104603
180.1795407098121
180.84583333333333
181.50935550935552
182.1701244813278
182.8281573498965
183.48347107438016
184.1360824742268
184.78600823045267
185.43326488706364
186.077868852459
186.719836400818
187.35918367346937
187.9959266802444
188.630081300813
189.26166328600405
189.8906882591093
190.51717171717172
191.14112903225808
191.7625754527163
192.38152610441767
192.99799599198397
193.612
194.22355289421156
194.83266932270917
195.43936381709742
196.04365079365078
196.64554455445545
197.24505928853756
197.8422090729783
198.43700787401573
199.0294695481336
199.61960784313726
200.20743639921722
200.79296875
201.37621832358676
201.95719844357976
202.5359223300971
203.1124031007752
203.68665377176015
204.25868725868725
204.82851637764932
205.39615384615385
205.9616122840691
206.5249042145594
207.08604206500956
207.64503816793894
208.20190476190476
208.75665399239543
209.30929791271348
209.8598484848485
210.40831758034025
210.95471698113207
211.4990583804143
212.04135338345864
212.58161350844279
213.1198501872659
213.65607476635515
214.1902985074627
214.72253258845438
215.2527881040892
215.78107606679035
216.3074074074074
216.83179297597042
217.35424354243543
217.87476979742172
218.3933823529412
218.91009174311927
219.42490842490844
219.93784277879342
220.44890510948906
220.95810564663023
221.46545454545455
221.9709618874773
222.4746376811594
222.9764918625678
223.4765342960289
223.97477477477477
224.47122302158274
224.96588868940754
225.45878136200716
225.9499105545617
226.43928571428572
226.92691622103388
227.41281138790035
227.89698046181172
228.37943262411346
228.86017699115044
229.339222614841
229.81657848324514
230.29225352112675
230.76625659050967
231.23859649122807
231.7092819614711
232.17832167832168
232.6457242582897
233.1114982578397
233.57565217391306
234.03819444444446
234.4991334488735
234.95847750865053
235.4162348877375
235.87241379310345
236.32702237521514
236.78006872852234
237.23156089193824
237.68150684931507
238.12991452991454
238.5767918088737
239.0221465076661
239.46598639455783
239.9083191850594
240.34915254237288
240.78849407783417
241.22635135135135
241.6627318718381
242.0976430976431
242.5310924369748
242.96308724832215
243.39363484087102
243.8227424749164
244.25041736227044
244.67666666666668
245.10149750415974
245.5249169435216
245.9469320066335
246.36754966887418
246.78677685950413
247.2046204620462
247.62108731466228
248.03618421052633
248.44991789819375
248.8622950819672
249.2733224222586
249.68300653594773
250.09135399673735
250.49837133550488
250.9040650406504
251.30844155844156
251.71150729335494
252.11326860841424
252.51373182552504
252.91290322580645
253.3107890499195
253.7073954983923
254.10272873194222
254.49679487179486
254.8896
255.2811501597444
255.67145135566187
256.06050955414014
256.4483306836248
256.83492063492065
257.2202852614897
257.6044303797468
257.9873617693523
258.36908517350156
258.7496062992126
259.12893081761007
259.5070643642072
259.88401253918494
260.25978090766824
260.634375
261.0078003120125
261.38006230529595
261.751166407465
262.12111801242236
262.4899224806202
262.85758513931887
263.2241112828439
263.5895061728395
263.9537750385208
264.3169230769231
264.678955453149
265.0398773006135
265.3996937212864
265.7584097859327
266.1160305343511
266.4725609756098
266.82800608828006
267.18237082066867
267.535660091047
267.8878787878788
268.23903177004536
268.5891238670695
268.93815987933635
269.28614457831327
269.6330827067669
269.978978978979
270.32383808095955
270.66766467065867
271.0104633781764
271.35223880597016
271.6929955290611
272.0327380952381
272.37147102526
272.7091988130564
273.0459259259259
273.3816568047337
273.71639586410635
274.05014749262534
274.38291605301913
274.7147058823529
275.0455212922173
275.37536656891496
275.7042459736457
