20.0
19.5
16.666666666666668
29.0
26.0
24.333333333333332
24.857142857142858
23.0
21.666666666666668
20.7
21.818181818181817
22.75
22.615384615384617
23.0
22.2
23.5625
22.764705882352942
22.22222222222222
21.68421052631579
21.9
22.904761904761905
22.59090909090909
23.0
23.041666666666668
23.0
22.807692307692307
22.37037037037037
23.071428571428573
22.75862068965517
22.666666666666668
22.93548387096774
22.71875
23.454545454545453
23.529411764705884
24.114285714285714
24.416666666666668
24.027027027027028
24.236842105263158
24.435897435897434
24.675
24.365853658536587
24.404761904761905
24.58139534883721
24.363636363636363
24.133333333333333
24.26086956521739
23.93617021276596
23.875
23.714285714285715
23.48
23.333333333333332
23.134615384615383
23.169811320754718
23.055555555555557
23.418181818181818
23.267857142857142
23.263157894736842
23.396551724137932
23.389830508474578
23.816666666666666
23.59016393442623
23.5
23.666666666666668
23.578125
23.4
23.257575757575758
23.119402985074625
22.941176470588236
22.869565217391305
23.32857142857143
23.338028169014084
23.194444444444443
23.15068493150685
23.35135135135135
23.253333333333334
23.263157894736842
23.103896103896105
22.974358974358974
22.89873417721519
22.7875
22.703703703703702
22.670731707317074
22.626506024096386
22.61904761904762
22.51764705882353
22.627906976744185
22.551724137931036
22.818181818181817
22.775280898876403
22.88888888888889
22.857142857142858
22.76086956521739
22.731182795698924
22.819148936170212
22.852631578947367
22.885416666666668
23.04123711340206
23.306122448979593
23.303030303030305
23.31
23.465346534653467
23.715686274509803
23.728155339805824
23.78846153846154
23.676190476190477
23.60377358490566
23.635514018691588
23.583333333333332
23.513761467889907
23.9
23.9009009009009
23.982142857142858
23.938053097345133
23.95614035087719
24.06086956521739
24.04310344827586
24.076923076923077
23.983050847457626
23.907563025210084
23.825
23.85123966942149
23.90983606557377
24.398373983739837
24.451612903225808
24.448
24.658730158730158
24.79527559055118
24.8828125
24.953488372093023
24.892307692307693
24.916030534351144
25.007575757575758
24.924812030075188
25.05223880597015
25.037037037037038
25.095588235294116
25.145985401459853
25.55072463768116
25.489208633093526
25.65714285714286
25.69503546099291
25.711267605633804
25.678321678321677
25.59027777777778
25.544827586206896
25.554794520547944
25.537414965986393
25.716216216216218
25.85234899328859
25.76
26.033112582781456
25.93421052631579
26.03267973856209
26.071428571428573
25.993548387096773
25.897435897435898
26.515923566878982
26.727848101265824
26.735849056603772
26.7625
26.751552795031056
26.685185185185187
27.441717791411044
27.426829268292682
27.533333333333335
27.542168674698797
27.70059880239521
27.791666666666668
27.733727810650887
27.67058823529412
27.695906432748536
27.906976744186046
27.98843930635838
27.942528735632184
27.86857142857143
27.78409090909091
27.75141242937853
27.685393258426966
27.631284916201118
27.72222222222222
27.734806629834253
27.807692307692307
27.775956284153004
28.168478260869566
28.248648648648647
28.365591397849464
28.37433155080214
28.29787234042553
28.211640211640212
28.18421052631579
28.350785340314136
28.567708333333332
28.626943005181346
28.74742268041237
28.70769230769231
28.73469387755102
29.03553299492386
29.318181818181817
29.36180904522613
29.52
29.46268656716418
29.480198019801982
29.54679802955665
29.848039215686274
29.878048780487806
30.058252427184467
30.217391304347824
30.20673076923077
30.138755980861244
30.2
30.18483412322275
30.94811320754717
30.96713615023474
30.901869158878505
31.441860465116278
31.61111111111111
31.57603686635945
31.908256880733944
32.09132420091324
32.06818181818182
32.01809954751131
31.95945945945946
32.11210762331839
32.294642857142854
32.32
32.44690265486726
32.44933920704846
32.48684210526316
32.493449781659386
32.53913043478261
32.56709956709957
32.689655172413794
32.91416309012875
32.91025641025641
32.96170212765958
33.63559322033898
33.734177215189874
33.65546218487395
33.64435146443515
33.63333333333333
33.66390041493776
34.06198347107438
34.18518518518518
34.278688524590166
34.755102040816325
35.60569105691057
35.878542510121456
36.03629032258065
36.24096385542169
36.444
36.56175298804781
36.595238095238095
36.873517786561266
36.89370078740158
37.24313725490196
37.390625
37.750972762645915
37.89147286821706
38.41312741312741
38.646153846153844
39.00766283524904
39.786259541984734
40.125475285171106
40.63636363636363
40.973584905660374
41.69924812030075
42.344569288389515
42.90298507462686
43.260223048327134
43.7962962962963
43.82287822878229
43.794117647058826
43.798534798534796
44.14233576642336
44.403636363636366
44.971014492753625
45.67870036101083
46.00359712230216
46.516129032258064
46.9
47.338078291814945
47.712765957446805
48.24028268551237
48.59154929577465
48.901754385964914
48.88811188811189
49.1184668989547
49.50347222222222
50.01038062283737
50.62758620689655
50.982817869415804
52.013698630136986
52.80204778156997
53.214285714285715
54.376271186440675
54.733108108108105
54.9023569023569
56.02684563758389
56.869565217391305
57.31
58.27242524916944
59.019867549668874
59.42574257425743
60.18092105263158
61.622950819672134
63.03921568627451
63.840390879478825
64.34740259740259
65.49838187702265
65.74193548387096
66.67524115755627
68.06410256410257
68.73482428115015
70.10828025477707
71.47301587301587
72.82911392405063
74.17665615141956
74.97798742138365
76.3103448275862
76.675
77.99376947040498
78.59006211180125
79.89473684210526
81.19135802469135
82.48
83.76073619631902
85.03363914373088
86.29878048780488
87.55623100303951
88.80606060606061
90.04833836858006
91.28313253012048
92.51051051051051
93.73053892215569
94.94328358208955
96.14880952380952
97.34718100890208
98.53846153846153
99.72271386430678
100.9
102.07038123167156
103.23391812865498
104.39067055393586
105.54069767441861
106.6840579710145
107.82080924855491
108.95100864553314
110.07471264367815
111.1919770773639
112.30285714285715
113.4074074074074
114.50568181818181
115.59773371104816
116.68361581920904
117.76338028169015
118.83707865168539
119.9047619047619
120.96648044692738
122.02228412256268
123.07222222222222
124.11634349030471
125.15469613259668
126.18732782369146
127.21428571428571
128.23561643835617
129.2513661202186
130.2615803814714
131.2663043478261
132.26558265582656
133.25945945945946
134.2479784366577
135.2311827956989
136.20911528150134
137.1818181818182
138.14933333333335
139.11170212765958
140.06896551724137
141.02116402116403
141.9683377308707
142.91052631578947
143.8477690288714
144.7801047120419
145.7075718015666
145.9765625
146.8961038961039
147.81088082901553
148.72093023255815
149.6262886597938
150.52699228791775
151.42307692307693
152.3145780051151
153.2015306122449
154.08396946564886
154.96192893401016
155.83544303797467
156.70454545454547
157.56926952141058
158.42964824120602
159.28571428571428
160.1375
160.9850374064838
161.82835820895522
162.66749379652606
163.50247524752476
164.33333333333334
165.1600985221675
165.982800982801
166.8014705882353
167.6161369193154
168.4268292682927
169.23357664233578
170.0364077669903
170.83535108958839
171.6304347826087
172.42168674698794
173.2091346153846
173.9928057553957
174.77272727272728
175.54892601431982
176.32142857142858
177.09026128266032
177.85545023696682
178.61702127659575
179.375
180.12941176470588
180.88028169014083
181.62763466042153
182.3714953271028
183.1118881118881
183.84883720930233
184.58236658932714
185.3125
186.0392609699769
186.7626728110599
187.48275862068965
188.19954128440367
188.91304347826087
189.62328767123287
190.33029612756263
191.0340909090909
191.73469387755102
192.43212669683257
193.12641083521444
193.81756756756758
194.5056179775281
195.19058295964126
195.8724832214765
196.55133928571428
197.2271714922049
197.9
198.56984478935698
199.2367256637168
199.90066225165563
200.56167400881057
201.21978021978023
201.875
202.52735229759298
203.1768558951965
203.8235294117647
204.4673913043478
205.10845986984816
205.74675324675326
206.38228941684665
207.01508620689654
207.6451612903226
208.2725321888412
208.89721627408994
209.51923076923077
210.13859275053304
210.75531914893617
211.36942675159236
211.98093220338984
212.58985200845666
213.19620253164558
213.8
214.40126050420167
215.0
215.59623430962344
216.1899791231733
216.78125
217.37006237006236
217.9564315352697
218.54037267080744
219.12190082644628
219.70103092783506
220.27777777777777
220.85215605749485
221.42418032786884
221.99386503067484
222.5612244897959
223.12627291242362
223.6890243902439
224.24949290060852
224.80769230769232
225.36363636363637
225.9173387096774
226.4688128772636
227.01807228915663
227.56513026052104
228.11
228.65269461077844
229.19322709163347
229.73161033797217
230.26785714285714
230.8019801980198
231.33399209486166
231.8639053254438
232.39173228346456
232.91748526522593
233.44117647058823
233.9628180039139
234.482421875
235.0
235.51556420233464
236.02912621359224
236.5406976744186
237.05029013539652
237.55791505791507
238.0635838150289
238.56730769230768
239.06909788867563
239.56896551724137
240.06692160611854
240.56297709923663
241.05714285714285
241.5494296577947
242.03984819734345
242.5284090909091
243.01512287334594
243.5
243.98305084745763
244.46428571428572
244.9437148217636
245.42134831460675
245.89719626168224
246.3712686567164
246.84357541899442
247.31412639405204
247.78293135435993
248.25
248.71534195933455
249.1789667896679
249.64088397790056
250.10110294117646
250.55963302752295
251.0164835164835
251.47166361974405
251.92518248175182
252.37704918032787
252.8272727272727
253.27586206896552
253.72282608695653
254.16817359855335
254.6119133574007
255.05405405405406
255.49460431654677
255.93357271095152
256.3709677419355
256.8067978533095
257.24107142857144
257.67379679144386
258.1049822064057
258.53463587921846
258.96276595744683
259.3893805309734
259.8144876325088
260.23809523809524
260.66021126760563
261.08084358523723
261.5
261.91768826619966
262.3339160839161
262.74869109947645
263.1620209059233
263.5739130434783
263.984375
264.3934142114385
264.80103806228374
265.20725388601034
265.61206896551727
266.0154905335628
266.41752577319585
266.8181818181818
267.2174657534247
267.61538461538464
268.01194539249144
268.40715502555366
268.80102040816325
269.19354838709677
269.58474576271186
269.9746192893401
270.3631756756757
270.7504215851602
271.1363636363636
271.52100840336135
271.9043624161074
272.286432160804
272.66722408026754
273.04674457429047
273.425
273.80199667221297
274.1777408637874
274.55223880597015
274.9254966887417
275.297520661157
275.66831683168317
276.03789126853377
276.40625
276.7733990147783
277.1393442622951
277.50409165302784
277.86764705882354
278.2300163132137
278.5912052117264
278.9512195121951
279.31006493506493
279.6677471636953
280.0242718446602
280.3796445880452
280.73387096774195
281.0869565217391
281.4389067524116
281.78972712680576
282.1394230769231
282.488
282.8354632587859
283.1818181818182
283.5270700636943
283.8712241653418
284.2142857142857
284.55625990491285
284.8971518987342
285.2369668246445
285.5757097791798
285.9133858267717
286.25
286.585557299843
286.92006269592474
287.2535211267606
287.5859375
287.9173166926677
288.24766355140184
288.5769828926905
288.9052795031056
289.2325581395349
289.55882352941177
289.8840803709428
290.2083333333333
