52.0
34.0
27.0
21.0
33.0
14.0
24.0
11.0
35.0
12.0
10.0
49.0
15.0
13.0
25.0
44.0
11.0
15.0
16.0
23.0
15.0
14.0
28.0
24.0
37.0
14.0
41.0
12.0
20.0
56.0
13.0
31.0
18.0
19.0
49.0
19.0
20.0
16.0
42.0
13.0
23.0
54.0
17.0
33.0
32.0
23.0
27.0
20.0
34.0
16.0
17.0
17.0
33.0
25.0
13.0
14.0
19.0
47.0
15.0
14.0
31.0
27.0
22.0
13.0
21.0
21.0
19.0
11.0
56.0
22.0
18.0
30.0
12.0
49.0
43.0
31.0
66.0
17.0
22.0
30.0
31.0
21.0
22.0
49.0
25.0
11.0
47.0
16.0
20.0
46.0
63.0
14.0
23.0
22.0
21.0
25.0
11.0
71.0
19.0
16.0
26.0
12.0
12.0
14.0
28.0
18.0
14.0
54.0
15.0
42.0
83.0
14.0
19.0
48.0
32.0
36.0
33.0
50.0
40.0
28.0
20.0
19.0
18.0
33.0
42.0
32.0
32.0
13.0
17.0
32.0
19.0
12.0
12.0
28.0
24.0
12.0
23.0
32.0
12.0
26.0
10.0
15.0
13.0
15.0
30.0
53.0
32.0
22.0
24.0
14.0
28.0
31.0
12.0
71.0
23.0
72.0
25.0
36.0
23.0
99.0
34.0
40.0
105.0
35.0
73.0
46.0
50.0
47.0
54.0
25.0
17.0
25.0
19.0
47.0
57.0
67.0
65.0
42.0
41.0
24.0
44.0
21.0
26.0
49.0
32.0
14.0
87.0
41.0
20.0
21.0
14.0
18.0
17.0
37.0
20.0
105.0
78.0
21.0
18.0
80.0
19.0
66.0
122.0
36.0
56.0
55.0
27.0
48.0
82.0
42.0
79.0
52.0
103.0
111.0
32.0
22.0
52.0
44.0
195.0
163.0
55.0
17.0
38.0
15.0
75.0
24.0
50.0
23.0
120.0
48.0
29.0
15.0
230.0
146.0
100.0
128.0
102.0
33.0
144.0
92.0
56.0
70.0
108.0
42.0
146.0
22.0
93.0
154.0
16.0
54.0
15.0
31.0
116.0
123.0
65.0
25.0
87.0
198.0
56.0
127.0
83.0
13.0
140.0
67.0
133.0
124.0
167.0
270.0
97.0
80.0
119.0
154.0
110.0
314.0
180.0
149.0
90.0
262.0
333.0
161.0
177.0
172.0
198.0
57.0
206.0
197.0
189.0
386.0
261.0
226.0
215.0
302.0
231.0
314.0
214.0
445.0
329.0
250.0
448.0
229.0
372.0
434.0
336.0
500.0
401.0
500.0
500.0
500.0
440.0
357.0
500.0
500.0
500.0
362.0
500.0
500.0
500.0
475.0
500.0
500.0
347.0
153.0
500.0
500.0
500.0
193.0
276.0
500.0
500.0
500.0
500.0
500.0
500.0
320.0
500.0
146.0
469.0
446.0
243.0
500.0
500.0
212.0
500.0
500.0
500.0
353.0
500.0
157.0
302.0
500.0
500.0
455.0
500.0
500.0
500.0
500.0
500.0
486.0
275.0
500.0
463.0
500.0
500.0
500.0
500.0
500.0
500.0
500.0
500.0
500.0
500.0
500.0
500.0
500.0
500.0
500.0
500.0
500.0
500.0
436.0
500.0
500.0
500.0
500.0
500.0
500.0
500.0
500.0
500.0
500.0
500.0
500.0
500.0
500.0
500.0
500.0
500.0
500.0
500.0
500.0
500.0
500.0
500.0
500.0
500.0
500.0
500.0
500.0
500.0
500.0
500.0
500.0
500.0
500.0
500.0
500.0
500.0
500.0
500.0
500.0
500.0
500.0
500.0
500.0
500.0
500.0
500.0
500.0
500.0
500.0
500.0
500.0
500.0
500.0
500.0
500.0
500.0
500.0
500.0
500.0
500.0
500.0
500.0
500.0
500.0
500.0
500.0
500.0
500.0
500.0
500.0
500.0
500.0
500.0
500.0
500.0
500.0
500.0
500.0
500.0
500.0
500.0
500.0
500.0
500.0
500.0
500.0
500.0
500.0
500.0
500.0
500.0
500.0
500.0
500.0
500.0
500.0
500.0
500.0
500.0
500.0
500.0
500.0
500.0
500.0
500.0
500.0
500.0
500.0
500.0
500.0
500.0
500.0
500.0
500.0
500.0
500.0
500.0
500.0
500.0
500.0
500.0
500.0
500.0
500.0
500.0
500.0
500.0
500.0
500.0
500.0
500.0
500.0
500.0
500.0
500.0
500.0
500.0
500.0
500.0
500.0
500.0
500.0
500.0
500.0
500.0
500.0
500.0
500.0
500.0
500.0
500.0
500.0
500.0
500.0
500.0
500.0
500.0
500.0
500.0
500.0
500.0
500.0
500.0
500.0
500.0
500.0
500.0
500.0
500.0
500.0
500.0
500.0
500.0
500.0
500.0
500.0
500.0
500.0
500.0
500.0
500.0
500.0
500.0
500.0
500.0
500.0
500.0
500.0
500.0
500.0
500.0
500.0
500.0
500.0
500.0
500.0
500.0
500.0
500.0
500.0
500.0
500.0
500.0
500.0
500.0
500.0
500.0
500.0
500.0
500.0
500.0
500.0
500.0
500.0
500.0
500.0
500.0
500.0
500.0
500.0
500.0
500.0
500.0
500.0
500.0
500.0
500.0
500.0
500.0
500.0
500.0
500.0
500.0
500.0
500.0
500.0
500.0
500.0
500.0
500.0
500.0
500.0
500.0
500.0
500.0
500.0
500.0
500.0
500.0
500.0
500.0
500.0
500.0
500.0
500.0
500.0
500.0
500.0
500.0
500.0
500.0
500.0
500.0
500.0
500.0
500.0
