22.0
24.0
23.0
12.0
19.0
19.0
17.0
12.0
17.0
12.0
19.0
27.0
15.0
31.0
62.0
26.0
26.0
22.0
26.0
17.0
32.0
12.0
24.0
14.0
9.0
19.0
24.0
15.0
23.0
12.0
16.0
13.0
18.0
32.0
13.0
15.0
12.0
26.0
11.0
23.0
41.0
22.0
22.0
22.0
17.0
21.0
12.0
36.0
35.0
28.0
15.0
44.0
15.0
11.0
16.0
27.0
17.0
10.0
21.0
15.0
17.0
19.0
23.0
12.0
37.0
14.0
11.0
75.0
19.0
18.0
22.0
25.0
11.0
9.0
41.0
16.0
16.0
13.0
15.0
16.0
37.0
12.0
33.0
14.0
24.0
23.0
11.0
17.0
24.0
23.0
15.0
14.0
14.0
14.0
12.0
13.0
12.0
21.0
24.0
17.0
15.0
28.0
15.0
22.0
43.0
53.0
15.0
60.0
17.0
26.0
26.0
19.0
22.0
19.0
20.0
27.0
26.0
18.0
16.0
16.0
10.0
37.0
16.0
16.0
15.0
59.0
28.0
62.0
13.0
33.0
17.0
49.0
17.0
25.0
14.0
11.0
46.0
34.0
18.0
12.0
41.0
90.0
27.0
25.0
17.0
16.0
16.0
19.0
16.0
13.0
14.0
28.0
50.0
31.0
111.0
18.0
23.0
18.0
19.0
64.0
18.0
28.0
15.0
20.0
42.0
37.0
35.0
21.0
51.0
10.0
26.0
15.0
31.0
15.0
18.0
21.0
92.0
32.0
29.0
15.0
21.0
25.0
38.0
35.0
20.0
23.0
34.0
47.0
30.0
17.0
35.0
18.0
43.0
61.0
28.0
16.0
20.0
25.0
72.0
15.0
69.0
22.0
28.0
70.0
34.0
12.0
29.0
27.0
64.0
22.0
21.0
26.0
21.0
31.0
15.0
15.0
16.0
90.0
47.0
22.0
17.0
31.0
26.0
40.0
51.0
16.0
20.0
12.0
104.0
18.0
34.0
41.0
34.0
69.0
57.0
18.0
167.0
18.0
11.0
66.0
64.0
96.0
49.0
59.0
89.0
55.0
15.0
34.0
86.0
17.0
23.0
112.0
19.0
52.0
44.0
66.0
23.0
54.0
29.0
18.0
57.0
41.0
66.0
25.0
59.0
23.0
13.0
55.0
19.0
58.0
96.0
28.0
24.0
111.0
11.0
25.0
36.0
94.0
28.0
42.0
42.0
118.0
59.0
135.0
80.0
196.0
60.0
59.0
15.0
89.0
201.0
58.0
130.0
36.0
36.0
104.0
80.0
139.0
44.0
53.0
84.0
135.0
273.0
173.0
100.0
122.0
118.0
108.0
131.0
109.0
88.0
197.0
194.0
113.0
90.0
148.0
405.0
108.0
214.0
199.0
203.0
143.0
138.0
153.0
301.0
101.0
311.0
328.0
187.0
210.0
262.0
328.0
183.0
50.0
193.0
500.0
331.0
289.0
107.0
334.0
434.0
397.0
313.0
395.0
410.0
500.0
500.0
500.0
284.0
358.0
500.0
500.0
500.0
328.0
500.0
500.0
500.0
500.0
500.0
500.0
500.0
500.0
500.0
500.0
500.0
500.0
500.0
500.0
500.0
500.0
500.0
500.0
500.0
500.0
500.0
500.0
500.0
500.0
500.0
500.0
500.0
500.0
500.0
500.0
500.0
500.0
500.0
500.0
500.0
500.0
500.0
500.0
500.0
500.0
500.0
500.0
500.0
500.0
500.0
500.0
500.0
500.0
500.0
500.0
500.0
500.0
500.0
500.0
500.0
500.0
500.0
500.0
500.0
500.0
500.0
500.0
500.0
500.0
500.0
500.0
500.0
500.0
500.0
500.0
500.0
500.0
500.0
500.0
500.0
500.0
500.0
500.0
500.0
500.0
500.0
500.0
500.0
500.0
500.0
500.0
500.0
500.0
500.0
500.0
500.0
500.0
500.0
500.0
500.0
500.0
500.0
500.0
500.0
500.0
500.0
500.0
500.0
500.0
500.0
500.0
500.0
500.0
500.0
500.0
500.0
500.0
500.0
500.0
500.0
500.0
500.0
500.0
500.0
500.0
500.0
500.0
500.0
500.0
500.0
500.0
500.0
500.0
500.0
500.0
500.0
500.0
500.0
500.0
500.0
500.0
500.0
500.0
500.0
500.0
500.0
500.0
500.0
500.0
500.0
500.0
500.0
500.0
500.0
500.0
500.0
500.0
500.0
500.0
500.0
500.0
500.0
500.0
500.0
500.0
500.0
500.0
500.0
500.0
500.0
500.0
500.0
500.0
500.0
500.0
500.0
500.0
500.0
500.0
500.0
500.0
500.0
500.0
500.0
500.0
500.0
500.0
500.0
500.0
500.0
500.0
500.0
500.0
500.0
500.0
500.0
500.0
500.0
500.0
500.0
500.0
500.0
500.0
500.0
500.0
500.0
500.0
500.0
500.0
500.0
500.0
500.0
500.0
500.0
500.0
500.0
500.0
500.0
500.0
500.0
500.0
500.0
500.0
500.0
500.0
500.0
500.0
500.0
500.0
500.0
500.0
500.0
500.0
500.0
500.0
500.0
500.0
500.0
500.0
500.0
500.0
500.0
500.0
500.0
500.0
500.0
500.0
500.0
500.0
500.0
500.0
500.0
500.0
500.0
500.0
500.0
500.0
500.0
500.0
500.0
500.0
500.0
500.0
500.0
500.0
500.0
500.0
500.0
500.0
500.0
500.0
500.0
500.0
500.0
500.0
500.0
500.0
500.0
500.0
500.0
500.0
500.0
500.0
500.0
500.0
500.0
500.0
500.0
500.0
500.0
500.0
500.0
500.0
500.0
500.0
500.0
500.0
500.0
500.0
500.0
500.0
500.0
500.0
500.0
500.0
500.0
500.0
500.0
500.0
500.0
500.0
500.0
500.0
500.0
500.0
500.0
500.0
500.0
500.0
500.0
500.0
500.0
500.0
500.0
500.0
500.0
500.0
500.0
500.0
500.0
500.0
500.0
500.0
500.0
