1717155342.9044275
1717155342.9299042
1717155342.9539213
1717155342.966406
1717155342.9866521
1717155343.006833
1717155343.0250363
1717155343.0378437
1717155343.0561113
1717155343.068687
1717155343.088899
1717155343.1178653
1717155343.13403
1717155343.1675196
1717155343.2344174
1717155343.2624304
1717155343.290498
1717155343.3140843
1717155343.3421826
1717155343.3605855
1717155343.3951437
1717155343.4080021
1717155343.4340549
1717155343.44933
1717155343.4592714
1717155343.4801912
1717155343.5061247
1717155343.5224547
1717155343.5471854
1717155343.5600035
1717155343.577276
1717155343.591358
1717155343.610803
1717155343.6450174
1717155343.658987
1717155343.6749895
1717155343.6879284
1717155343.7160406
1717155343.727894
1717155343.7526135
1717155343.7969835
1717155343.8207614
1717155343.8444662
1717155343.8679059
1717155343.8861742
1717155343.908926
1717155343.9217823
1717155343.9609208
1717155343.9994092
1717155344.029567
1717155344.0457735
1717155344.0934477
1717155344.1097424
1717155344.1217337
1717155344.1391087
1717155344.168482
1717155344.191944
1717155344.2068603
1717155344.2378786
1717155344.2572272
1717155344.2755227
1717155344.2961414
1717155344.3211114
1717155344.3340921
1717155344.37411
1717155344.3894825
1717155344.4013116
1717155344.4828143
1717155344.5037804
1717155344.5285084
1717155344.5610843
1717155344.594213
1717155344.6060383
1717155344.6159089
1717155344.6600766
1717155344.6772594
1717155344.694734
1717155344.7087488
1717155344.7250605
1717155344.7428384
1717155344.7829714
1717155344.7959247
1717155344.8317633
1717155344.8468301
1717155344.8725781
1717155344.897548
1717155344.9095905
1717155344.927942
1717155344.9540107
1717155344.9787376
1717155344.9950562
1717155345.0101225
1717155345.0318732
1717155345.0517895
1717155345.0649378
1717155345.079169
1717155345.0920765
1717155345.1148417
1717155345.1405327
1717155346.3586535
1717155346.37472
1717155346.404669
1717155346.420794
1717155346.4445236
1717155346.490451
1717155346.5472927
1717155346.5634625
1717155346.6280723
1717155346.6465335
1717155346.6742976
1717155346.702313
1717155346.7225873
1717155346.7463193
1717155346.7668097
1717155346.7882967
1717155346.8172884
1717155346.8449867
1717155346.8642914
1717155346.8814878
1717155346.8984928
1717155346.9092753
1717155346.949058
1717155346.966365
1717155346.9834886
1717155346.9995537
1717155347.062825
1717155347.0928583
1717155347.165201
1717155347.1791573
1717155347.2144675
1717155347.2329195
1717155347.2855127
1717155347.303691
1717155347.3304384
1717155347.345385
1717155347.357317
1717155347.4067566
1717155347.4432979
1717155347.4627395
1717155347.4756746
1717155347.5194535
1717155347.6161318
1717155347.6453104
1717155347.6717901
1717155347.69013
1717155347.7070382
1717155347.724448
1717155347.7449293
1717155347.761995
1717155347.7758813
1717155347.790974
1717155347.8211083
1717155347.874436
1717155347.9075282
1717155348.0259535
1717155348.045126
1717155348.0697746
1717155348.0890687
1717155348.1091835
1717155348.1779318
1717155348.1971812
1717155348.22732
1717155348.243364
1717155348.265056
1717155348.3099356
1717155348.3493168
1717155348.386882
1717155348.4093943
1717155348.4641047
1717155348.474733
1717155348.5028303
1717155348.518855
1717155349.7199414
1717155349.7354221
1717155349.7538905
1717155349.7761092
1717155349.8738418
1717155349.907978
1717155349.939108
1717155349.955225
1717155349.9776683
1717155350.004894
1717155350.0465024
1717155350.0838442
1717155350.1051948
1717155350.129541
1717155350.1656659
1717155350.2159703
1717155350.2478173
1717155350.266814
1717155350.3041234
1717155350.323607
1717155350.369026
1717155350.4336874
1717155350.4632938
1717155350.480505
1717155350.5018077
1717155350.528325
1717155350.6049805
1717155350.6210423
1717155350.6943007
1717155350.7176833
1717155350.7473795
1717155350.827849
1717155350.8638723
1717155350.876833
1717155350.9080038
1717155350.9369807
1717155351.0050714
1717155351.0283291
1717155351.0508316
1717155351.0785637
1717155351.1011753
1717155351.1339724
1717155351.1501172
1717155351.1661382
1717155351.1831312
1717155351.2786283
1717155351.3316357
1717155351.35594
1717155351.3740995
1717155351.4073308
1717155351.435079
1717155351.4776905
1717155351.5320153
1717155351.5490682
1717155351.5702713
1717155351.5831857
1717155351.6938765
1717155351.7132185
1717155351.7495668
1717155351.7932155
1717155351.8294415
1717155351.9030762
1717155353.0709376
1717155353.0897748
1717155353.2642026
1717155353.283136
1717155353.2945545
1717155353.363463
1717155353.4308643
1717155353.5317852
1717155353.5831425
1717155353.64469
1717155353.737796
1717155353.7950091
1717155353.8106263
1717155353.8463902
1717155353.9364054
1717155353.9540365
1717155353.978028
1717155354.094971
1717155354.1150632
1717155354.169558
1717155354.2159963
1717155354.285421
1717155354.309551
1717155354.3665116
1717155354.3968606
1717155354.4158397
1717155354.4863698
1717155354.529686
1717155354.5993395
1717155354.625649
1717155354.687163
1717155354.711177
1717155354.7248502
1717155354.782464
1717155354.8024986
1717155354.8635216
1717155354.9642391
1717155354.9937549
1717155355.0187707
1717155355.1345344
1717155355.1460218
1717155355.1721551
1717155356.3470187
1717155356.4442098
1717155356.4733977
1717155356.517025
1717155356.560332
1717155356.6827104
1717155356.7442677
1717155356.8846676
1717155356.967548
1717155357.1709118
1717155357.2331681
1717155357.2944288
1717155357.309921
1717155357.4026382
1717155357.611315
1717155357.6715143
1717155357.806546
1717155357.8444166
1717155357.8816898
1717155357.9901223
1717155358.073049
1717155358.2164617
1717155358.262327
1717155358.3173928
1717155358.4046354
1717155359.6828387
1717155359.966151
1717155360.1447434
1717155360.2481165
1717155360.374582
1717155360.49648
1717155360.6076233
1717155360.7427163
1717155360.8557963
1717155360.9467247
1717155361.1493707
1717155361.3492038
1717155361.4654946
1717155361.5583246
1717155362.876283
1717155363.2939405
1717155363.4054208
1717155363.6253717
1717155363.829655
1717155364.0382714
1717155364.1845284
1717155364.3260133
1717155364.483605
1717155364.7927103
1717155364.8961837
1717155366.3194437
1717155366.6480644
1717155366.8340309
1717155367.044833
1717155367.3172214
1717155367.6520972
1717155367.8399491
1717155367.891374
1717155368.0890791
1717155369.7417579
1717155370.0815232
1717155370.3790395
1717155370.4887078
1717155370.833706
1717155371.2795606
1717155372.8063142
1717155373.120709
1717155373.5319414
1717155373.9527855
1717155374.4682763
1717155376.1195033
1717155376.6395934
1717155376.9342923
1717155377.305116
1717155377.8256752
1717155379.553123
1717155380.0608408
1717155380.4040477
1717155380.9249632
1717155382.6071944
1717155383.1270475
1717155383.6468775
1717155384.1663754
1717155385.8950958
1717155386.415052
1717155386.9365463
1717155387.4580417
1717155389.120336
1717155389.63318
1717155390.1409943
1717155390.6680942
1717155392.2305949
1717155392.7473335
1717155393.2641525
1717155393.7800682
1717155395.4446244
1717155395.9629488
1717155396.4791927
1717155396.9960144
1717155397.511667
1717155399.0789716
1717155399.5959017
1717155400.1125236
1717155400.6303463
1717155402.1918118
1717155402.7078302
1717155403.2255237
1717155403.7411969
1717155405.359312
1717155405.8773575
1717155406.3940613
1717155406.9130766
1717155408.4784558
1717155408.9840398
1717155409.5015936
1717155410.0184534
1717155411.6821454
1717155412.1997607
1717155412.716557
1717155413.2354183
1717155414.9080925
1717155415.4241529
1717155415.942382
1717155416.4597254
1717155418.0810869
1717155418.6030803
1717155419.1249971
1717155419.6477087
1717155421.28981
1717155421.7970273
1717155422.314809
1717155422.829703
1717155424.5281525
1717155425.0462987
1717155425.5652857
1717155426.0857856
1717155427.844487
1717155428.3658702
1717155428.8865051
1717155429.405472
1717155431.045925
1717155431.55753
1717155432.065264
1717155432.5854151
1717155433.103716
1717155434.6377206
1717155435.1554675
1717155435.6736233
1717155436.1917808
1717155437.9140408
1717155438.4345489
1717155438.9556723
1717155439.4805484
1717155441.1155927
1717155441.6256387
1717155442.1381874
1717155442.6612587
1717155444.2482522
1717155444.7721553
1717155445.295397
1717155445.8199124
1717155447.4159763
1717155447.926947
1717155448.4479737
1717155448.968003
1717155450.6742826
1717155451.1958923
1717155451.7171907
1717155452.2384694
1717155453.8088062
1717155454.3289626
1717155454.8390977
1717155455.357349
1717155456.9662995
1717155457.4858844
1717155458.0047216
1717155458.524028
1717155460.225158
1717155460.7370448
1717155461.2463017
1717155461.7732656
1717155463.434417
1717155463.954237
1717155464.4756465
1717155464.9964013
1717155465.5160782
1717155467.2762187
1717155467.7938163
1717155468.3124762
1717155468.8320162
1717155470.4506857
1717155470.9596484
1717155471.477984
1717155472.0000823
1717155473.541791
1717155474.0644472
1717155474.5881155
1717155475.1118205
1717155476.8189907
1717155477.3394306
1717155477.8584077
1717155478.3769705
1717155480.0388484
1717155480.5541098
1717155481.0646627
1717155481.587004
1717155483.2475176
1717155483.7597883
1717155484.2677858
1717155484.789764
1717155486.3994863
1717155486.9062335
1717155487.4178388
1717155487.9371028
1717155489.5914583
1717155490.1118472
1717155490.6299336
1717155491.151107
1717155492.782067
1717155493.3005865
1717155493.8206863
1717155494.340209
1717155495.9798748
1717155496.4994
1717155497.0069575
1717155497.5275688
1717155499.1894555
1717155499.7071204
1717155500.2264616
1717155500.7440598
1717155501.263003
1717155502.9370055
1717155503.4577508
1717155503.980366
1717155504.5011144
1717155506.1401696
1717155506.6626315
1717155507.1832614
1717155507.7036388
1717155509.3925908
1717155509.9106693
1717155510.427759
1717155510.9435833
1717155512.4854934
1717155512.9997804
1717155513.5143797
1717155514.0308125
1717155515.5988572
1717155516.111198
1717155516.6232889
1717155517.1351166
1717155518.7208774
1717155519.2355065
1717155519.7487082
1717155520.2637227
1717155521.85811
1717155522.3718421
1717155522.886297
1717155523.399609
1717155525.0334673
1717155525.5454335
1717155526.0573483
1717155526.5694933
1717155528.2069788
1717155528.7193596
1717155529.2327855
1717155529.74588
1717155531.3596923
1717155531.8748288
1717155532.3904376
1717155532.9067585
1717155533.421567
1717155535.0016534
1717155535.5144997
1717155536.0276775
1717155536.5415459
1717155538.1307118
1717155538.644508
1717155539.1593583
1717155539.673792
1717155541.301273
1717155541.8118799
1717155542.3232608
1717155542.8350284
1717155544.3685327
1717155544.8806338
1717155545.3936508
1717155545.906307
1717155547.5209289
1717155548.0369475
1717155548.5535965
1717155549.0709474
1717155550.6549098
1717155551.1595945
1717155551.6645875
1717155552.1606295
1717155553.711296
1717155554.2160277
1717155554.7132692
1717155555.2058864
1717155556.786905
1717155557.292209
1717155557.7868047
1717155558.2792764
1717155559.8258984
1717155560.3324935
1717155560.82888
1717155561.3259902
1717155562.8435795
1717155563.3507838
1717155563.846469
1717155564.3382168
1717155564.8420422
1717155566.3542483
1717155566.8470635
1717155567.3389146
1717155567.8420155
1717155569.39979
1717155569.8916411
1717155570.384781
1717155570.8890612
1717155572.422424
1717155572.9136882
1717155573.4054022
1717155573.9054184
1717155575.453602
1717155575.9456787
1717155576.4406054
1717155576.9434016
1717155578.5030978
1717155579.0042207
1717155579.503174
1717155579.9965525
1717155581.6342008
1717155582.1381197
1717155582.6488295
1717155583.1543293
1717155584.704471
1717155585.200086
1717155585.7045429
1717155586.206615
1717155587.77046
1717155588.2746494
1717155588.7712312
1717155589.2647696
1717155590.864709
1717155591.366226
1717155591.8695598
1717155592.3639858
1717155593.869414
1717155594.373973
1717155594.868844
1717155595.3621678
1717155596.9589298
1717155597.4582436
1717155597.9551609
1717155598.4487534
1717155598.9491096
1717155600.5235834
1717155601.0170226
1717155601.5136673
1717155602.0221407
1717155603.5648067
1717155604.0592644
1717155604.5557222
1717155605.0618215
1717155606.6597307
1717155607.152519
1717155607.6522126
1717155608.1597795
1717155609.736236
1717155610.2324185
1717155610.7334993
1717155611.2378967
1717155612.860259
1717155613.3632936
1717155613.873374
1717155614.3771822
1717155616.0185943
1717155616.5211718
1717155617.0149558
1717155617.5197628
1717155619.065164
1717155619.5688055
1717155620.0637057
1717155620.5625465
1717155622.1317317
1717155622.6492746
1717155623.1645901
1717155623.681917
1717155625.2672794
1717155625.7813818
1717155626.2987945
1717155626.8128831
1717155628.4830096
1717155628.9945831
1717155629.505714
1717155630.018135
1717155630.5284586
1717155632.2458832
1717155632.76646
1717155633.283998
1717155633.8012166
1717155635.3839664
1717155635.8994715
1717155636.418143
1717155636.9332461
