1717141040.1782246
1717141040.198258
1717141040.2099562
1717141040.2796116
1717141040.2947276
1717141040.3117478
1717141040.341676
1717141040.352289
1717141040.3639472
1717141040.3768353
1717141040.4119625
1717141040.4469957
1717141040.4692059
1717141040.4992073
1717141040.5110962
1717141040.5583723
1717141040.5691254
1717141040.5831075
1717141040.5961328
1717141040.6240351
1717141040.67016
1717141040.6871376
1717141040.7213242
1717141040.7469497
1717141040.7703793
1717141040.7896357
1717141040.8012724
1717141040.8459754
1717141040.8607275
1717141040.882307
1717141040.915353
1717141040.9325726
1717141040.9826047
1717141041.0104675
1717141041.0574272
1717141041.0950224
1717141041.105637
1717141041.1395736
1717141041.17394
1717141041.2101796
1717141041.222896
1717141041.2507007
1717141041.284704
1717141041.3005853
1717141041.3154812
1717141041.347431
1717141041.3570566
1717141041.3797193
1717141041.3968594
1717141041.409593
1717141041.4267464
1717141041.4407682
1717141041.4675295
1717141041.4859102
1717141041.5320766
1717141041.547915
1717141041.5726385
1717141041.605808
1717141041.6304598
1717141041.6828754
1717141041.6936398
1717141041.7130089
1717141041.7495563
1717141041.768503
1717141041.7817044
1717141041.796727
1717141041.811667
1717141041.8234594
1717141041.8427017
1717141041.9016066
1717141041.9270751
1717141041.9409516
1717141041.9624054
1717141042.0031362
1717141042.0202403
1717141042.045956
1717141042.0576837
1717141042.07141
1717141042.0896592
1717141042.1046274
1717141042.1225019
1717141042.1438832
1717141042.1646004
1717141042.1882422
1717141042.203419
1717141042.2377212
1717141042.2548726
1717141042.3040123
1717141042.324575
1717141043.583361
1717141043.6045768
1717141043.619071
1717141043.6399326
1717141043.6727107
1717141043.7001922
1717141043.7280502
1717141043.7683747
1717141043.8205838
1717141043.8449912
1717141043.8703778
1717141043.9111252
1717141043.961808
1717141043.987763
1717141044.019016
1717141044.0314863
1717141044.048092
1717141044.0759425
1717141044.0946772
1717141044.1112387
1717141044.1797795
1717141044.2047157
1717141044.2396944
1717141044.2594538
1717141044.2866554
1717141044.3242164
1717141044.346989
1717141044.3763137
1717141044.3897455
1717141044.4053402
1717141044.4197643
1717141044.4480252
1717141044.4801915
1717141044.5674548
1717141044.5995264
1717141044.6243105
1717141044.6770585
1717141044.726577
1717141044.768771
1717141044.8038309
1717141044.821395
1717141044.8509583
1717141044.8902762
1717141044.9051526
1717141044.949562
1717141044.973778
1717141045.0087335
1717141045.0425487
1717141045.1281846
1717141045.1461968
1717141045.1980734
1717141045.2310195
1717141045.2607775
1717141045.2831776
1717141045.2968826
1717141045.316967
1717141045.345539
1717141045.3698788
1717141045.4247255
1717141045.4733737
1717141045.4862254
1717141045.5568395
1717141045.5684536
1717141045.6119173
1717141045.6458154
1717141045.6609097
1717141045.6724393
1717141047.0128207
1717141047.0756671
1717141047.1049798
1717141047.137366
1717141047.1636503
1717141047.180397
1717141047.336565
1717141047.3626971
1717141047.4097095
1717141047.4401968
1717141047.4970293
1717141047.5419302
1717141047.5608609
1717141047.5786204
1717141047.6119707
1717141047.678836
1717141047.7228243
1717141047.7436802
1717141047.7593813
1717141047.772969
1717141047.79603
1717141047.8130581
1717141047.8320253
1717141047.8779206
1717141047.909443
1717141047.9524784
1717141047.9756823
1717141048.0799534
1717141048.1246629
1717141048.1771946
1717141048.2083328
1717141048.223047
1717141048.235683
1717141048.2599387
1717141048.3223224
1717141048.3956487
1717141048.4372191
1717141048.4912744
1717141048.5131795
1717141048.548596
1717141048.640626
1717141048.7293308
1717141048.768924
1717141048.8327076
1717141048.8520074
1717141048.887025
1717141048.9322438
1717141049.0275264
1717141049.0650804
1717141050.3571358
1717141050.4219506
1717141050.4507165
1717141050.4674158
1717141050.5120182
1717141050.5399
1717141050.750498
1717141050.786004
1717141050.803334
1717141050.9527416
1717141051.0219293
1717141051.0467007
1717141051.1521757
1717141051.224641
1717141051.2521665
1717141051.2735364
1717141051.292942
1717141051.3602128
1717141051.4344952
1717141051.4729903
1717141051.5349586
1717141051.5690455
1717141051.6108258
1717141051.6456575
1717141051.6895514
1717141051.7359476
1717141051.8004992
1717141051.887234
1717141051.9203217
1717141051.9671614
1717141052.1649923
1717141052.224213
1717141052.2398238
1717141052.271863
1717141052.3036332
1717141052.3458714
1717141053.653299
1717141053.7185028
1717141053.7757182
1717141053.9277506
1717141054.1763656
1717141054.2810357
1717141054.35653
1717141054.444236
1717141054.5317893
1717141054.598129
1717141054.6438339
1717141054.7600696
1717141054.8015203
1717141054.9297564
1717141055.0063317
1717141055.1391695
1717141055.2146854
1717141055.391488
1717141055.492893
1717141055.6289542
1717141057.1038811
1717141057.2363167
1717141057.4156823
1717141057.5494905
1717141057.7893043
1717141058.0087228
1717141058.2061136
1717141058.3476775
1717141058.5403643
1717141058.5927124
1717141058.6297112
1717141058.6758363
1717141058.8170435
1717141058.9367986
1717141060.3497949
1717141060.596415
1717141060.7347133
1717141060.9234252
1717141061.0774927
1717141061.246826
1717141061.399101
1717141061.5955694
1717141061.7516093
1717141061.8928246
1717141061.9391398
1717141062.0565126
1717141062.2204063
1717141063.6330557
1717141063.8640044
1717141064.0174377
1717141064.3681512
1717141064.6489766
1717141064.8260458
1717141065.231981
1717141065.3948908
1717141065.502407
1717141067.089093
1717141067.4013317
1717141067.5928202
1717141067.9406776
1717141068.2244816
1717141068.4125626
1717141068.7006235
1717141070.4223588
1717141070.9251127
1717141071.236727
1717141071.456811
1717141071.8837101
1717141072.027476
1717141073.7286158
1717141074.2369273
1717141074.5155375
1717141075.0227396
1717141075.5332294
1717141077.142862
1717141077.6459544
1717141077.979737
1717141078.4997156
1717141078.6983247
1717141080.321989
1717141080.6005497
1717141081.105759
1717141081.6067193
1717141083.3110523
1717141083.8223503
1717141084.3218758
1717141084.825645
1717141086.4884682
1717141086.9957447
1717141087.5000565
1717141088.004965
1717141089.729696
1717141090.2340007
1717141090.7357528
1717141091.2476263
1717141092.9753468
1717141093.4874933
1717141094.0029013
1717141094.516796
1717141095.033777
1717141096.765397
1717141097.2685673
1717141097.7778654
1717141098.2911072
1717141099.9883204
1717141100.4920187
1717141101.0011325
1717141101.5246634
1717141103.2445576
1717141103.754555
1717141104.257499
1717141104.7603617
1717141106.441376
1717141106.953938
1717141107.4566653
1717141107.9659433
1717141109.659276
1717141110.1640992
1717141110.665885
1717141111.1759558
1717141112.9049165
1717141113.4213083
1717141113.9364262
1717141114.4539077
1717141116.158209
1717141116.6736937
1717141117.1786091
1717141117.6807365
1717141119.4084735
1717141119.9168792
1717141120.4202642
1717141120.9286385
1717141122.6300933
1717141123.1351156
1717141123.6377032
1717141124.1464705
1717141125.8574002
1717141126.3714094
1717141126.8839304
1717141127.3882637
1717141129.0831535
1717141129.594047
1717141129.8478158
1717141130.3494203
1717141130.85456
1717141132.570814
1717141133.0785758
1717141133.582301
1717141134.088945
1717141135.811073
1717141136.315274
1717141136.8190126
1717141137.3311694
1717141139.038661
1717141139.5545857
1717141140.0636039
1717141140.5667067
1717141142.3014514
1717141142.8176901
1717141143.3195064
1717141143.8235645
1717141145.5418181
1717141146.0502782
1717141146.5528753
1717141147.0600154
1717141147.5717635
1717141149.2827046
1717141149.7988946
1717141150.3192124
1717141150.8352263
1717141152.5878384
1717141153.104559
1717141153.6213183
1717141154.1293268
1717141155.887544
1717141156.4006708
1717141156.912985
1717141157.4264112
1717141159.1575263
1717141159.669339
1717141160.175095
1717141160.6778574
1717141162.3817518
1717141162.8940833
1717141163.3954644
1717141163.9025872
1717141165.6361632
1717141166.1531248
1717141166.6595511
1717141167.172364
1717141168.9067166
1717141169.4105537
1717141169.9145892
1717141170.4282222
1717141172.1800284
1717141172.6917174
1717141173.2088127
1717141173.7277799
1717141175.4409647
1717141175.9540393
1717141176.4563465
1717141176.969987
1717141178.6854105
1717141179.1900818
1717141179.6941473
1717141180.2054048
1717141180.7186189
1717141182.4407804
1717141182.9505372
1717141183.4673913
1717141183.9729292
1717141185.6866536
1717141186.1939626
1717141186.6976478
1717141187.2112975
1717141188.9480467
1717141189.4499178
1717141189.955831
1717141190.4709792
1717141192.1871605
1717141192.699584
1717141193.2159817
1717141193.7217488
1717141195.4349244
1717141195.9484842
1717141196.450739
1717141196.9612002
1717141198.7156034
1717141199.2460015
1717141199.7564123
1717141200.2692716
1717141201.9067352
1717141202.4107018
1717141202.9150295
1717141203.4312544
1717141205.1405382
1717141205.658611
1717141206.1683288
1717141206.673097
1717141208.3911486
1717141208.9027548
1717141209.4097645
1717141209.9156213
1717141211.6247427
1717141212.1322012
1717141212.6363575
1717141213.1449966
1717141214.8492582
1717141215.3525898
1717141215.8617468
1717141216.3725426
1717141216.884344
1717141218.58319
1717141219.0944142
1717141219.6069982
1717141220.1197052
1717141221.844248
1717141222.3466647
1717141222.8481348
1717141223.3704243
1717141225.0925977
1717141225.596392
1717141226.1080008
1717141226.624434
1717141228.3308215
1717141228.841593
1717141229.345198
1717141229.8487456
1717141231.5238707
1717141232.0426075
1717141232.5448797
1717141233.0506563
1717141234.8342648
1717141235.3367512
1717141235.839872
1717141236.3506143
1717141238.0532358
1717141238.5711997
1717141239.0791087
1717141239.5834517
1717141241.2786205
1717141241.7884827
1717141242.2922397
1717141242.7934525
1717141244.4688208
1717141244.9788883
1717141245.4812627
1717141245.9851294
1717141247.6674411
1717141248.176016
1717141248.6801643
1717141249.188724
1717141249.7062747
1717141251.4067252
1717141251.9212441
1717141252.4243383
1717141252.9306114
1717141254.643597
1717141255.154137
1717141255.6550741
1717141256.1642027
1717141257.870553
1717141258.380085
1717141258.8844492
1717141259.3968492
1717141261.0843842
1717141261.5873928
1717141262.090616
1717141262.6019368
1717141264.2800817
1717141264.7819335
1717141265.2918725
1717141265.8086457
1717141267.5275004
1717141268.0442212
1717141268.5653782
1717141269.0823045
1717141270.7725992
1717141271.2778156
1717141271.7805998
1717141272.295485
1717141273.999362
1717141274.5022817
1717141275.008332
1717141275.519662
1717141277.2297013
1717141277.753516
1717141278.2705717
1717141278.7872996
1717141280.5287268
1717141281.037392
1717141281.5391936
1717141282.0506108
1717141283.7404926
1717141284.2462
1717141284.7483964
1717141285.2594008
1717141285.7708592
1717141287.5301638
1717141288.0469465
1717141288.5640721
1717141289.0881946
1717141290.7129836
1717141291.222028
1717141291.7267992
1717141292.2420812
1717141293.9486704
1717141294.4532661
1717141294.958646
1717141295.4753275
1717141297.1898875
1717141297.692555
1717141298.2022178
1717141298.7238317
1717141300.4797094
1717141300.9959805
1717141301.5110393
1717141302.0265293
1717141303.772767
1717141304.2788131
1717141304.7823915
1717141305.3027897
1717141307.0268285
1717141307.5313005
1717141308.0401757
1717141308.5470283
1717141310.2663186
1717141310.7941716
1717141311.3038912
1717141311.8073518
1717141313.5214627
1717141314.0362358
1717141314.5391555
1717141315.0446875
1717141316.7551537
1717141317.2645047
1717141317.7696023
1717141318.2812827
1717141318.7993696
1717141320.5334067
1717141321.050199
1717141321.56839
1717141322.0846932
1717141323.80849
1717141324.3154962
1717141324.818978
1717141325.334774
1717141327.0492735
1717141327.552139
1717141328.057927
1717141328.574034
1717141330.3092375
1717141330.7992313
1717141331.2972283
1717141331.7994359
1717141333.5280914
1717141334.0287557
1717141334.5290842
1717141335.03085
1717141336.7031589
1717141337.1963756
1717141337.6865797
1717141338.1861556
1717141339.8017845
1717141340.2957265
1717141340.7842467
1717141341.2821057
