1717109112.5324101
1717109112.5373576
1717109112.548849
1717109112.5548759
1717109112.564126
1717109112.5712204
1717109112.5777323
1717109112.6028423
1717109112.6088138
1717109112.6213486
1717109112.6290085
1717109112.6415243
1717109112.648079
1717109112.6535072
1717109112.664984
1717109112.67708
1717109112.6918507
1717109112.7017107
1717109112.7198226
1717109112.7286067
1717109112.735216
1717109112.7461941
1717109112.7684736
1717109112.7845998
1717109112.7895784
1717109112.7994118
1717109112.813713
1717109112.822566
1717109112.8280308
1717109112.8466737
1717109112.8702216
1717109112.8912613
1717109112.898917
1717109112.907175
1717109112.9170682
1717109112.9263947
1717109112.9329813
1717109112.9423392
1717109112.9527092
1717109112.959317
1717109112.9664626
1717109112.9834986
1717109112.993936
1717109113.0076854
1717109113.0268748
1717109113.0323527
1717109113.038948
1717109113.0488427
1717109113.0614908
1717109113.0686674
1717109113.0741246
1717109113.0906093
1717109113.1092684
1717109113.117319
1717109113.1249847
1717109113.1373334
1717109113.1513944
1717109113.1807961
1717109113.192522
1717109113.199668
1717109113.2193606
1717109113.230097
1717109113.2407074
1717109113.2477703
1717109113.2542357
1717109113.2677212
1717109113.280047
1717109113.291903
1717109113.3088233
1717109113.3218074
1717109113.3324425
1717109113.3478923
1717109113.3631637
1717109113.37782
1717109113.3937428
1717109113.407158
1717109113.414796
1717109113.4235892
1717109113.4288716
1717109113.4477665
1717109113.462308
1717109113.4705064
1717109113.4820418
1717109113.502115
1717109113.5079024
1717109113.5168934
1717109113.5253768
1717109113.5312064
1717109113.550719
1717109113.5680635
1717109113.5743866
1717109113.5822947
1717109113.5954585
1717109113.624976
1717109113.635514
1717109113.6566143
1717109113.6630077
1717109115.0933933
1717109115.131152
1717109115.1432219
1717109115.1536922
1717109115.163095
1717109115.1782715
1717109115.1845288
1717109115.1902418
1717109115.2095842
1717109115.225839
1717109115.2388098
1717109115.2570007
1717109115.2919698
1717109115.3092117
1717109115.3336365
1717109115.3394127
1717109115.3702626
1717109115.3828607
1717109115.3887002
1717109115.4000216
1717109115.4183438
1717109115.43506
1717109115.4915726
1717109115.5098183
1717109115.5286126
1717109115.5426562
1717109115.553629
1717109115.5620108
1717109115.5729046
1717109115.5797596
1717109115.5886323
1717109115.597545
1717109115.6325138
1717109115.6465497
1717109115.665899
1717109115.685111
1717109115.7028546
1717109115.7133555
1717109115.7201045
1717109115.735274
1717109115.7467775
1717109115.7566762
1717109115.7807448
1717109115.7953365
1717109115.8015313
1717109115.821363
1717109115.8421743
1717109115.8609254
1717109115.8806813
1717109115.8910878
1717109115.91366
1717109115.9241488
1717109115.9325094
1717109115.954953
1717109115.9659274
1717109115.9863074
1717109116.0065854
1717109116.0285032
1717109116.0655198
1717109116.1041148
1717109116.1125112
1717109116.1192427
1717109116.124487
1717109116.1334057
1717109116.1459534
1717109117.517623
1717109117.5394454
1717109117.5611174
1717109117.589483
1717109117.651944
1717109117.6741552
1717109117.6958897
1717109117.7097573
1717109117.7304037
1717109117.7521057
1717109117.8022087
1717109117.810464
1717109117.8161209
1717109117.8362765
1717109117.8666897
1717109117.891533
1717109117.9240701
1717109117.9323556
1717109117.978411
1717109118.0089877
1717109118.0343187
1717109118.0514033
1717109118.0637875
1717109118.1209033
1717109118.142644
1717109118.1876423
1717109118.2552462
1717109118.2671587
1717109118.2790115
1717109118.2949893
1717109118.3109329
1717109118.3408859
1717109118.3630881
1717109118.3795393
1717109118.3909676
1717109118.4120839
1717109118.423981
1717109118.458489
1717109118.4657416
1717109118.48433
1717109118.5109763
1717109120.0213106
1717109120.0452647
1717109120.1220877
1717109120.1430578
1717109120.181891
1717109120.247846
1717109120.306013
1717109120.378057
1717109120.506625
1717109120.551019
1717109120.6588187
1717109120.6900623
1717109120.7053368
1717109120.7908945
1717109120.8358862
1717109120.877185
1717109120.9080112
1717109120.9701626
1717109122.4926968
1717109122.603616
1717109122.728153
1717109122.849013
1717109123.0398676
1717109123.2157412
1717109123.3550162
1717109124.8630595
1717109124.9686878
1717109125.078872
1717109125.298985
1717109125.5063674
1717109125.6294527
1717109125.8161912
1717109127.3522792
1717109127.6080074
1717109127.8052807
1717109128.0210767
1717109128.2180293
1717109129.8574877
1717109130.1349092
1717109130.345224
1717109130.5716395
1717109132.2117639
1717109132.4814212
1717109132.7540185
1717109133.0248427
1717109134.7290084
1717109135.0016806
1717109135.274494
1717109135.5456603
1717109135.8183486
1717109137.4761267
1717109137.7468066
1717109138.0270388
1717109138.2985525
1717109139.86956
1717109140.1416507
1717109140.4194837
1717109140.6902435
1717109142.2832208
1717109142.555703
1717109142.8300169
1717109143.1082857
1717109144.6516433
1717109144.924319
1717109145.2009926
1717109145.4715748
1717109147.0901163
1717109147.3616648
1717109147.631855
1717109147.9240282
1717109149.5158749
1717109149.7875998
1717109150.0745587
1717109150.3537023
1717109152.0159597
1717109152.2894936
1717109152.5687127
1717109152.8412766
1717109154.536381
1717109154.812364
1717109155.091107
1717109155.3662446
1717109157.071509
1717109157.349921
1717109157.6350799
1717109157.9113975
1717109159.5889716
1717109159.872881
1717109160.151317
1717109160.435804
1717109162.1320865
1717109162.4041986
1717109162.675046
1717109162.94688
1717109163.2172956
1717109164.873494
1717109165.1671917
1717109165.442901
1717109165.7134137
1717109167.3040702
1717109167.5777392
1717109167.8517897
1717109168.131846
1717109169.7650936
1717109170.0306823
1717109170.3013685
1717109170.565383
1717109172.2001545
1717109172.4760392
1717109172.7471433
1717109173.0130112
1717109174.6618035
1717109174.929314
1717109175.193733
1717109175.4659667
1717109177.090301
1717109177.3566167
1717109177.6250403
1717109177.8928409
1717109179.4554799
1717109179.7245631
1717109179.999223
1717109180.2787216
1717109181.939249
1717109182.213733
1717109182.4798865
1717109182.751632
1717109184.3945727
1717109184.6599987
1717109184.9338965
1717109185.2033434
1717109186.845007
1717109187.1086006
1717109187.3737357
1717109187.6374128
1717109187.9022303
1717109189.5375147
1717109189.8000963
1717109190.0642426
1717109190.3279548
1717109191.9614067
1717109192.22588
1717109192.4891212
1717109192.753605
1717109194.395889
1717109194.6604679
1717109194.9319696
1717109195.207807
1717109196.8478432
1717109197.1114936
1717109197.376042
1717109197.639539
1717109199.2710588
1717109199.5417345
1717109199.8060043
1717109200.072743
1717109201.7241874
1717109201.989519
1717109202.2622404
1717109202.5365033
1717109204.1905937
1717109204.457092
1717109204.7301655
1717109204.9974768
1717109206.6649296
1717109206.9335606
1717109207.2179992
1717109207.4823935
1717109209.1103194
1717109209.3903048
1717109209.6570933
1717109209.926119
1717109211.5422468
1717109211.8086662
1717109212.0822027
1717109212.3495207
1717109214.0198
1717109214.2857993
1717109214.5584471
1717109214.8271613
1717109215.096902
1717109216.7239878
1717109217.0080197
1717109217.2749307
1717109217.5409503
1717109219.2146358
1717109219.4803243
1717109219.7475219
1717109220.0151381
1717109221.6887853
1717109221.9601355
1717109222.226897
1717109222.503671
1717109224.1695163
1717109224.4465196
1717109224.7124887
1717109224.9915783
1717109226.658518
1717109226.9252324
1717109227.1975782
1717109227.4641094
1717109229.1275616
1717109229.3942103
1717109229.6619377
1717109229.9294264
1717109231.6071596
1717109231.8802586
1717109232.1466832
1717109232.4145086
1717109234.0464315
1717109234.3229256
1717109234.5888517
1717109234.8571122
1717109236.506558
1717109236.7728815
1717109237.040823
1717109237.3070114
1717109238.9562602
1717109239.2373059
1717109239.5162506
1717109239.7918074
1717109240.0599527
1717109241.7145765
1717109241.9808137
1717109242.2566714
1717109242.522242
1717109244.1716378
1717109244.4386668
1717109244.7061756
1717109244.9742143
1717109246.5789795
1717109246.8508568
1717109247.1352358
1717109247.4138455
1717109249.1016033
1717109249.3735986
1717109249.6480772
1717109249.9229422
1717109251.6144679
1717109251.887487
1717109252.1665976
1717109252.4442158
1717109254.0988984
1717109254.37637
1717109254.6547563
1717109254.929162
1717109256.5472124
1717109256.817128
1717109257.0826972
1717109257.3497705
1717109259.0239632
1717109259.2876241
1717109259.55636
1717109259.8204217
1717109261.4168968
1717109261.6867366
1717109261.9748662
1717109262.2567527
1717109263.9071345
1717109264.1882389
1717109264.4659321
1717109264.7493274
1717109265.036518
1717109266.679304
1717109266.951061
1717109267.246581
1717109267.5235074
1717109269.2322662
1717109269.5090008
1717109269.7875168
1717109270.0689363
1717109271.7270794
1717109272.0042095
1717109272.2873363
1717109272.559837
1717109274.1231847
1717109274.3946629
1717109274.672607
1717109274.9469986
1717109276.5615296
1717109276.8332312
1717109277.1060045
1717109277.3774443
1717109279.0150034
1717109279.2860825
1717109279.5515149
1717109279.8182344
1717109281.4911935
1717109281.7569907
1717109282.0221775
1717109282.2886019
1717109283.933596
1717109284.1993945
1717109284.4665916
1717109284.7323244
1717109286.4184384
1717109286.690367
1717109286.9771793
1717109287.2530763
1717109288.9035692
1717109289.170931
1717109289.4367657
1717109289.7035935
1717109291.2765877
1717109291.5420187
1717109291.8085816
1717109292.0739377
1717109292.340808
1717109294.0099876
1717109294.2796297
1717109294.5430362
1717109294.8125842
1717109296.4448056
1717109296.7079694
1717109296.971815
1717109297.2355044
1717109298.81294
1717109299.081777
1717109299.3567872
1717109299.6198463
1717109301.3036058
1717109301.5716505
1717109301.833008
1717109302.0955753
1717109303.6897655
1717109303.956266
1717109304.2295578
1717109304.4919653
1717109306.146392
1717109306.4141815
1717109306.6752493
1717109306.9377365
1717109308.600009
1717109308.8683674
1717109309.136587
1717109309.4187164
1717109311.0962243
1717109311.365084
1717109311.630391
1717109311.8943303
1717109313.4629452
1717109313.7326844
1717109313.9966311
1717109314.2622335
1717109315.9321022
1717109316.2103662
1717109316.4781988
1717109316.7435992
1717109317.0086832
1717109318.6492662
1717109318.9204097
1717109319.1817472
1717109319.449195
1717109321.1078107
1717109321.378662
1717109321.639997
1717109321.9027216
1717109323.5527997
1717109323.8388627
1717109324.1015396
1717109324.3628767
1717109325.9701767
1717109326.2412398
1717109326.5050304
1717109326.7674465
1717109328.3559787
1717109328.6172218
1717109328.8799362
1717109329.1413782
1717109330.7864864
1717109331.0737584
1717109331.34687
1717109331.6082525
1717109333.2632616
1717109333.53481
1717109333.8034909
1717109334.0654812
1717109335.7191336
1717109335.9901505
1717109336.2672684
1717109336.5340745
1717109338.1351624
1717109338.3962004
1717109338.659268
1717109338.9210362
1717109340.6273785
1717109340.891481
1717109341.158744
1717109341.4221718
1717109343.052559
1717109343.3300986
1717109343.5926836
1717109343.8570862
1717109344.1211736
1717109345.7319143
1717109346.0099497
1717109346.2857409
1717109346.5562048
1717109348.1290388
1717109348.395652
1717109348.6697888
1717109348.944148
1717109350.5456817
1717109350.8114717
1717109351.0807252
1717109351.3463647
1717109353.0265117
1717109353.2940629
1717109353.5608344
1717109353.8287053
1717109355.4833884
1717109355.749851
1717109356.0186667
1717109356.2861378
1717109357.8498738
1717109358.1169648
1717109358.3846874
1717109358.6511657
1717109360.3707738
1717109360.6397045
1717109360.9065397
1717109361.1746702
1717109362.803275
1717109363.0701525
1717109363.3359046
1717109363.6028752
1717109365.176221
1717109365.4627755
1717109365.7482
1717109366.0279202
1717109367.602162
1717109367.8970957
1717109368.1678076
1717109368.4465759
1717109368.7106886
1717109370.4264212
1717109370.689727
1717109370.9646776
1717109371.2353442
1717109372.7985408
1717109373.0688841
1717109373.3344204
1717109373.6116643
1717109375.2704377
1717109375.5379162
1717109375.807925
1717109376.0744846
1717109377.6981587
1717109377.9621224
1717109378.2276838
1717109378.4920802
1717109380.176165
1717109380.4512691
1717109380.7153878
1717109380.9868982
1717109382.5722888
1717109382.83532
1717109383.100543
1717109383.3682816
1717109385.0110247
1717109385.2806077
1717109385.5540483
1717109385.8186414
1717109387.4541912
1717109387.7200627
1717109387.9850707
1717109388.2507432
1717109389.8670413
1717109390.1376848
1717109390.416689
1717109390.6802201
1717109392.3704689
1717109392.6332457
1717109392.9069293
1717109393.17221
1717109393.4426432
1717109395.1062615
1717109395.3702915
1717109395.6356032
1717109395.9007015
1717109397.5931864
1717109397.8605242
1717109398.1261928
1717109398.3979857
1717109400.0628705
1717109400.3478713
1717109400.614683
1717109400.8788738
1717109402.5076346
1717109402.775193
1717109403.0381837
1717109403.3083854
1717109404.9584544
1717109405.228283
1717109405.507869
1717109405.7717984
1717109407.329267
1717109407.6059554
1717109407.8706307
1717109408.134822
1717109409.7016041
1717109409.9667587
1717109410.2311304
1717109410.4951603
1717109412.1862779
1717109412.4585845
1717109412.723754
1717109412.9879
1717109414.6396346
1717109414.9049964
1717109415.1689763
1717109415.4428873
1717109417.115289
1717109417.3865027
1717109417.6556916
1717109417.9362156
1717109419.5561957
1717109419.820017
1717109420.0906818
1717109420.3547494
1717109420.619964
1717109422.2815144
1717109422.5526838
1717109422.8171353
1717109423.082833
1717109424.7442112
1717109425.0087245
1717109425.2767267
1717109425.545304
1717109427.2230728
1717109427.4862013
1717109427.7499871
1717109428.0129914
1717109429.7146983
1717109429.9827116
1717109430.2470412
1717109430.5192053
1717109432.193628
1717109432.4672496
1717109432.7395096
1717109433.0100641
1717109434.6785026
1717109434.949602
1717109435.2294254
1717109435.500918
1717109437.138747
1717109437.4038434
1717109437.6760175
1717109437.9472013
1717109439.5755086
1717109439.8403993
1717109440.1056445
1717109440.3706484
1717109442.0001256
1717109442.2686102
1717109442.541156
1717109442.8155782
1717109444.4767196
1717109444.739951
1717109445.0085895
1717109445.272399
1717109445.5469658
1717109447.2006428
1717109447.4643934
1717109447.7504034
1717109448.0316787
1717109449.7186377
1717109449.997455
1717109450.285748
1717109450.5623212
1717109452.247867
1717109452.5567083
1717109452.8673866
1717109453.1506624
1717109454.838416
1717109455.123539
1717109455.4014535
1717109455.6781633
1717109457.3709848
1717109457.6580431
1717109457.9339564
1717109458.2180457
1717109459.9033575
1717109460.2038474
1717109460.479549
1717109460.7565982
1717109462.4264858
1717109462.7135854
1717109463.0017502
1717109463.2884715
1717109464.9684005
1717109465.2440238
1717109465.5265105
1717109465.8027177
1717109467.4895785
1717109467.764488
1717109468.0473185
1717109468.3226101
1717109469.9394238
1717109470.2146325
1717109470.485475
1717109470.7634716
1717109472.4333901
1717109472.7109168
1717109472.9822216
1717109473.2600775
1717109473.5319405
1717109475.1592488
1717109475.431765
1717109475.7002304
1717109475.9757693
1717109477.5906498
1717109477.86713
1717109478.1336157
1717109478.407256
1717109480.0083914
1717109480.2814305
1717109480.5608392
1717109480.8274236
1717109482.4812133
1717109482.7485104
1717109483.0152586
1717109483.2874877
1717109484.8795326
1717109485.16239
1717109485.437723
1717109485.7145367
1717109487.3028147
1717109487.573684
1717109487.8483639
1717109488.1210504
1717109489.6762266
1717109489.9628868
1717109490.2366178
1717109490.5106814
1717109492.1663978
1717109492.4470932
1717109492.7193856
1717109492.9988008
1717109494.6793509
1717109494.9528155
1717109495.2324307
1717109495.5052395
1717109497.1489813
1717109497.4205918
1717109497.694394
1717109497.9669256
1717109498.2458043
1717109499.8892078
1717109500.1658008
1717109500.4452562
1717109500.7178316
1717109502.295639
1717109502.5693026
1717109502.8496354
1717109503.122903
1717109504.7856922
1717109505.0535383
1717109505.3174844
1717109505.5948822
1717109507.233754
1717109507.5003116
1717109507.772886
1717109508.0441241
1717109509.6902604
1717109509.9634752
1717109510.2395792
1717109510.5176039
1717109512.1233706
1717109512.3965578
1717109512.6631467
1717109512.9313886
1717109514.5627174
1717109514.8285139
1717109515.0988493
1717109515.3651302
1717109517.0297523
1717109517.293215
1717109517.5650263
1717109517.8337932
1717109519.4302077
1717109519.7030547
1717109519.980969
1717109520.253905
1717109521.875293
1717109522.1390061
1717109522.4026842
1717109522.6754751
1717109524.3377814
1717109524.6048446
1717109524.8772001
1717109525.1491225
1717109525.4251378
1717109527.0272136
1717109527.2979383
1717109527.5704963
1717109527.834611
1717109529.4903347
1717109529.7557163
1717109530.0243003
1717109530.2908344
1717109531.9102073
1717109532.1779907
1717109532.4446642
1717109532.7177134
1717109534.446914
1717109534.7216003
1717109534.9947593
1717109535.2598915
1717109536.8840277
1717109537.153762
1717109537.424647
1717109537.692683
1717109539.257959
1717109539.5297174
1717109539.8117058
1717109540.0880587
1717109541.6917205
1717109541.9547389
1717109542.2201629
1717109542.4863007
1717109544.120959
1717109544.3860703
1717109544.6569219
1717109544.9322226
1717109546.4966862
1717109546.7617407
1717109547.025938
1717109547.2965965
1717109548.9091115
1717109549.171814
1717109549.4439251
1717109549.7149923
1717109549.992171
1717109551.5472445
1717109551.830479
1717109552.1077452
1717109552.377744
1717109553.9192295
1717109554.1954932
1717109554.4655204
1717109554.7295113
1717109556.38194
1717109556.6522977
1717109556.9328125
1717109557.2100155
1717109558.7603698
1717109559.031743
1717109559.308551
1717109559.5760937
1717109561.1975894
1717109561.4676518
1717109561.7386274
1717109562.0154157
1717109563.5712771
1717109563.8355258
1717109564.1060405
1717109564.3699718
1717109566.0115345
1717109566.2763019
1717109566.5472896
1717109566.811776
1717109568.4431858
1717109568.7096956
1717109568.9726684
1717109569.243076
1717109570.8551369
1717109571.119947
1717109571.38524
1717109571.653293
1717109573.2576332
1717109573.5267134
1717109573.797212
1717109574.0729907
1717109574.3582032
1717109575.9764373
1717109576.2547624
1717109576.5283804
1717109576.7943225
1717109578.4349713
1717109578.7082
1717109578.9916918
1717109579.262108
1717109580.908823
1717109581.1743686
1717109581.4382572
1717109581.708811
1717109583.3658729
1717109583.6330023
1717109583.9100692
1717109584.180136
1717109585.7557971
1717109586.0304148
1717109586.312734
1717109586.5853
1717109588.266357
1717109588.5328832
1717109588.8041453
1717109589.08122
1717109590.6448107
1717109590.9342802
1717109591.199946
1717109591.4644542
1717109593.0715387
1717109593.3366437
1717109593.6002667
1717109593.8652833
1717109595.4469843
1717109595.7155855
1717109595.9872463
1717109596.256636
1717109597.8796983
1717109598.1434875
1717109598.4143596
1717109598.6831763
1717109600.2842093
1717109600.5503345
1717109600.8208392
1717109601.0956583
1717109601.3668208
1717109603.048008
1717109603.319978
1717109603.5898976
1717109603.8534932
1717109605.4852488
1717109605.755533
1717109606.026729
1717109606.3030176
1717109607.889918
1717109608.15351
1717109608.4241517
1717109608.691916
1717109610.3089428
1717109610.5793984
1717109610.8501334
1717109611.1271253
1717109612.7368321
1717109613.0085413
1717109613.279633
1717109613.5571787
1717109615.1758094
1717109615.4482322
1717109615.727107
1717109616.008009
1717109617.6702445
1717109617.9571114
1717109618.2432272
1717109618.5185938
1717109620.1639643
1717109620.445829
1717109620.7216902
1717109621.0007102
1717109622.6389925
1717109622.9161708
1717109623.1923656
1717109623.469671
1717109625.0874996
1717109625.3633757
1717109625.6465874
1717109625.9245737
1717109626.1964636
1717109627.8090124
1717109628.0740013
1717109628.3382425
1717109628.609186
1717109630.2477002
1717109630.512214
1717109630.78383
1717109631.057023
1717109632.6871412
1717109632.9600518
1717109633.231537
1717109633.5038946
1717109635.1464489
1717109635.4190726
1717109635.6859949
1717109635.952718
1717109637.5499284
1717109637.8139315
1717109638.079087
1717109638.3429863
1717109639.9609811
1717109640.235347
1717109640.4994104
1717109640.7734537
1717109642.381451
1717109642.6454287
1717109642.9163935
1717109643.1807327
1717109644.8922157
1717109645.1701937
1717109645.4392695
1717109645.7035942
1717109647.2913716
1717109647.583277
1717109647.8474064
1717109648.1129556
1717109649.7782278
1717109650.0439215
1717109650.3079402
1717109650.578474
1717109652.2040071
1717109652.4667935
1717109652.740045
1717109653.0091429
1717109653.280144
1717109654.8776057
1717109655.144851
1717109655.415834
1717109655.6824539
1717109657.268623
1717109657.538578
1717109657.809821
1717109658.0862308
1717109659.7569578
1717109660.0289965
1717109660.295388
1717109660.5606563
1717109662.181828
1717109662.4512167
1717109662.7173095
1717109662.9829447
1717109664.5965972
1717109664.8620903
1717109665.1387596
1717109665.404482
1717109667.032294
1717109667.2991507
1717109667.564919
1717109667.8313508
1717109669.4292152
1717109669.6948261
1717109670.0008173
1717109670.2695572
1717109671.876916
1717109672.147852
1717109672.4208684
1717109672.7028716
1717109674.3347583
1717109674.6005287
1717109674.871752
1717109675.1625993
1717109676.7312648
1717109677.0031888
1717109677.2941523
1717109677.5873494
1717109677.8746493
