1717108089.6534941
1717108089.6707547
1717108089.6799395
1717108089.6852908
1717108089.7035522
1717108089.7148128
1717108089.7416532
1717108089.7529707
1717108089.7653282
1717108089.778193
1717108089.787016
1717108089.7955484
1717108089.804235
1717108089.8166747
1717108089.8279865
1717108089.835009
1717108089.8489773
1717108089.8635154
1717108089.8753996
1717108089.8845043
1717108089.9012392
1717108089.9076743
1717108089.9393685
1717108089.9620304
1717108089.9743917
1717108089.9911501
1717108089.9986885
1717108090.0190582
1717108090.0308886
1717108090.0422044
1717108090.0507965
1717108090.0604868
1717108090.1016026
1717108090.1134021
1717108090.1293774
1717108090.1385474
1717108090.1762
1717108090.1842644
1717108090.1988623
1717108090.2063954
1717108090.226352
1717108090.2333167
1717108090.2505963
1717108090.258073
1717108090.264048
1717108090.2860723
1717108090.2968512
1717108090.304921
1717108090.3151746
1717108090.334556
1717108090.3593607
1717108090.3733034
1717108090.3840706
1717108090.405
1717108090.4120572
1717108090.4211946
1717108090.4297721
1717108090.4421763
1717108090.4491982
1717108090.4594193
1717108090.4664056
1717108090.480961
1717108090.4986923
1717108090.505173
1717108090.5159705
1717108090.5240195
1717108090.5401566
1717108090.5476675
1717108090.5568206
1717108090.5638251
1717108090.5751414
1717108090.5827289
1717108090.588101
1717108090.5999522
1717108090.6080756
1717108090.6253312
1717108090.6472402
1717108090.654198
1717108090.6628416
1717108090.6693358
1717108090.676392
1717108090.6833193
1717108090.69687
1717108090.710857
1717108090.71892
1717108090.7414804
1717108090.7538073
1717108092.2301948
1717108092.2420003
1717108092.2510881
1717108092.2622426
1717108092.3522253
1717108092.3796222
1717108092.4020143
1717108092.4228861
1717108092.4314635
1717108092.449069
1717108092.4549472
1717108092.4741886
1717108092.481201
1717108092.5079267
1717108092.5175786
1717108092.5297837
1717108092.5399728
1717108092.5474744
1717108092.5795262
1717108092.590184
1717108092.5960793
1717108092.6089485
1717108092.6212676
1717108092.6405697
1717108092.6464262
1717108092.656592
1717108092.66462
1717108092.675307
1717108092.6918986
1717108092.7097454
1717108092.7176092
1717108092.741841
1717108092.7477329
1717108092.7551887
1717108092.7664535
1717108092.7984967
1717108092.817674
1717108092.8337684
1717108092.8418338
1717108092.852558
1717108092.8767126
1717108092.8848925
1717108092.9020712
1717108092.920282
1717108092.9455914
1717108092.9542475
1717108092.9660645
1717108092.9714303
1717108093.000011
1717108093.022573
1717108093.080618
1717108093.0950682
1717108093.104693
1717108093.1100843
1717108093.1309695
1717108093.1433215
1717108093.1524987
1717108093.165396
1717108093.1707902
1717108093.1848133
1717108093.222405
1717108093.2584229
1717108093.276716
1717108093.3277614
1717108094.6854713
1717108094.74837
1717108094.7685602
1717108094.781895
1717108094.7959297
1717108094.826672
1717108094.8881068
1717108094.9036381
1717108094.9213336
1717108094.958035
1717108094.9682906
1717108094.997431
1717108095.0454085
1717108095.0754733
1717108095.0855987
1717108095.1004956
1717108095.1070762
1717108095.1310291
1717108095.1458359
1717108095.1539757
1717108095.186253
1717108095.2081313
1717108095.220855
1717108095.2330995
1717108095.2800522
1717108095.29535
1717108095.3045883
1717108095.3746395
1717108095.386374
1717108095.40979
1717108095.4592326
1717108095.4929988
1717108095.541485
1717108095.5675192
1717108095.578138
1717108095.5884364
1717108095.6059453
1717108095.621323
1717108095.6621208
1717108095.6797962
1717108095.6946237
1717108095.706395
1717108097.1719286
1717108097.1849217
1717108097.1970296
1717108097.253865
1717108097.297636
1717108097.4103212
1717108097.501764
1717108097.5662885
1717108097.592416
1717108097.6734037
1717108097.765928
1717108097.782543
1717108097.8626661
1717108097.9566202
1717108097.9762712
1717108097.9969592
1717108098.0708625
1717108098.1456757
1717108098.184531
1717108099.7015283
1717108099.8779752
1717108099.9683151
1717108100.1682556
1717108100.27869
1717108100.3723855
1717108100.4868352
1717108100.560739
1717108102.0744748
1717108102.2895885
1717108102.4964278
1717108102.6193423
1717108102.8821118
1717108104.421131
1717108104.671704
1717108104.9000072
1717108105.1512344
1717108105.314511
1717108106.880549
1717108107.135985
1717108107.3896983
1717108107.6157618
1717108109.1775873
1717108109.4362519
1717108109.6889327
1717108109.9631095
1717108111.5161784
1717108111.776492
1717108112.0305126
1717108112.2868896
1717108113.835422
1717108114.0897212
1717108114.3429706
1717108114.6058903
1717108116.1231794
1717108116.3777802
1717108116.632228
1717108116.8997517
1717108118.4561317
1717108118.709222
1717108118.9676995
1717108119.2442575
1717108119.5156665
1717108121.1253724
1717108121.380807
1717108121.6352062
1717108121.890942
1717108123.4138103
1717108123.668703
1717108123.9241793
1717108124.1841085
1717108125.7230227
1717108125.995861
1717108126.271672
1717108126.5257347
1717108128.0227492
1717108128.2844648
1717108128.538732
1717108128.8020592
1717108130.3038619
1717108130.5577974
1717108130.8225715
1717108131.076502
1717108132.7098382
1717108132.9674416
1717108133.2190557
1717108133.4757383
1717108135.0648448
1717108135.3173096
1717108135.5754933
1717108135.8293216
1717108137.3326871
1717108137.585795
1717108137.8375676
1717108138.0952375
1717108139.6964304
1717108139.951142
1717108140.2143927
1717108140.4683578
1717108141.982563
1717108142.2517695
1717108142.505715
1717108142.761227
1717108143.015136
1717108144.5437474
1717108144.7990363
1717108145.0531735
1717108145.308928
1717108146.9116497
1717108147.1746893
1717108147.4446762
1717108147.7171407
1717108149.303239
1717108149.5592265
1717108149.816008
1717108150.0713456
1717108151.618723
1717108151.8736837
1717108152.1298294
1717108152.3838525
1717108153.942608
1717108154.2065425
1717108154.463009
1717108154.7206821
1717108156.393993
1717108156.6655
1717108156.93607
1717108157.2030046
1717108158.7926428
1717108159.0590773
1717108159.3206172
1717108159.5873227
1717108161.1961312
1717108161.4571183
1717108161.724503
1717108161.9870975
1717108163.577612
1717108163.8393743
1717108164.1060777
1717108164.3678527
1717108165.9455743
1717108166.2082086
1717108166.4736261
1717108166.7417464
1717108167.002837
1717108168.6610253
1717108168.9276643
1717108169.1890247
1717108169.455698
1717108171.0563607
1717108171.3185084
1717108171.6016314
1717108171.8721476
1717108173.5143268
1717108173.777384
1717108174.0415447
1717108174.3037252
1717108175.9471352
1717108176.2174726
1717108176.47981
1717108176.7500734
1717108178.3567944
1717108178.620959
1717108178.8850832
1717108179.1479182
1717108180.7773402
1717108181.0490532
1717108181.3215332
1717108181.5899453
1717108183.2129726
1717108183.4864674
1717108183.7516582
1717108184.0263476
1717108185.691296
1717108185.9626431
1717108186.2243435
1717108186.4845443
1717108188.1608863
1717108188.4222271
1717108188.6851263
1717108188.946559
1717108190.5845606
1717108190.8466048
1717108191.1062655
1717108191.3674061
1717108193.0096512
1717108193.2688227
1717108193.5383737
1717108193.8033354
1717108194.082783
1717108195.725636
1717108195.9889736
1717108196.250722
1717108196.5136855
1717108198.206342
1717108198.4681118
1717108198.7319148
1717108198.9938662
1717108200.6817157
1717108200.9458535
1717108201.2123175
1717108201.4745033
1717108203.085863
1717108203.3479857
1717108203.6101925
1717108203.8734007
1717108205.5024536
1717108205.763422
1717108206.0279782
1717108206.289732
1717108207.9000628
1717108208.1624672
1717108208.4260528
1717108208.6946325
1717108210.289325
1717108210.5516844
1717108210.8168192
1717108211.0861363
1717108212.7894347
1717108213.050071
1717108213.3115299
1717108213.5723014
1717108215.2607372
1717108215.521826
1717108215.7892756
1717108216.0517128
1717108217.7091572
1717108217.9707415
1717108218.2312124
1717108218.4980953
1717108218.758441
1717108220.441209
1717108220.7016385
1717108220.9659634
1717108221.2271051
1717108222.81137
1717108223.0738478
1717108223.334904
1717108223.6021693
1717108225.1898234
1717108225.450533
1717108225.7173593
1717108225.980084
1717108227.6153383
1717108227.8775413
1717108228.1385086
1717108228.4058795
1717108229.9980862
1717108230.258821
1717108230.526223
1717108230.7870543
1717108232.35697
1717108232.6299622
1717108232.8905315
1717108233.157564
1717108234.7316437
1717108234.9954236
1717108235.257944
1717108235.5193346
1717108237.0887535
1717108237.3490179
1717108237.6097782
1717108237.8754709
1717108239.5200949
1717108239.7879376
1717108240.0495927
1717108240.3164709
1717108241.8880308
1717108242.1490457
1717108242.4117658
1717108242.673017
1717108244.300905
1717108244.5684674
1717108244.8357995
1717108245.0970333
1717108245.3580365
1717108247.012015
1717108247.2732828
1717108247.5358315
1717108247.7975516
1717108249.3356454
1717108249.6022444
1717108249.8754761
1717108250.1549714
1717108251.6677015
1717108251.9317317
1717108252.1925535
1717108252.4542978
1717108254.0251606
1717108254.2857888
1717108254.5531027
1717108254.814844
1717108256.3278875
1717108256.5898995
1717108256.8522303
1717108257.1183543
1717108258.6544473
1717108258.9151297
1717108259.177603
1717108259.439066
1717108261.0112455
1717108261.2735994
1717108261.5346687
1717108261.7968688
1717108263.3125718
1717108263.5727406
1717108263.8510725
1717108264.1144187
1717108265.6929674
1717108265.9558818
1717108266.216322
1717108266.478344
1717108268.0977812
1717108268.358584
1717108268.6209185
1717108268.8819866
1717108269.167222
1717108270.6977785
1717108270.962779
1717108271.2241702
1717108271.4852462
1717108273.0325682
1717108273.2992022
1717108273.561717
1717108273.8296165
1717108275.4694514
1717108275.730983
1717108275.9929466
1717108276.2607086
1717108277.8297718
1717108278.0945175
1717108278.3616416
1717108278.622581
1717108280.2511823
1717108280.518721
1717108280.779217
1717108281.0485973
1717108282.662434
1717108282.920677
1717108283.180761
1717108283.4394963
1717108284.9262416
1717108285.186422
1717108285.4489012
1717108285.7090392
1717108287.278839
1717108287.5375423
1717108287.8033228
1717108288.0735807
1717108289.5943089
1717108289.8654165
1717108290.1256425
1717108290.3919208
1717108291.9374602
1717108292.1961017
1717108292.4634
1717108292.7222497
1717108294.2918143
1717108294.552983
1717108294.8183515
1717108295.0845299
1717108295.3443217
1717108296.9168477
1717108297.1886306
1717108297.4512212
1717108297.712206
1717108299.230946
1717108299.4911313
1717108299.7570636
1717108300.0177705
1717108301.5285711
1717108301.7947638
1717108302.0596197
1717108302.3371537
1717108303.8323617
1717108304.1141498
1717108304.3917572
1717108304.6632574
1717108306.2074716
1717108306.4929936
1717108306.7639146
1717108307.0360289
1717108308.6155617
1717108308.8855205
1717108309.1635518
1717108309.4416978
1717108311.0450013
1717108311.3223498
1717108311.5931492
1717108311.865083
1717108313.4350076
1717108313.706261
1717108313.9826922
1717108314.253882
1717108315.8648694
1717108316.1360085
1717108316.4132953
1717108316.6843534
1717108318.2456927
1717108318.5225236
1717108318.792757
1717108319.0690503
1717108319.339626
1717108321.020149
1717108321.292142
1717108321.5626574
1717108321.8406296
1717108323.365183
1717108323.636041
1717108323.9081955
1717108324.1926196
1717108325.7610452
1717108326.0369308
1717108326.3189056
1717108326.5902493
1717108328.1531565
1717108328.430256
1717108328.7013824
1717108328.9790027
1717108330.529959
1717108330.8016677
1717108331.0759323
1717108331.346727
1717108332.9065008
1717108333.1782384
1717108333.4491496
1717108333.7212842
1717108335.2947204
1717108335.564656
1717108335.8380613
1717108336.1079762
1717108337.690583
1717108337.9678438
1717108338.2388017
1717108338.5155966
1717108340.1478019
1717108340.4256446
1717108340.6966848
1717108340.9710152
1717108342.5246227
1717108342.795756
1717108343.0736086
1717108343.344759
1717108343.6166935
1717108345.1786902
1717108345.4500477
1717108345.7334123
1717108346.006795
1717108347.5194995
1717108347.7965777
1717108348.0708294
1717108348.3481855
1717108349.9004169
1717108350.1718092
1717108350.449927
1717108350.7212372
1717108352.2739289
1717108352.5464182
1717108352.8180423
1717108353.0958354
1717108354.6760328
1717108354.9482274
1717108355.2256591
1717108355.4964619
1717108357.1564496
1717108357.4270513
1717108357.7045002
1717108357.9756954
1717108359.6241758
1717108359.9034996
1717108360.1976044
1717108360.4982262
1717108362.044502
1717108362.3179321
1717108362.5851665
1717108362.8585572
1717108364.395152
1717108364.662622
1717108364.9484274
1717108365.2198625
1717108366.7941713
1717108367.0670092
1717108367.3384306
1717108367.6110415
1717108369.2382483
1717108369.5083852
1717108369.785009
1717108370.0578852
1717108370.3344333
1717108371.912868
1717108372.183347
1717108372.461014
1717108372.7322218
1717108374.375228
1717108374.6464913
1717108374.9205248
1717108375.1805634
1717108376.7586865
1717108377.0194838
1717108377.2797668
1717108377.546868
1717108379.1818516
1717108379.452211
1717108379.7252176
1717108380.0136719
1717108381.7252886
1717108381.993688
1717108382.2674403
1717108382.5360618
1717108384.1641495
1717108384.4437306
1717108384.717261
1717108385.0051746
1717108386.5553806
1717108386.8245528
1717108387.09954
1717108387.37233
1717108388.917842
1717108389.1859417
1717108389.4592173
1717108389.7272544
1717108391.3354197
1717108391.609213
1717108391.8766813
1717108392.1456068
1717108393.8093333
1717108394.0774937
1717108394.3471446
1717108394.615453
1717108394.9002779
1717108396.5284216
1717108396.7896667
1717108397.0497406
1717108397.3204253
1717108398.8597314
1717108399.1194212
1717108399.388226
1717108399.6539397
1717108401.2650619
1717108401.532196
1717108401.8122187
1717108402.078676
1717108403.601009
1717108403.8662283
1717108404.1334076
1717108404.3964605
1717108406.0027132
1717108406.2767835
1717108406.5351472
1717108406.7960236
1717108408.4466763
1717108408.7064166
1717108408.9676054
1717108409.2273536
1717108410.773249
1717108411.041916
1717108411.3112018
1717108411.594588
1717108413.2122352
1717108413.4829435
1717108413.749531
1717108414.0162969
1717108415.538824
1717108415.8054674
1717108416.0760407
1717108416.3430943
1717108417.8516386
1717108418.1101623
1717108418.377606
1717108418.6420245
1717108420.2716358
1717108420.5299048
1717108420.7902973
1717108421.0534246
1717108421.314027
1717108422.880045
1717108423.145939
1717108423.4148583
1717108423.6776285
1717108425.254745
1717108425.530357
1717108425.7960358
1717108426.0799234
1717108427.7136333
1717108427.9861138
1717108428.2596307
1717108428.5319076
1717108430.1459126
1717108430.4129646
1717108430.6733806
1717108430.9349253
1717108432.584189
1717108432.8705165
1717108433.1434746
1717108433.4176958
1717108435.0397005
1717108435.3123362
1717108435.5869803
1717108435.8613377
1717108437.5461097
1717108437.818517
1717108438.092669
1717108438.365344
1717108440.0172462
1717108440.2899332
1717108440.5650408
1717108440.838221
1717108442.360241
1717108442.620516
1717108442.8808858
1717108443.1405365
1717108444.7460313
1717108445.035174
1717108445.3049023
1717108445.5864642
1717108445.855781
1717108447.5427933
1717108447.804224
1717108448.0729373
1717108448.335213
1717108449.885289
1717108450.1615474
1717108450.4360178
1717108450.7048268
1717108452.2601883
1717108452.521754
1717108452.795977
1717108453.0583405
1717108454.692919
1717108454.9561431
1717108455.2257226
1717108455.4928453
1717108457.0449681
1717108457.3197172
1717108457.5848665
1717108457.8676944
1717108459.4590745
1717108459.7220988
1717108459.9860225
1717108460.24776
1717108461.8465066
1717108462.1201417
1717108462.3934422
1717108462.6718616
1717108464.3187015
1717108464.5922916
1717108464.8622458
1717108465.1367576
1717108466.7077937
1717108466.98148
1717108467.2588208
1717108467.529977
1717108469.1324959
1717108469.4097059
1717108469.6807585
1717108469.965564
1717108470.2368546
1717108471.8055024
1717108472.0777726
1717108472.3486736
1717108472.6206799
1717108474.2652588
1717108474.537668
1717108474.8159654
1717108475.0887158
1717108476.673839
1717108476.944304
1717108477.2170036
1717108477.4884539
1717108479.1459613
1717108479.4193013
1717108479.6946344
1717108479.9663603
1717108481.5706017
1717108481.847602
1717108482.1186452
1717108482.397359
1717108484.0457196
1717108484.3216279
1717108484.609676
1717108484.8831067
1717108486.4933026
1717108486.7644215
1717108487.0461025
1717108487.316938
1717108488.9002938
1717108489.1777804
1717108489.4485328
1717108489.720658
1717108491.3289392
1717108491.6001732
1717108491.8723953
1717108492.1436355
1717108493.6918318
1717108493.962833
1717108494.2334673
1717108494.511159
1717108496.130444
1717108496.4020774
1717108496.6730654
1717108496.9454503
1717108497.226978
1717108498.8347316
1717108499.1076164
1717108499.3795114
1717108499.6463778
1717108501.204438
1717108501.4655588
1717108501.744348
1717108502.0039325
1717108503.5491595
1717108503.8199422
1717108504.0798404
1717108504.3699923
1717108505.9368773
1717108506.2006774
1717108506.4695861
1717108506.736487
1717108508.3455493
1717108508.6156807
1717108508.8846297
1717108509.1506653
1717108510.7683754
1717108511.039186
1717108511.2989063
1717108511.5644984
1717108513.1629496
1717108513.428268
1717108513.6971462
1717108513.9638848
1717108515.4804397
1717108515.757485
1717108516.0259874
1717108516.2980654
1717108517.8771143
1717108518.1428797
1717108518.4086585
1717108518.668102
1717108520.2346182
1717108520.5162458
1717108520.7843728
1717108521.0560217
1717108521.324089
1717108522.907954
1717108523.1755126
1717108523.4364386
1717108523.6987097
1717108525.3019633
1717108525.5696697
1717108525.836429
1717108526.1038241
1717108527.7292068
1717108527.991624
1717108528.2609138
1717108528.524432
1717108530.144206
1717108530.4057066
1717108530.671667
1717108530.940022
1717108532.4560602
1717108532.7217457
1717108532.9891794
1717108533.2554195
1717108534.8199084
1717108535.0858011
1717108535.3456178
1717108535.6163516
1717108537.1593373
1717108537.4201617
1717108537.6922936
1717108537.9577365
1717108539.5301044
1717108539.79887
1717108540.0707366
1717108540.3371174
1717108541.9353647
1717108542.193863
1717108542.4560595
1717108542.7225327
1717108544.3254604
1717108544.589356
1717108544.8569615
1717108545.1263196
1717108546.691592
1717108546.956353
1717108547.2149637
1717108547.4798574
1717108547.7441494
1717108549.389408
1717108549.6560748
1717108549.924843
1717108550.1915228
1717108551.7850506
1717108552.0483444
1717108552.3142571
1717108552.577489
1717108554.2058825
1717108554.4683094
1717108554.7345107
1717108555.0036812
1717108556.5706763
1717108556.8364162
1717108557.1115015
1717108557.3776987
1717108558.899576
1717108559.1667762
1717108559.436448
1717108559.700859
1717108561.2517977
1717108561.51373
1717108561.7743726
1717108562.0342658
1717108563.6183088
1717108563.8782034
1717108564.1387155
1717108564.4102113
1717108565.975688
1717108566.2435248
1717108566.5141003
1717108566.7803452
1717108568.3142257
1717108568.5782838
1717108568.8388276
1717108569.1040435
1717108570.640209
1717108570.9054146
1717108571.1778889
1717108571.4408903
1717108571.7031207
1717108573.3096888
1717108573.6104002
1717108573.8817117
1717108574.1479967
1717108575.7255023
1717108575.9951818
1717108576.26866
1717108576.5369248
1717108578.140594
1717108578.4106302
1717108578.6792464
1717108578.9672964
1717108580.6359224
1717108580.9050834
1717108581.1646645
1717108581.4350975
1717108583.0773487
1717108583.3367639
1717108583.6011376
1717108583.8670175
1717108585.3789756
1717108585.6445038
1717108585.912828
1717108586.1874495
1717108587.7619607
1717108588.0352156
1717108588.3045995
1717108588.5725946
1717108590.1583683
1717108590.4279726
1717108590.6962698
1717108590.9679933
1717108592.6122372
1717108592.8834782
1717108593.145653
1717108593.4214065
1717108595.025649
1717108595.2864149
1717108595.5551107
1717108595.8191059
1717108597.440472
1717108597.71185
1717108597.9737904
1717108598.2416437
1717108598.503589
1717108600.15856
1717108600.4258235
1717108600.6979551
1717108600.9620025
1717108602.5772579
1717108602.8459597
1717108603.1083388
1717108603.3719022
1717108605.0370243
1717108605.2991498
1717108605.5629659
1717108605.826351
1717108607.4728405
1717108607.736122
1717108607.9994056
1717108608.2608933
1717108609.874033
1717108610.1464105
1717108610.40809
1717108610.6973712
1717108612.3472419
1717108612.6165059
1717108612.8851235
1717108613.1471
1717108614.6999927
1717108614.9638257
1717108615.2263842
1717108615.4896297
1717108617.0599139
1717108617.329557
1717108617.5998979
1717108617.862614
1717108619.5165756
1717108619.7779007
1717108620.0536706
1717108620.3158329
1717108621.9923425
1717108622.2539372
1717108622.5156674
1717108622.7840202
1717108623.0456057
1717108624.7098365
1717108624.974591
1717108625.2433262
1717108625.5060518
1717108627.1059787
1717108627.375603
1717108627.6465726
1717108627.9099364
1717108629.474244
1717108629.7423158
1717108630.0204513
1717108630.2890947
1717108631.8887417
1717108632.160774
1717108632.4282835
1717108632.7039132
1717108634.279906
1717108634.5410829
1717108634.8181374
1717108635.0995827
1717108636.7322001
1717108637.0029402
1717108637.279825
1717108637.5506876
1717108639.1403208
1717108639.4162872
1717108639.6862962
1717108639.958918
1717108641.5678148
1717108641.8387547
1717108642.111055
1717108642.3830874
