1717109680.8656905
1717109680.8746545
1717109680.8817396
1717109680.8883355
1717109680.8948889
1717109680.9097767
1717109680.9285738
1717109680.937377
1717109680.943594
1717109680.9551523
1717109680.9641244
1717109680.9882016
1717109681.002921
1717109681.0261414
1717109681.0397925
1717109681.0461123
1717109681.0787554
1717109681.0856116
1717109681.1065943
1717109681.1128964
1717109681.1297827
1717109681.1376705
1717109681.1456149
1717109681.1540256
1717109681.1624136
1717109681.1771963
1717109681.1850982
1717109681.1940928
1717109681.203563
1717109681.2141676
1717109681.222062
1717109681.236312
1717109681.264684
1717109681.2747533
1717109681.2884748
1717109681.3079886
1717109681.314831
1717109681.3254313
1717109681.3359652
1717109681.3417928
1717109681.3539977
1717109681.3651285
1717109681.381006
1717109681.3963323
1717109681.4037445
1717109681.4242828
1717109681.4353168
1717109681.4480343
1717109681.4569726
1717109681.4648743
1717109681.4722655
1717109681.4827938
1717109681.4907303
1717109681.497088
1717109681.5171888
1717109681.5277376
1717109681.5371907
1717109681.5472536
1717109681.5578787
1717109681.5652626
1717109681.584356
1717109681.5927901
1717109681.6049662
1717109681.610792
1717109681.626166
1717109681.6335764
1717109681.6447065
1717109681.6500065
1717109681.668003
1717109681.684361
1717109681.7008035
1717109681.7092574
1717109681.7140534
1717109681.7304173
1717109681.7700062
1717109681.7874944
1717109681.798705
1717109681.80612
1717109681.8351448
1717109681.841497
1717109681.851038
1717109681.8663504
1717109681.8800838
1717109681.8964653
1717109681.9244418
1717109681.9366028
1717109683.29271
1717109683.3137324
1717109683.3217742
1717109683.3308456
1717109683.362307
1717109683.378437
1717109683.4107125
1717109683.4339159
1717109683.4521668
1717109683.460805
1717109683.4672792
1717109683.473723
1717109683.4817505
1717109683.4945586
1717109683.5079854
1717109683.5213294
1717109683.54875
1717109683.559976
1717109683.5874088
1717109683.5984259
1717109683.6061733
1717109683.626743
1717109683.6466846
1717109683.6604471
1717109683.671403
1717109683.6857758
1717109683.700959
1717109683.7309227
1717109683.741813
1717109683.7563303
1717109683.7767005
1717109683.7892396
1717109683.8065267
1717109683.8134537
1717109683.8234916
1717109683.8303213
1717109683.8424287
1717109683.8629377
1717109683.8844771
1717109683.8919082
1717109683.897647
1717109683.911325
1717109683.9186563
1717109683.93241
1717109683.95341
1717109683.9739127
1717109683.9923341
1717109684.0043976
1717109684.0196745
1717109684.0312228
1717109684.0570593
1717109684.0664418
1717109684.0738597
1717109684.0865426
1717109684.1007795
1717109684.1381547
1717109684.1492143
1717109684.1676512
1717109684.1740053
1717109684.1876926
1717109684.218314
1717109684.2584558
1717109684.2848272
1717109684.2953763
1717109684.3306677
1717109684.3591366
1717109684.3781047
1717109685.825105
1717109685.8447335
1717109685.8775077
1717109685.9250283
1717109685.9750726
1717109685.9819157
1717109686.0001516
1717109686.0229824
1717109686.0344048
1717109686.04427
1717109686.0598545
1717109686.0738845
1717109686.1111517
1717109686.130876
1717109686.1694279
1717109686.2088404
1717109686.217222
1717109686.2488744
1717109686.2685723
1717109686.2930114
1717109686.3543746
1717109686.4155054
1717109686.4519486
1717109686.461827
1717109686.498194
1717109686.5370188
1717109686.6195307
1717109686.6450133
1717109686.6877253
1717109686.6968696
1717109686.7054496
1717109686.7305768
1717109686.7552583
1717109686.7734063
1717109686.8199315
1717109686.8376997
1717109686.8543568
1717109686.8996863
1717109688.2798302
1717109688.298634
1717109688.3483057
1717109688.3691363
1717109688.3778186
1717109688.441374
1717109688.4536407
1717109688.5095673
1717109688.547475
1717109688.593336
1717109688.6703665
1717109688.7784998
1717109688.8619254
1717109688.941525
1717109688.9796748
1717109689.0054705
1717109689.0431027
1717109689.114888
1717109689.2095783
1717109689.2949197
1717109690.8907576
1717109690.9640052
1717109691.097676
1717109691.2370007
1717109691.3321543
1717109691.4615028
1717109691.588944
1717109691.709397
1717109693.2489367
1717109693.382563
1717109693.545169
1717109693.6710067
1717109693.8195941
1717109694.0257452
1717109694.1072752
1717109695.689091
1717109695.8905585
1717109696.0782275
1717109696.3231785
1717109696.5738494
1717109698.2120433
1717109698.4733386
1717109698.6928728
1717109698.92619
1717109699.149868
1717109700.7472878
1717109701.020628
1717109701.2916605
1717109701.5517528
1717109703.1386924
1717109703.4036233
1717109703.6727266
1717109703.9399898
1717109705.5166564
1717109705.788146
1717109706.0801163
1717109706.348559
1717109707.9365005
1717109708.1956425
1717109708.4613085
1717109708.7228286
1717109710.304501
1717109710.5644188
1717109710.8297644
1717109711.1001434
1717109712.6915424
1717109712.9513793
1717109713.2128658
1717109713.472661
1717109715.0458655
1717109715.310499
1717109715.5705223
1717109715.8371348
1717109717.4058483
1717109717.6733594
1717109717.9331138
1717109718.1922636
1717109718.4524336
1717109720.074962
1717109720.3351986
1717109720.6015952
1717109720.8615618
1717109722.4430077
1717109722.7129264
1717109722.9756804
1717109723.2424142
1717109724.8893847
1717109725.1682012
1717109725.4310102
1717109725.6932263
1717109727.3174524
1717109727.5774198
1717109727.843846
1717109728.1110005
1717109729.7152832
1717109729.990113
1717109730.2569685
1717109730.5482674
1717109732.0731502
1717109732.3330925
1717109732.6000824
1717109732.865533
1717109734.447542
1717109734.7163863
1717109734.986128
1717109735.2586508
1717109736.870767
1717109737.139186
1717109737.4057548
1717109737.673862
1717109739.2070475
1717109739.473879
1717109739.738771
1717109740.001075
1717109741.5933857
1717109741.8595173
1717109742.119655
1717109742.3844812
1717109743.9902945
1717109744.2497442
1717109744.516358
1717109744.779639
1717109745.055775
1717109746.657671
1717109746.924789
1717109747.1895401
1717109747.4495249
1717109749.3802717
1717109749.6786551
1717109749.995522
1717109750.310354
1717109752.156669
1717109752.426133
1717109752.6886113
1717109752.95646
1717109754.5355787
1717109754.8034184
1717109755.0693576
1717109755.331428
1717109756.9484165
1717109757.2100668
1717109757.4764915
1717109757.7416637
1717109759.374447
1717109759.636057
1717109759.9018698
1717109760.170824
1717109761.751147
1717109762.0180218
1717109762.28643
1717109762.553399
1717109764.1570616
1717109764.4181066
1717109764.6781585
1717109764.9524398
1717109766.5809238
1717109766.8464963
1717109767.1131341
1717109767.3848102
1717109769.0207987
1717109769.2794878
1717109769.5405354
1717109769.8033123
1717109770.0732863
1717109771.7122526
1717109771.9796524
1717109772.252012
1717109772.5183744
1717109774.1367688
1717109774.3964198
1717109774.657571
1717109774.9252
1717109776.5260158
1717109776.7935486
1717109777.0603957
1717109777.333382
1717109778.9322226
1717109779.1923
1717109779.4628
1717109779.7233398
1717109781.328346
1717109781.5949063
1717109781.8589368
1717109782.1319802
1717109783.7927377
1717109784.0618787
1717109784.3291838
1717109784.6005392
1717109786.1215887
1717109786.3866763
1717109786.6465943
1717109786.9170306
1717109788.545932
1717109788.81427
1717109789.0811794
1717109789.3493898
1717109790.9953892
1717109791.2550263
1717109791.5162935
1717109791.7819817
1717109793.4337325
1717109793.6931992
1717109793.9671273
1717109794.236871
1717109795.8756301
1717109796.1507318
1717109796.412538
1717109796.6755261
1717109796.9382117
1717109798.5630422
1717109798.8323007
1717109799.1080434
1717109799.3762522
1717109801.0794907
1717109801.3402293
1717109801.5997462
1717109801.8649175
1717109803.4932337
1717109803.7733238
1717109804.0499313
1717109804.3169224
1717109805.9207227
1717109806.189252
1717109806.449209
1717109806.7157705
1717109808.3468285
1717109808.6068633
1717109808.8700447
1717109809.141939
1717109810.691507
1717109810.9585557
1717109811.2332578
1717109811.50852
1717109813.1713605
1717109813.434759
1717109813.6972175
1717109813.9612358
1717109815.6212852
1717109815.8905137
1717109816.1548069
1717109816.4184167
1717109818.1025863
1717109818.366246
1717109818.624618
1717109818.8933833
1717109820.5171661
1717109820.7763312
1717109821.0453742
1717109821.3057
1717109821.5674124
1717109823.1212327
1717109823.3879404
1717109823.658731
1717109823.9234626
1717109825.4667308
1717109825.7332542
1717109825.9949844
1717109826.261301
1717109827.911482
1717109828.1723137
1717109828.4416144
1717109828.7021906
1717109830.380956
1717109830.6453247
1717109830.9116032
1717109831.1754045
1717109832.839542
1717109833.113921
1717109833.3929722
1717109833.6689503
1717109835.2577734
1717109835.5386903
1717109835.7997587
1717109836.0742168
1717109837.7010286
1717109837.9679894
1717109838.2447119
1717109838.5113254
1717109840.0494912
1717109840.316693
1717109840.595106
1717109840.86834
1717109842.371844
1717109842.6371865
1717109842.8988078
1717109843.1597464
1717109844.7517397
1717109845.030381
1717109845.2992828
1717109845.5637028
1717109845.827936
1717109847.4413636
1717109847.7096012
1717109847.9721675
1717109848.2362695
1717109849.8865273
1717109850.1620488
1717109850.4247847
1717109850.6891255
1717109852.2536619
1717109852.516077
1717109852.7853072
1717109853.0551138
1717109854.603046
1717109854.867268
1717109855.139578
1717109855.4013875
1717109856.9723613
1717109857.2331066
1717109857.5004928
1717109857.7605417
1717109859.3677907
1717109859.6343024
1717109859.9008787
1717109860.1702542
1717109861.760933
1717109862.0276184
1717109862.3077662
1717109862.578568
1717109864.2593243
1717109864.5198102
1717109864.7870886
1717109865.0571167
1717109866.7024999
1717109866.9677124
1717109867.2341597
1717109867.5024092
1717109869.1415722
1717109869.4078007
1717109869.676097
1717109869.9426935
1717109871.6389956
1717109871.9028196
1717109872.1693494
1717109872.4293737
1717109872.6910644
1717109874.323949
1717109874.5846667
1717109874.8530543
1717109875.1223855
1717109876.696735
1717109876.9892454
1717109877.264565
1717109877.5309863
1717109879.1084414
1717109879.413667
1717109879.6743798
1717109879.9517767
1717109881.5771024
1717109881.8387308
1717109882.108724
1717109882.376303
1717109884.0005248
1717109884.269077
1717109884.5368738
1717109884.8102937
1717109886.4330304
1717109886.700892
1717109886.97779
1717109887.2438025
1717109888.8304949
1717109889.0896485
1717109889.3540258
1717109889.613172
1717109891.2539907
1717109891.5180562
1717109891.7770197
1717109892.0408645
1717109893.6779513
1717109893.947052
1717109894.2076387
1717109894.4672344
1717109896.1419506
1717109896.3998096
1717109896.664827
1717109896.9518516
1717109897.2263815
1717109898.940065
1717109899.2200506
1717109899.4977837
1717109899.7713802
1717109901.781734
1717109902.0708807
1717109902.3687925
1717109902.661694
1717109904.725241
1717109905.0001032
1717109905.2726886
1717109905.5696695
1717109907.202728
1717109907.4632394
1717109907.7501953
1717109908.015197
1717109909.643071
1717109909.9276361
1717109910.253133
1717109910.5556056
1717109912.2285278
1717109912.4963107
1717109912.7708418
1717109913.039789
1717109914.7027483
1717109914.9816625
1717109915.2639573
1717109915.556174
1717109917.1674805
1717109917.4390917
1717109917.7061205
1717109917.976149
1717109919.6168654
1717109919.8842695
1717109920.1533997
1717109920.4106665
1717109922.0601308
1717109922.3259726
1717109922.5862985
1717109922.8557262
1717109924.4637136
1717109924.7229242
1717109924.989356
1717109925.2567444
1717109925.5301428
1717109927.1594698
1717109927.4267519
1717109927.6933873
1717109927.9568975
1717109929.5781915
1717109929.8450053
1717109930.1056614
1717109930.3657434
1717109931.974365
1717109932.2408187
1717109932.5005345
1717109932.7615335
1717109934.3656018
1717109934.6257808
1717109934.8880963
1717109935.1606195
1717109936.7960825
1717109937.0618277
1717109937.3306909
1717109937.5973747
1717109939.2072792
1717109939.4764671
1717109939.7439518
1717109940.012631
1717109941.6162982
1717109941.8830116
1717109942.1488185
1717109942.409059
1717109944.056864
1717109944.3172154
1717109944.5780463
1717109944.8436882
1717109946.4918964
1717109946.7530675
1717109947.0170023
1717109947.285547
1717109948.8768249
1717109949.1437278
1717109949.416544
1717109949.6825047
1717109949.948971
1717109951.600197
1717109951.859238
1717109952.1266062
1717109952.4035356
1717109954.0486982
1717109954.3199122
1717109954.5944412
1717109954.867987
1717109956.5139875
1717109956.787256
1717109957.0541346
1717109957.3231878
1717109959.015057
1717109959.289047
1717109959.5562744
1717109959.8300176
1717109961.4611337
1717109961.7339325
1717109962.008304
1717109962.2759457
1717109963.8679504
1717109964.1545966
1717109964.4254694
1717109964.6952329
1717109966.3415923
1717109966.605915
1717109966.8682857
1717109967.1383135
1717109968.7640433
1717109969.0263505
1717109969.2928562
1717109969.5620193
1717109971.2566414
1717109971.516074
1717109971.7829983
1717109972.0465744
1717109973.7288744
1717109974.0057049
1717109974.2726164
1717109974.5408003
1717109976.149972
1717109976.4096348
1717109976.6714509
1717109976.937282
1717109977.2137494
1717109978.8264904
1717109979.0921397
1717109979.3584065
1717109979.6252182
1717109981.2161248
1717109981.4768348
1717109981.7485816
1717109982.012495
1717109983.63572
1717109983.900335
1717109984.1833344
1717109984.4566057
1717109986.0550919
1717109986.3226707
1717109986.5964046
1717109986.864001
1717109988.4727962
1717109988.7396483
1717109989.009347
1717109989.269702
1717109990.9170802
1717109991.1804917
1717109991.4445922
1717109991.7109933
1717109993.343261
1717109993.603914
1717109993.8845127
1717109994.1575575
1717109995.868517
1717109996.1467354
1717109996.4212754
1717109996.7043958
1717109998.3365362
1717109998.608684
1717109998.8853686
1717109999.174005
1717110000.8364887
1717110001.109072
1717110001.38132
1717110001.6547976
1717110001.9271183
1717110003.5315025
1717110003.8091438
1717110004.080974
1717110004.3539476
1717110006.0408754
1717110006.3152392
1717110006.5870035
1717110006.880428
1717110008.5672734
1717110008.8373866
1717110009.101979
1717110009.3786902
1717110011.03804
1717110011.3028007
1717110011.56926
1717110011.8335066
1717110013.4092402
1717110013.672542
1717110013.930469
1717110014.2017753
1717110015.8333616
1717110016.1073399
1717110016.3932867
1717110016.666716
1717110018.214335
1717110018.4742548
1717110018.743144
1717110019.005533
1717110020.5710516
1717110020.8398538
1717110021.1074681
1717110021.4062412
1717110022.967175
1717110023.2328699
1717110023.5036154
1717110023.7682402
1717110025.3243167
1717110025.583077
1717110025.8412242
1717110026.1117554
1717110026.377459
1717110027.991004
1717110028.2797866
1717110028.5641813
1717110028.8540015
1717110030.4453137
1717110030.7044005
1717110030.9645
1717110031.244067
1717110032.7949007
1717110033.0573854
1717110033.3286147
1717110033.597095
1717110035.1259131
1717110035.4013839
1717110035.668942
1717110035.945776
1717110037.5879068
1717110037.8558276
1717110038.1242738
1717110038.3864655
1717110039.9566631
1717110040.2246785
1717110040.486981
1717110040.7508862
1717110042.3344367
1717110042.611687
1717110042.8860815
1717110043.1544752
1717110044.7218947
1717110044.9964695
1717110045.2693727
1717110045.5428796
1717110047.0949647
1717110047.364893
1717110047.6341023
1717110047.9040525
1717110049.5111954
1717110049.7785928
1717110050.0520663
1717110050.327774
1717110051.9411163
1717110052.2094715
1717110052.4775515
1717110052.7470086
1717110053.0150895
1717110054.59883
1717110054.869205
1717110055.1393547
1717110055.4096065
1717110057.0122752
1717110057.2864661
1717110057.5552247
1717110057.830261
1717110059.4679189
1717110059.7354846
1717110060.0209765
1717110060.290123
1717110061.8518896
1717110062.1300151
1717110062.4049973
1717110062.6857705
1717110064.2540293
1717110064.521416
1717110064.79114
1717110065.0607188
1717110066.685856
1717110066.9600065
1717110067.2403684
1717110067.5093136
1717110069.0772266
1717110069.3512914
1717110069.6199405
1717110069.8896263
1717110071.465283
1717110071.745309
1717110072.0208147
1717110072.2999983
1717110073.85492
1717110074.1241736
1717110074.3923037
1717110074.672296
1717110076.4569867
1717110076.7757964
1717110077.1021352
1717110077.407104
1717110077.712161
1717110079.9105716
1717110080.2249718
1717110080.5435467
1717110080.8609118
1717110082.4606125
1717110082.729298
1717110083.0021734
1717110083.2846656
1717110084.867175
1717110085.1469262
1717110085.4156127
1717110085.6856837
1717110087.2861884
1717110087.5548918
1717110087.8253136
1717110088.1242814
1717110089.7698388
1717110090.0435982
1717110090.3271801
1717110090.6024024
1717110092.245901
1717110092.518543
1717110092.7910848
1717110093.0627863
1717110094.6786828
1717110094.953498
1717110095.2254453
1717110095.5036478
1717110097.178455
1717110097.4538128
1717110097.7264278
1717110097.998727
1717110099.7037222
1717110099.9720075
1717110100.2471595
1717110100.5161948
1717110102.1493137
1717110102.4180994
1717110102.6873224
1717110102.99521
1717110104.5637136
1717110104.8403423
1717110105.1420543
1717110105.413805
1717110105.6814008
1717110107.1969967
1717110107.472038
1717110107.7380605
1717110108.007251
1717110109.5509448
1717110109.8183365
1717110110.091714
1717110110.3586311
1717110112.0150263
1717110112.2886968
1717110112.5558739
1717110112.8288574
1717110114.4258244
1717110114.6937525
1717110114.9633224
1717110115.227451
1717110116.880585
1717110117.1452475
1717110117.4066775
1717110117.6668046
1717110119.2603848
1717110119.5280492
1717110119.788514
1717110120.056933
1717110121.6241047
1717110121.884099
1717110122.148626
1717110122.4164662
1717110124.048019
1717110124.3199387
1717110124.586707
1717110124.8553588
1717110126.4704862
1717110126.7433112
1717110127.0101788
1717110127.2766995
1717110128.9044867
1717110129.1684153
1717110129.4335778
1717110129.694004
1717110129.9623127
1717110131.6400461
1717110131.899586
1717110132.1695106
1717110132.437229
1717110133.9808323
1717110134.2526262
1717110134.5196338
1717110134.7882457
1717110136.40494
1717110136.6764822
1717110136.9426706
1717110137.2056792
1717110138.773058
1717110139.0400543
1717110139.3016908
1717110139.5618737
1717110141.1107051
1717110141.3709433
1717110141.6311412
1717110141.898297
1717110143.4698682
1717110143.7293189
1717110143.9906301
1717110144.2555172
1717110145.8649304
1717110146.1303551
1717110146.3972573
1717110146.6652296
1717110148.2245615
1717110148.4916887
1717110148.7600691
1717110149.027708
1717110150.6778443
1717110150.946321
1717110151.2091649
1717110151.469936
1717110153.0755982
1717110153.340675
1717110153.6000164
1717110153.8673694
1717110154.1286697
1717110155.7479577
1717110156.0105665
1717110156.2761557
1717110156.5449927
1717110158.099094
1717110158.3656921
1717110158.6344457
1717110158.9022067
1717110160.4928021
1717110160.7614417
1717110161.0293496
1717110161.2957091
1717110162.9037292
1717110163.1710472
1717110163.4383497
1717110163.6987793
1717110165.3183715
1717110165.5797722
1717110165.8387103
1717110166.0995266
1717110167.7507598
1717110168.0204334
1717110168.3023949
1717110168.5872924
1717110170.2041955
1717110170.4644575
1717110170.7340858
1717110171.0066361
1717110172.5683012
1717110172.8320925
1717110173.0945842
1717110173.3633404
1717110175.0378952
1717110175.3068633
1717110175.56717
1717110175.8338258
1717110177.4761329
1717110177.7380576
1717110178.0021434
1717110178.2689939
1717110179.848757
1717110180.1103835
1717110180.373028
1717110180.6409943
1717110180.9033492
1717110182.5498285
1717110182.8100867
1717110183.0851781
1717110183.351421
1717110184.9365444
1717110185.2052693
1717110185.4723544
1717110185.7448072
1717110187.365305
1717110187.6250663
1717110187.8915474
1717110188.1523166
1717110189.759384
1717110190.0222986
1717110190.2867277
1717110190.5597286
1717110192.1492448
1717110192.416277
1717110192.689021
1717110192.9564345
1717110194.5523076
1717110194.8127394
1717110195.0853457
1717110195.351895
1717110196.940598
1717110197.2117603
1717110197.4835172
1717110197.7559092
1717110199.317093
1717110199.5930412
1717110199.8690653
1717110200.1442394
1717110201.730936
1717110202.0058794
1717110202.273953
1717110202.5500298
1717110204.1204066
1717110204.3880618
1717110204.6622517
1717110204.9341903
1717110205.2121367
1717110206.777807
1717110207.0458214
1717110207.3211427
1717110207.589123
1717110209.166922
1717110209.4331691
1717110209.7008753
1717110209.969287
1717110211.500779
1717110211.762047
1717110212.0223181
1717110212.2869334
1717110213.8113701
1717110214.0726707
1717110214.338231
1717110214.613816
1717110216.1596987
1717110216.427195
1717110216.695633
1717110216.9671562
1717110218.4989474
1717110218.766663
1717110219.034492
1717110219.300474
1717110220.8829308
1717110221.1542082
1717110221.4156184
1717110221.6822243
1717110223.316106
1717110223.579934
1717110223.8439941
1717110224.106364
1717110225.7393498
1717110226.0101464
1717110226.278491
1717110226.554226
1717110228.171084
1717110228.4402676
1717110228.709123
1717110228.9795747
1717110230.6451318
1717110230.9127016
1717110231.1854243
1717110231.4545946
1717110231.7303245
1717110233.3430772
1717110233.6118898
1717110233.8857794
1717110234.1546555
1717110235.7688339
1717110236.03885
1717110236.314639
1717110236.5835524
1717110238.2265196
1717110238.4962556
1717110238.7643468
1717110239.0343928
1717110240.7333167
1717110241.0041726
1717110241.273495
1717110241.5493414
