896
2048
3456
4416
7296
8000
10944
11584
12608
14208
15488
18496
19520
20544
21568
23552
25088
27776
28608
29888
31168
32704
33472
35584
36544
38784
39872
42368
43008
43776
44864
45824
47296
48000
48960
49984
51328
52160
54464
55424
56512
58496
59584
60416
61568
63296
64384
66432
67008
70208
71680
72384
73280
74176
75136
76032
77312
78784
80640
81536
83264
85696
87872
88448
91008
91776
95232
97280
98112
98944
100416
102272
103104
104064
105664
106624
107200
108544
109376
110720
113216
114368
115008
117056
118016
119104
121856
124992
126016
128960
130624
132032
133504
135168
137472
139008
142016
144000
145088
147456
149248
151744
153728
154752
157248
157888
158656
160192
162048
163968
165056
167424
168192
170432
171136
174464
175744
177152
178752
179968
184000
185344
186432
188416
189888
190976
191872
194944
197184
199296
201984
202816
206080
208256
209088
210368
212544
213888
214976
218688
220352
221376
222656
223680
224448
226048
229312
230848
235136
236736
239552
242496
244480
247680
249344
250496
251264
253760
257152
258432
262336
263232
265408
270720
273728
283648
291200
291904
294400
296768
303040
309312
311872
318976
320384
324160
325824
329408
331456
335168
335872
337280
339456
351488
352384
355264
358336
360064
365504
368768
370944
373952
377024
381056
381888
383296
385344
387328
390400
392000
395648
400768
415040
423744
427520
437440
440192
445248
451072
454464
458176
462016
467904
473280
476672
482560
493760
506816
511232
515200
516288
524032
540544
554304
579200
589952
604160
613184
622336
630336
632128
650880
665728
678656
696960
713280
738432
768640
785152
803200
835200
860416
886336
912704
935936
967424
999424
1027200
1059200
1091200
1123200
1155200
1187200
1219200
1251200
1283200
1315200
1347200
1379200
1411200
1443200
1475200
1507200
1539200
1571200
1603200
1635200
1667200
1699200
1731200
1763200
1795200
1827200
1859200
1891200
1923200
1955200
1987200
2019200
2051200
2083200
2115200
2147200
2179200
2211200
2243200
2275200
2307200
2339200
2371200
2403200
2435200
2467200
2499200
2531200
2563200
2595200
2627200
2659200
2691200
2723200
2755200
2787200
2819200
2851200
2883200
2915200
2947200
2979200
3011200
3043200
3075200
3107200
3139200
3171200
3203200
3235200
3267200
3299200
3331200
3363200
3395200
3427200
3459200
3491200
3523200
3555200
3587200
3619200
3651200
3683200
3715200
3747200
3779200
3811200
3843200
3875200
3907200
3939200
3971200
4003200
4035200
4067200
4099200
4131200
4163200
4195200
4227200
4259200
4291200
4323200
4355200
4387200
4419200
4451200
4483200
4515200
4547200
4579200
4611200
4643200
4675200
4707200
4739200
4771200
4803200
4835200
4867200
4899200
4931200
4963200
4995200
5027200
5059200
5091200
5123200
5155200
5187200
5219200
5251200
5283200
5315200
5347200
5379200
5411200
5443200
5475200
5507200
5539200
5571200
5603200
5635200
5667200
5699200
5731200
5763200
5795200
5827200
5859200
5891200
5923200
5955200
5987200
6019200
6051200
6083200
6115200
6147200
6179200
6211200
6243200
6275200
6307200
6339200
6371200
6403200
6435200
6467200
6499200
6531200
6563200
6595200
6627200
6659200
6691200
6723200
6755200
6787200
6819200
6851200
6883200
6915200
6947200
6979200
7011200
7043200
7075200
7107200
7139200
7171200
7203200
7235200
7267200
7299200
7331200
7363200
7395200
7427200
7459200
7491200
7523200
7555200
7587200
7619200
7651200
7683200
7715200
7747200
7779200
7811200
7843200
7875200
7907200
7939200
7971200
8003200
8035200
8067200
8099200
8131200
8163200
8195200
8227200
8259200
8291200
8323200
8355200
8387200
8419200
8451200
8483200
8515200
8547200
8579200
8611200
8643200
8675200
8707200
8739200
8771200
8803200
8835200
8867200
8899200
8931200
8963200
8995200
9027200
9059200
9091200
9123200
9155200
9187200
9219200
9251200
9283200
9315200
9347200
9379200
9411200
9443200
9475200
9507200
9539200
9571200
9603200
9635200
9667200
9699200
9731200
9763200
9795200
9827200
9859200
9891200
9923200
9955200
9987200
10019200
10051200
10083200
10115200
10147200
10179200
10211200
10243200
10275200
10307200
10339200
10371200
10403200
10435200
10467200
10499200
10531200
10563200
10595200
10627200
10659200
10691200
10723200
10755200
10787200
10819200
10851200
10883200
10915200
10947200
10979200
11011200
11043200
11075200
11107200
11139200
11171200
11203200
11235200
11267200
11299200
11331200
11363200
11395200
11427200
11459200
11491200
11523200
11555200
11587200
11619200
11651200
11683200
11715200
11747200
11779200
11811200
11843200
11875200
11907200
11939200
11971200
12003200
12035200
12067200
12099200
12131200
12163200
12195200
12227200
12259200
12291200
12323200
12355200
12387200
12419200
12451200
12483200
12515200
12547200
12579200
12611200
12643200
12675200
12707200
12739200
12771200
12803200
12835200
12867200
12899200
12931200
12963200
12995200
13027200
13059200
13091200
13123200
13155200
13187200
13219200
13251200
13283200
13315200
13347200
13379200
13411200
13443200
13475200
13507200
13539200
13571200
13603200
13635200
13667200
13699200
13731200
13763200
13795200
13827200
13859200
13891200
13923200
13955200
13987200
14019200
14051200
14083200
14115200
14147200
14179200
14211200
14243200
14275200
14307200
14339200
14371200
14403200
14435200
14467200
14499200
14531200
14563200
14595200
14627200
14659200
14691200
14723200
14755200
14787200
14819200
14851200
14883200
14915200
14947200
14979200
15011200
15043200
15075200
15107200
15139200
15171200
15203200
15235200
15267200
15299200
15331200
15363200
15395200
15427200
15459200
15491200
15523200
15555200
15587200
15619200
15651200
15683200
15715200
15747200
15779200
15811200
15843200
15875200
15907200
15939200
15971200
16003200
16035200
16067200
16099200
16131200
16163200
16195200
16227200
16259200
16291200
16323200
16355200
16387200
16419200
16451200
16483200
16515200
16547200
16579200
16611200
16643200
16675200
16707200
16739200
16771200
16803200
16835200
16867200
16899200
16931200
16963200
16995200
17027200
17059200
17091200
17123200
17155200
17187200
17219200
17251200
17283200
17315200
17347200
17379200
17411200
17443200
17475200
17507200
17539200
17571200
17603200
17635200
17667200
17699200
17731200
17763200
17795200
17827200
17859200
17891200
17923200
17955200
17987200
18019200
18051200
18083200
18115200
18147200
18179200
18211200
18243200
18275200
18307200
18339200
18371200
18403200
18435200
18467200
18499200
18531200
18563200
18595200
18627200
18659200
18691200
18723200
18755200
18787200
18819200
18851200
18883200
18915200
18947200
18979200
19011200
19043200
19075200
19107200
19139200
19171200
19203200
19235200
19267200
19299200
19331200
19363200
19395200
19427200
19459200
19491200
19523200
19555200
19587200
19619200
19651200
19683200
19715200
19747200
19779200
19811200
19843200
19875200
19907200
19939200
19971200
20003200
20035200
20067200
20099200
20131200
20163200
20195200
20227200
20259200
20291200
20323200
20355200
20387200
20419200
20451200
20483200
20515200
20547200
20579200
20611200
20643200
20675200
20707200
20739200
20771200
20803200
20835200
20867200
20899200
20931200
20963200
20995200
21027200
21059200
21091200
21123200
21155200
21187200
21219200
21251200
21283200
21315200
21347200
21379200
21411200
21443200
21475200
21507200
21539200
21571200
21603200
21635200
21667200
21699200
21731200
21763200
21795200
21827200
21859200
21891200
21923200
21955200
21987200
22019200
22051200
22083200
22115200
22147200
22179200
22211200
22243200
22275200
22307200
22339200
22371200
22403200
22435200
22467200
22499200
22531200
22563200
22595200
22627200
22659200
22691200
22723200
22755200
22787200
22819200
22851200
22883200
22915200
22947200
22979200
23011200
23043200
23075200
23107200
23139200
23171200
23203200
23235200
23267200
23299200
23331200
23363200
23395200
23427200
23459200
23491200
23523200
23555200
23587200
23619200
23651200
23683200
23715200
23747200
23779200
23811200
23843200
23875200
23907200
23939200
23971200
24003200
24035200
24067200
24099200
24131200
24163200
24195200
24227200
24259200
24291200
24323200
24355200
24387200
24419200
24451200
24483200
24515200
24547200
24579200
24611200
24643200
24675200
24707200
24739200
24771200
24803200
24835200
24867200
24899200
24931200
24963200
24995200
25027200
25059200
25091200
25123200
25155200
25187200
25219200
25251200
25283200
25315200
25347200
25379200
25411200
25443200
25475200
25507200
25539200
25571200
25603200
25635200
25667200
25699200
25731200
25763200
25795200
25827200
25859200
25891200
25923200
25955200
25987200
26019200
26051200
26083200
26115200
26147200
26179200
26211200
26243200
26275200
26307200
26339200
26371200
26403200
26435200
26467200
26499200
26531200
26563200
26595200
26627200
26659200
26691200
26723200
26755200
26787200
26819200
26851200
26883200
26915200
26947200
26979200
27011200
27043200
27075200
27107200
27139200
27171200
27203200
27235200
27267200
27299200
27331200
27363200
27395200
27427200
27459200
27491200
27523200
27555200
27587200
27619200
27651200
27683200
27715200
27747200
27779200
27811200
27843200
27875200
27907200
27939200
27971200
28003200
28035200
28067200
28099200
28131200
28163200
28195200
28227200
28259200
28291200
28323200
28355200
28387200
28419200
28451200
28483200
28515200
28547200
28579200
28611200
28643200
28675200
28707200
28739200
28771200
28803200
28835200
28867200
28899200
28931200
28963200
28995200
29027200
29059200
29091200
29123200
29155200
29187200
29219200
29251200
29283200
29315200
29347200
29379200
29411200
29443200
29475200
29507200
29539200
29571200
29603200
29635200
29667200
29699200
29731200
29763200
29795200
29827200
29859200
29891200
29923200
29955200
29987200
