1536
2112
3456
4160
5248
6080
6848
9792
10496
11968
12864
14336
15104
15744
17088
18496
20224
21376
23488
24512
25280
26560
28992
30336
30912
32064
33728
34752
35392
37568
40320
42752
43648
44608
45760
46848
47616
48704
49920
50688
51520
53504
54720
56320
58560
59200
59968
61120
62592
63424
64064
65984
68160
68928
69760
71104
72640
75840
77120
77888
80000
81152
82304
83072
83776
85248
86592
87872
89664
91072
92224
93888
95552
97152
98880
100352
101184
102144
102720
104768
106368
107264
108544
110976
111680
112768
113792
114496
116864
118976
119744
120704
122304
125888
127168
129728
130496
133568
138176
139648
140928
142080
143936
144704
145408
147776
149760
151360
153600
157888
160000
163008
163712
167488
168896
169600
170944
173120
175168
182080
184320
186624
188352
189696
190720
192064
192896
193984
195072
199360
201088
203456
205824
208000
209280
210112
211968
213376
214592
217536
219328
220096
222528
225088
227392
229824
231104
233536
234816
235840
238592
239936
242432
244928
247616
252160
256896
257920
258752
259392
260480
262016
266240
268928
271616
275136
282880
285632
288320
290048
292608
295296
301504
302528
303232
305728
309504
312576
316608
317632
323200
326976
330112
332224
333760
340864
343552
349120
357504
358976
360448
362432
364416
368128
370880
372928
374336
376960
378432
382720
383616
385920
388864
403264
406272
415744
418368
423232
431488
438784
447808
463936
469504
482880
486784
488704
499456
505088
510272
513920
521280
538368
552384
567936
583168
607296
629376
646976
662912
676160
690112
716992
743104
758592
782016
801088
833088
857792
884032
907328
939136
971136
996096
1022208
1054208
1086208
1118208
1150208
1182208
1214208
1246208
1278208
1310208
1342208
1374208
1406208
1438208
1470208
1502208
1534208
1566208
1598208
1630208
1662208
1694208
1726208
1758208
1790208
1822208
1854208
1886208
1918208
1950208
1982208
2014208
2046208
2078208
2110208
2142208
2174208
2206208
2238208
2270208
2302208
2334208
2366208
2398208
2430208
2462208
2494208
2526208
2558208
2590208
2622208
2654208
2686208
2718208
2750208
2782208
2814208
2846208
2878208
2910208
2942208
2974208
3006208
3038208
3070208
3102208
3134208
3166208
3198208
3230208
3262208
3294208
3326208
3358208
3390208
3422208
3454208
3486208
3518208
3550208
3582208
3614208
3646208
3678208
3710208
3742208
3774208
3806208
3838208
3870208
3902208
3934208
3966208
3998208
4030208
4062208
4094208
4126208
4158208
4190208
4222208
4254208
4286208
4318208
4350208
4382208
4414208
4446208
4478208
4510208
4542208
4574208
4606208
4638208
4670208
4702208
4734208
4766208
4798208
4830208
4862208
4894208
4926208
4958208
4990208
5022208
5054208
5086208
5118208
5150208
5182208
5214208
5246208
5278208
5310208
5342208
5374208
5406208
5438208
5470208
5502208
5534208
5566208
5598208
5630208
5662208
5694208
5726208
5758208
5790208
5822208
5854208
5886208
5918208
5950208
5982208
6014208
6046208
6078208
6110208
6142208
6174208
6206208
6238208
6270208
6302208
6334208
6366208
6398208
6430208
6462208
6494208
6526208
6558208
6590208
6622208
6654208
6686208
6718208
6750208
6782208
6814208
6846208
6878208
6910208
6942208
6974208
7006208
7038208
7070208
7102208
7134208
7166208
7198208
7230208
7262208
7294208
7326208
7358208
7390208
7422208
7454208
7486208
7518208
7550208
7582208
7614208
7646208
7678208
7710208
7742208
7774208
7806208
7838208
7870208
7902208
7934208
7966208
7998208
8030208
8062208
8094208
8126208
8158208
8190208
8222208
8254208
8286208
8318208
8350208
8382208
8414208
8446208
8478208
8510208
8542208
8574208
8606208
8638208
8670208
8702208
8734208
8766208
8798208
8830208
8862208
8894208
8926208
8958208
8990208
9022208
9054208
9086208
9118208
9150208
9182208
9214208
9246208
9278208
9310208
9342208
9374208
9406208
9438208
9470208
9502208
9534208
9566208
9598208
9630208
9662208
9694208
9726208
9758208
9790208
9822208
9854208
9886208
9918208
9950208
9982208
10014208
10046208
10078208
10110208
10142208
10174208
10206208
10238208
10270208
10302208
10334208
10366208
10398208
10430208
10462208
10494208
10526208
10558208
10590208
10622208
10654208
10686208
10718208
10750208
10782208
10814208
10846208
10878208
10910208
10942208
10974208
11006208
11038208
11070208
11102208
11134208
11166208
11198208
11230208
11262208
11294208
11326208
11358208
11390208
11422208
11454208
11486208
11518208
11550208
11582208
11614208
11646208
11678208
11710208
11742208
11774208
11806208
11838208
11870208
11902208
11934208
11966208
11998208
12030208
12062208
12094208
12126208
12158208
12190208
12222208
12254208
12286208
12318208
12350208
12382208
12414208
12446208
12478208
12510208
12542208
12574208
12606208
12638208
12670208
12702208
12734208
12766208
12798208
12830208
12862208
12894208
12926208
12958208
12990208
13022208
13054208
13086208
13118208
13150208
13182208
13214208
13246208
13278208
13310208
13342208
13374208
13406208
13438208
13470208
13502208
13534208
13566208
13598208
13630208
13662208
13694208
13726208
13758208
13790208
13822208
13854208
13886208
13918208
13950208
13982208
14014208
14046208
14078208
14110208
14142208
14174208
14206208
14238208
14270208
14302208
14334208
14366208
14398208
14430208
14462208
14494208
14526208
14558208
14590208
14622208
14654208
14686208
14718208
14750208
14782208
14814208
14846208
14878208
14910208
14942208
14974208
15006208
15038208
15070208
15102208
15134208
15166208
15198208
15230208
15262208
15294208
15326208
15358208
15390208
15422208
15454208
15486208
15518208
15550208
15582208
15614208
15646208
15678208
15710208
15742208
15774208
15806208
15838208
15870208
15902208
15934208
15966208
15998208
16030208
16062208
16094208
16126208
16158208
16190208
16222208
16254208
16286208
16318208
16350208
16382208
16414208
16446208
16478208
16510208
16542208
16574208
16606208
16638208
16670208
16702208
16734208
16766208
16798208
16830208
16862208
16894208
16926208
16958208
16990208
17022208
17054208
17086208
17118208
17150208
17182208
17214208
17246208
17278208
17310208
17342208
17374208
17406208
17438208
17470208
17502208
17534208
17566208
17598208
17630208
17662208
17694208
17726208
17758208
17790208
17822208
17854208
17886208
17918208
17950208
17982208
18014208
18046208
18078208
18110208
18142208
18174208
18206208
18238208
18270208
18302208
18334208
18366208
18398208
18430208
18462208
18494208
18526208
18558208
18590208
18622208
18654208
18686208
18718208
18750208
18782208
18814208
18846208
18878208
18910208
18942208
18974208
19006208
19038208
19070208
19102208
19134208
19166208
19198208
19230208
19262208
19294208
19326208
19358208
19390208
19422208
19454208
19486208
19518208
19550208
19582208
19614208
19646208
19678208
19710208
19742208
19774208
19806208
19838208
19870208
19902208
19934208
19966208
19998208
20030208
20062208
20094208
20126208
20158208
20190208
20222208
20254208
20286208
20318208
20350208
20382208
20414208
20446208
20478208
20510208
20542208
20574208
20606208
20638208
20670208
20702208
20734208
20766208
20798208
20830208
20862208
20894208
20926208
20958208
20990208
21022208
21054208
21086208
21118208
21150208
21182208
21214208
21246208
21278208
21310208
21342208
21374208
21406208
21438208
21470208
21502208
21534208
21566208
21598208
21630208
21662208
21694208
21726208
21758208
21790208
21822208
21854208
21886208
21918208
21950208
21982208
22014208
22046208
22078208
22110208
22142208
22174208
22206208
22238208
22270208
22302208
22334208
22366208
22398208
22430208
22462208
22494208
22526208
22558208
22590208
22622208
22654208
22686208
22718208
22750208
22782208
22814208
22846208
22878208
22910208
22942208
22974208
23006208
23038208
23070208
23102208
23134208
23166208
23198208
23230208
23262208
23294208
23326208
23358208
23390208
23422208
23454208
23486208
23518208
23550208
23582208
23614208
23646208
23678208
23710208
23742208
23774208
23806208
23838208
23870208
23902208
23934208
23966208
23998208
24030208
24062208
24094208
24126208
24158208
24190208
24222208
24254208
24286208
24318208
24350208
24382208
24414208
24446208
24478208
24510208
24542208
24574208
24606208
24638208
24670208
24702208
24734208
24766208
24798208
24830208
24862208
24894208
24926208
24958208
24990208
25022208
25054208
25086208
25118208
25150208
25182208
25214208
25246208
25278208
25310208
25342208
25374208
25406208
25438208
25470208
25502208
25534208
25566208
25598208
25630208
25662208
25694208
25726208
25758208
25790208
25822208
25854208
25886208
25918208
25950208
25982208
26014208
26046208
26078208
26110208
26142208
26174208
26206208
26238208
26270208
26302208
26334208
26366208
26398208
26430208
26462208
26494208
26526208
26558208
26590208
26622208
26654208
26686208
26718208
26750208
26782208
26814208
26846208
26878208
26910208
26942208
26974208
27006208
27038208
27070208
27102208
27134208
27166208
27198208
27230208
27262208
27294208
27326208
27358208
27390208
27422208
27454208
27486208
27518208
27550208
27582208
27614208
27646208
27678208
27710208
27742208
27774208
27806208
27838208
27870208
27902208
27934208
27966208
27998208
28030208
28062208
28094208
28126208
28158208
28190208
28222208
28254208
28286208
28318208
28350208
28382208
28414208
28446208
28478208
28510208
28542208
28574208
28606208
28638208
28670208
28702208
28734208
28766208
28798208
28830208
28862208
28894208
28926208
28958208
28990208
29022208
29054208
29086208
29118208
29150208
29182208
29214208
29246208
29278208
29310208
29342208
29374208
29406208
29438208
29470208
29502208
29534208
29566208
29598208
29630208
29662208
29694208
29726208
29758208
29790208
29822208
29854208
29886208
29918208
29950208
29982208
30014208
