1717106419.755752
1717106419.768313
1717106419.7786896
1717106419.7901216
1717106419.7973251
1717106419.8045468
1717106419.8135438
1717106419.8219852
1717106419.8316886
1717106419.8562179
1717106419.8685071
1717106419.8738222
1717106419.8935034
1717106419.9107342
1717106419.9188845
1717106419.9274902
1717106419.9348693
1717106419.9486883
1717106419.962563
1717106419.9726915
1717106419.979107
1717106419.9844115
1717106420.007881
1717106420.016406
1717106420.0286474
1717106420.0356016
1717106420.043573
1717106420.0494654
1717106420.0563624
1717106420.0942183
1717106420.0990517
1717106420.106989
1717106420.1144617
1717106420.1251402
1717106420.1395233
1717106420.1475618
1717106420.1578107
1717106420.1674294
1717106420.173322
1717106420.1904151
1717106420.198905
1717106420.2058032
1717106420.215335
1717106420.2217176
1717106420.2344427
1717106420.244025
1717106420.2594233
1717106420.265243
1717106420.2763467
1717106420.304934
1717106420.316073
1717106420.3250997
1717106420.3329978
1717106420.3404343
1717106420.3478408
1717106420.3583982
1717106420.3642654
1717106420.3711758
1717106420.3849013
1717106420.4076807
1717106420.419397
1717106420.424143
1717106420.4437447
1717106420.4490535
1717106420.4617543
1717106420.4675918
1717106420.4829533
1717106420.4951153
1717106420.5063205
1717106420.5179436
1717106420.5274453
1717106420.5343246
1717106420.5587173
1717106420.5687797
1717106420.5746276
1717106420.5814784
1717106420.5904825
1717106420.5981913
1717106420.6068306
1717106420.6142192
1717106420.622717
1717106420.629097
1717106420.6572492
1717106420.667874
1717106420.6763856
1717106420.6816952
1717106420.7055125
1717106420.7173307
1717106420.726144
1717106420.740609
1717106420.7511945
1717106420.7655084
1717106420.7781835
1717106420.7924798
1717106420.8030703
1717106420.8189983
1717106420.8269906
1717106420.8454306
1717106420.8623486
1717106422.5379546
1717106422.5437572
1717106422.5505984
1717106422.5632186
1717106422.5705786
1717106422.581581
1717106422.6168144
1717106422.6503692
1717106422.6572394
1717106422.667177
1717106422.6735027
1717106422.7077138
1717106422.7245224
1717106422.7428706
1717106422.748657
1717106422.7775545
1717106422.785402
1717106422.7927516
1717106422.843661
1717106422.8526125
1717106422.8678522
1717106422.874715
1717106422.895722
1717106422.906221
1717106422.9130368
1717106422.922504
1717106422.9293754
1717106422.9530683
1717106422.9683738
1717106422.9951568
1717106423.010665
1717106423.039019
1717106423.0710824
1717106423.0837848
1717106423.103785
1717106423.1206048
1717106423.1396003
1717106423.1564121
1717106423.1753247
1717106423.183212
1717106423.192725
1717106423.204293
1717106423.2331972
1717106423.243209
1717106423.2563884
1717106423.2695618
1717106423.287403
1717106423.2989542
1717106423.3089778
1717106423.3288875
1717106423.3362617
1717106423.3483062
1717106423.3572452
1717106423.385018
1717106423.391347
1717106423.4129288
1717106423.428718
1717106423.4371557
1717106423.4460893
1717106423.4592226
1717106423.4839425
1717106423.4907756
1717106423.4975784
1717106423.5023234
1717106423.525333
1717106423.559261
1717106423.5778666
1717106423.5847816
1717106423.5931954
1717106425.0506232
1717106425.087635
1717106425.1665409
1717106425.2002938
1717106425.2531016
1717106425.2691476
1717106425.2981107
1717106425.3090124
1717106425.3789113
1717106425.3923476
1717106425.411004
1717106425.4399061
1717106425.4595902
1717106425.5014663
1717106425.5352378
1717106425.5471292
1717106425.5627306
1717106425.591285
1717106425.645822
1717106425.7196891
1717106425.7428977
1717106425.7561216
1717106425.789507
1717106425.8020873
1717106425.8265939
1717106425.8343966
1717106425.8421657
1717106425.8868883
1717106425.9212434
1717106425.962775
1717106426.0225945
1717106426.03708
1717106426.0645337
1717106426.075912
1717106427.5582607
1717106427.575743
1717106427.6896904
1717106427.721433
1717106427.7940674
1717106427.885212
1717106427.9847488
1717106428.076509
1717106428.1083848
1717106428.1214573
1717106428.1784122
1717106428.194193
1717106428.2903419
1717106428.3116798
1717106428.3468435
1717106428.458018
1717106428.5320282
1717106428.5985155
1717106430.1015117
1717106430.2509353
1717106430.2910383
1717106430.5585437
1717106430.7415826
1717106430.8505793
1717106431.0312932
1717106431.105573
1717106432.794313
1717106432.9489722
1717106433.1813674
1717106433.3611405
1717106433.4654207
1717106433.5890932
1717106435.218452
1717106435.410641
1717106435.6722143
1717106435.9118783
1717106437.512207
1717106437.7778213
1717106438.0374167
1717106438.2983046
1717106439.9322624
1717106440.1959562
1717106440.4527595
1717106440.709293
1717106442.356281
1717106442.6156313
1717106442.8753178
1717106443.1348543
1717106444.807814
1717106445.0700157
1717106445.3299446
1717106445.5909922
1717106445.8581226
1717106447.5484803
1717106447.8159292
1717106448.084817
1717106448.3454602
1717106450.0778668
1717106450.3390296
1717106450.5988195
1717106450.8679051
1717106452.5334327
1717106452.7979105
1717106453.0588362
1717106453.3215528
1717106455.1864152
1717106455.4491568
1717106455.7102985
1717106455.9842122
1717106457.637671
1717106457.9052222
1717106458.1824327
1717106458.442911
1717106460.103331
1717106460.3647587
1717106460.6380339
1717106460.9027603
1717106462.5533636
1717106462.8190758
1717106463.0780334
1717106463.3723092
1717106465.1912806
1717106465.4532619
1717106465.7149425
1717106465.9783459
1717106467.6748152
1717106467.934289
1717106468.2013254
1717106468.4645073
1717106470.176271
1717106470.4372654
1717106470.6985455
1717106470.9597154
1717106472.6413274
1717106472.9188137
1717106473.1818674
1717106473.4574199
1717106473.721148
1717106475.4003868
1717106475.6630063
1717106475.938052
1717106476.208058
1717106477.9003592
1717106478.1632128
1717106478.4266312
1717106478.6894207
1717106480.32618
1717106480.5929542
1717106480.85808
1717106481.12828
1717106482.792752
1717106483.0702302
1717106483.337658
1717106483.6199086
1717106485.2807214
1717106485.5411866
1717106485.8156424
1717106486.0997138
1717106487.7839859
1717106488.0598545
1717106488.3300555
1717106488.6038234
1717106490.2673042
1717106490.5343406
1717106490.7956274
1717106491.063815
1717106492.709902
1717106492.9808972
1717106493.2619274
1717106493.5303824
1717106495.147166
1717106495.4077556
1717106495.6765964
1717106495.9386098
1717106497.6366634
1717106497.8981185
1717106498.1626778
1717106498.4280674
1717106498.6932845
1717106500.373848
1717106500.6361997
1717106500.8998735
1717106501.1617582
1717106502.8157454
1717106503.0834558
1717106503.3439767
1717106503.6054347
1717106505.2780201
1717106505.5387542
1717106505.8066928
1717106506.0670772
1717106507.7338438
1717106507.9964297
1717106508.2654688
1717106508.579554
1717106510.4442563
1717106510.7088354
1717106510.9796014
1717106511.2723248
1717106512.9492986
1717106513.2127068
1717106513.4771233
1717106513.74214
1717106515.3981407
1717106515.6620271
1717106515.9364183
1717106516.2245555
1717106517.9046817
1717106518.1729987
1717106518.4598498
1717106518.723431
1717106520.3572114
1717106520.6203458
1717106520.8861003
1717106521.149421
1717106522.8530583
1717106523.115448
1717106523.3787894
1717106523.6422117
1717106523.9061117
1717106525.6163478
1717106525.8806036
1717106526.150492
1717106526.4146733
1717106528.092221
1717106528.3634465
1717106528.6396198
1717106528.9185755
1717106530.5869122
1717106530.8749702
1717106531.1377387
1717106531.3998473
1717106533.0701954
1717106533.3291924
1717106533.587002
1717106533.8486843
1717106535.4933412
1717106535.7618895
1717106536.0426826
1717106536.3033934
1717106537.9692323
1717106538.2316236
1717106538.4944882
1717106538.8103857
1717106540.5053117
1717106540.769627
1717106541.030957
1717106541.2967632
1717106542.9734776
1717106543.2403128
1717106543.5153265
1717106543.7861516
1717106545.5073717
1717106545.7716558
1717106546.0390737
1717106546.3000455
1717106548.0064054
1717106548.2772279
1717106548.5481703
1717106548.808678
1717106550.4910603
1717106550.7529693
1717106551.0128381
1717106551.2800689
1717106551.540481
1717106553.2325108
1717106553.5034575
1717106553.7704496
1717106554.0425982
1717106555.9281044
1717106556.191051
1717106556.4552486
1717106556.7182646
1717106558.4112365
1717106558.6802511
1717106558.9553807
1717106559.2234035
1717106560.9067216
1717106561.1855917
1717106561.457665
1717106561.732571
1717106563.4407692
1717106563.7140467
1717106563.9894772
1717106564.2677722
1717106565.9596386
1717106566.2329288
1717106566.5050566
1717106566.7791152
1717106568.466518
1717106568.743637
1717106569.0170612
1717106569.2902486
1717106571.004236
1717106571.2763581
1717106571.5560958
1717106571.8470361
1717106573.5763583
1717106573.8479908
1717106574.121793
1717106574.3943815
1717106576.0975256
1717106576.369227
1717106576.6428113
1717106576.926966
1717106577.202019
1717106578.9021986
1717106579.1733737
1717106579.4432158
1717106579.7162766
1717106581.3914506
1717106581.6590984
1717106581.939243
1717106582.2071023
1717106583.8734272
1717106584.147693
1717106584.4204147
1717106584.6888099
1717106586.3841767
1717106586.6502993
1717106586.9253936
1717106587.1970062
1717106588.8761625
1717106589.152051
1717106589.419693
1717106589.694355
1717106591.369531
1717106591.6451705
1717106591.9258122
1717106592.2075675
1717106593.903917
1717106594.1667595
1717106594.4333072
1717106594.702491
1717106596.3896332
1717106596.6590707
1717106596.9288585
1717106597.192189
1717106598.8861558
1717106599.154456
1717106599.417897
1717106599.6928706
1717106601.3177457
1717106601.5920353
1717106601.8632195
1717106602.1389637
1717106603.7684429
1717106604.0296805
1717106604.2929628
1717106604.5599024
1717106604.8288338
1717106606.4975944
1717106606.7700942
1717106607.0389724
1717106607.3068902
1717106608.9476488
1717106609.2103028
1717106609.4739144
1717106609.7373838
1717106611.4242706
1717106611.6885383
1717106611.9577453
1717106612.2373004
1717106613.950331
1717106614.2212954
1717106614.4927685
1717106614.7690117
1717106616.4780905
1717106616.7521598
1717106617.0261967
1717106617.3221042
1717106619.0116813
1717106619.2723515
1717106619.5419364
1717106619.8026574
1717106621.5005643
1717106621.7686384
1717106622.0557373
1717106622.3374064
1717106624.0078814
1717106624.2841773
1717106624.5582287
1717106624.857198
1717106626.5314174
1717106626.8036957
1717106627.0646193
1717106627.3365695
1717106629.0255053
1717106629.2897983
1717106629.5527883
1717106629.8182068
1717106630.0808566
1717106631.7936873
1717106632.0570023
1717106632.3219213
1717106632.5943272
1717106634.2734292
1717106634.5381217
1717106634.801292
1717106635.0821998
1717106636.7692895
1717106637.0427713
1717106637.314858
1717106637.5933561
1717106639.3366973
1717106639.6088614
1717106639.8825643
1717106640.1557114
1717106641.8520164
1717106642.1140196
1717106642.3828957
1717106642.656082
1717106644.3228939
1717106644.5912528
1717106644.8668172
1717106645.1360419
1717106646.7982697
1717106647.0769997
1717106647.3491762
1717106647.6224036
1717106649.2699716
1717106649.5434031
1717106649.8151686
1717106650.0920727
1717106651.7992682
1717106652.070693
1717106652.360978
1717106652.6331425
1717106654.3085303
1717106654.5798106
1717106654.8592176
1717106655.1317856
1717106655.4087346
1717106657.1300268
1717106657.4039009
1717106657.6715376
1717106657.9492195
1717106659.6587293
1717106659.9262664
1717106660.2056382
1717106660.4743392
1717106662.152104
1717106662.419985
1717106662.6932325
1717106662.9613833
1717106664.640597
1717106664.9087543
1717106665.1778498
1717106665.44556
1717106667.1345735
1717106667.4035027
1717106667.671195
1717106667.9402406
1717106669.6125765
1717106669.8854256
1717106670.15056
1717106670.4170005
1717106672.0220788
1717106672.2907531
1717106672.5711465
1717106672.8328264
1717106674.4758759
1717106674.7388468
1717106675.0005455
1717106675.2632833
1717106676.9102407
1717106677.173495
1717106677.4354029
1717106677.6984673
1717106679.385825
1717106679.6559355
1717106679.919082
1717106680.1812215
1717106681.8483582
1717106682.1324635
1717106682.406518
1717106682.67348
1717106682.9464288
1717106684.6623018
1717106684.9302535
1717106685.203621
1717106685.4751065
1717106687.1142635
1717106687.3812318
1717106687.6512074
1717106687.9188519
1717106689.5967696
1717106689.865945
1717106690.1334782
1717106690.4022827
1717106692.0489573
1717106692.318096
1717106692.5861902
1717106692.8555272
1717106694.4869053
1717106694.7480795
1717106695.0105891
1717106695.2725148
1717106696.9594898
1717106697.2271664
1717106697.4901984
1717106697.7562525
1717106699.4045556
1717106699.672077
1717106699.9330635
1717106700.2004733
1717106701.8487017
1717106702.109371
1717106702.3720002
1717106702.6338594
1717106704.3223147
1717106704.6077542
1717106704.8836758
1717106705.1532652
1717106706.8711782
1717106707.1397507
1717106707.4100652
1717106707.6792238
1717106707.9498796
1717106709.6167855
1717106709.8875682
1717106710.1598108
1717106710.4289482
1717106712.2459445
1717106712.5289469
1717106712.7982159
1717106713.070542
1717106714.7355435
1717106715.008282
1717106715.2839894
1717106715.553029
1717106717.2570016
1717106717.5264096
1717106717.7951334
1717106718.0696352
1717106719.7937992
1717106720.0633152
1717106720.3314679
1717106720.6016061
1717106722.3024113
1717106722.5931447
1717106722.8573909
1717106723.1215956
1717106724.8253143
1717106725.0890365
1717106725.3661683
1717106725.6379478
1717106727.3553677
1717106727.6227763
1717106727.8978179
1717106728.1667695
1717106729.8160737
1717106730.0775816
1717106730.3441794
1717106730.6155562
1717106732.2391074
1717106732.5042775
1717106732.774168
1717106733.0489397
1717106734.6842628
1717106734.9453459
1717106735.213265
1717106735.4763863
1717106735.756199
1717106737.4189732
1717106737.6883712
1717106737.9582846
1717106738.2292883
1717106739.879957
1717106740.1429825
1717106740.4070797
1717106740.6751645
1717106742.3228722
1717106742.591871
1717106742.8703346
1717106743.1532073
1717106744.8160596
1717106745.0876584
1717106745.356992
1717106745.6277342
1717106747.3313835
1717106747.6087997
1717106747.885938
1717106748.1481056
1717106749.8768659
1717106750.1471834
1717106750.414007
1717106750.6805046
1717106752.364216
1717106752.6278863
1717106752.9008296
1717106753.1818469
1717106754.8192132
1717106755.0800514
1717106755.3405807
1717106755.6101289
1717106757.3188918
1717106757.5871713
1717106757.853744
1717106758.1220539
1717106759.7644098
1717106760.0313034
1717106760.3093264
1717106760.5743182
1717106760.8414795
1717106762.512247
1717106762.7730074
1717106763.032817
1717106763.2934375
1717106764.948833
1717106765.2092009
1717106765.4750152
1717106765.743572
1717106767.4375408
1717106767.7026486
1717106767.9746768
1717106768.2414374
1717106769.921146
1717106770.1800003
1717106770.4441764
1717106770.7200172
1717106772.5277827
1717106772.808796
1717106773.0762265
1717106773.3452194
1717106775.018764
1717106775.285856
1717106775.5555012
1717106775.816694
1717106777.4959598
1717106777.7588127
1717106778.0263233
1717106778.2870443
1717106779.9453285
1717106780.2049086
1717106780.4653862
1717106780.729414
1717106782.3787124
1717106782.643378
1717106782.910811
1717106783.1940963
1717106784.8141325
1717106785.0741816
1717106785.351929
1717106785.6148672
1717106787.285314
1717106787.5460732
1717106787.819123
1717106788.0809972
1717106788.3440382
1717106789.9848638
1717106790.2468672
1717106790.515197
1717106790.7791915
1717106792.369571
1717106792.6376345
1717106792.8993928
1717106793.1671922
1717106794.8428915
1717106795.1055198
1717106795.3670838
1717106795.6373968
1717106797.2902846
1717106797.5522752
1717106797.8239872
1717106798.0858822
1717106799.7475557
1717106800.0091214
1717106800.272036
1717106800.5338476
1717106802.1859672
1717106802.4542832
1717106802.71623
1717106802.9840634
1717106804.6101367
1717106804.872235
1717106805.139607
1717106805.4014614
1717106807.03887
1717106807.2992144
1717106807.5622382
1717106807.8427148
1717106809.5145547
1717106809.7962272
1717106810.0628562
1717106810.3247678
1717106811.9668267
1717106812.2362452
1717106812.5008993
1717106812.7682166
1717106813.0264702
1717106814.633284
1717106814.9023783
1717106815.1694136
1717106815.4382415
1717106817.0548012
1717106817.3202116
1717106817.582885
1717106817.8506696
1717106819.515387
1717106819.7740483
1717106820.035127
1717106820.2978141
1717106821.9856002
1717106822.2482784
1717106822.5334961
1717106822.814407
1717106824.587358
1717106824.8590152
1717106825.1250856
1717106825.4055738
1717106827.072506
1717106827.330813
1717106827.5938687
1717106827.8620625
1717106829.54219
1717106829.8076386
1717106830.0792391
1717106830.3462036
1717106832.1339371
1717106832.3986273
1717106832.6667123
1717106832.9244103
1717106834.6369035
1717106834.90581
1717106835.1886344
1717106835.4492838
1717106837.1500537
1717106837.4348187
1717106837.7035105
1717106837.9726572
1717106838.235374
1717106839.9525619
1717106840.2159655
1717106840.485485
1717106840.7508013
1717106842.3877583
1717106842.6600018
1717106842.9221847
1717106843.1862786
1717106844.8672
1717106845.1308188
1717106845.3933427
1717106845.659404
1717106847.3847988
1717106847.6470132
1717106847.917158
1717106848.1930437
1717106849.9619145
1717106850.230236
1717106850.4991586
1717106850.7629793
1717106852.4162452
1717106852.687407
1717106852.9595091
1717106853.2274473
1717106854.8734875
1717106855.1488063
1717106855.4115918
1717106855.6999831
1717106857.3614824
1717106857.6238525
1717106857.8914683
1717106858.167798
1717106859.821696
1717106860.0816016
1717106860.3525124
1717106860.6130161
1717106862.2777019
1717106862.555712
1717106862.8359642
1717106863.1083202
1717106864.748443
1717106865.023976
1717106865.2968457
1717106865.5871947
1717106865.8605752
1717106867.564074
1717106867.8346832
1717106868.10611
1717106868.369064
1717106870.131437
1717106870.394396
1717106870.675922
1717106870.9606595
1717106872.622619
1717106872.9115117
1717106873.1809244
1717106873.457099
1717106875.3120809
1717106875.5748875
1717106875.8470123
1717106876.1164205
1717106877.7861526
1717106878.056517
1717106878.323255
1717106878.592428
1717106880.2894065
1717106880.5622313
1717106880.834928
1717106881.1103053
1717106882.6936557
1717106882.9636292
1717106883.2350388
1717106883.50769
1717106885.1763527
1717106885.439657
1717106885.7025335
1717106885.9692771
1717106887.7142112
1717106887.978259
1717106888.241162
1717106888.5051613
1717106890.1951764
1717106890.4710853
1717106890.743572
1717106891.0166008
1717106891.2794237
1717106892.974764
1717106893.2378638
1717106893.5004094
1717106893.764283
1717106895.4242215
1717106895.699164
1717106895.9626203
1717106896.2265987
1717106897.8948395
1717106898.169857
1717106898.448864
1717106898.7182128
1717106900.4092386
1717106900.6779792
1717106900.9540284
1717106901.222666
1717106902.8981173
1717106903.1731932
1717106903.4355924
1717106903.7011397
1717106905.4094439
1717106905.6800983
1717106905.951699
1717106906.2269287
1717106907.9789872
1717106908.2584457
1717106908.5294724
1717106908.7972662
1717106910.457185
1717106910.7268186
1717106910.9969757
1717106911.2806695
1717106913.1396
1717106913.4324272
1717106913.7044315
1717106913.9787772
1717106915.659202
1717106915.9308548
1717106916.2051532
1717106916.4786782
1717106918.1778605
1717106918.4498594
1717106918.7243996
1717106918.997572
1717106919.2720087
1717106920.9382436
1717106921.212739
1717106921.4868622
1717106921.763821
1717106923.4861436
1717106923.7652628
1717106924.0475957
1717106924.3459084
1717106926.0579307
1717106926.3325727
1717106926.6511028
1717106926.9561882
1717106928.682481
1717106928.940128
1717106929.198445
1717106929.4560568
1717106931.1173449
1717106931.375286
1717106931.6474507
1717106931.915928
1717106933.5721004
1717106933.840735
1717106934.1075435
1717106934.3793175
1717106936.0711784
1717106936.3430812
1717106936.6103518
1717106936.878819
1717106938.5641136
1717106938.8266463
1717106939.08732
1717106939.3467612
1717106941.0237544
1717106941.3060005
1717106941.5795712
1717106941.854089
1717106943.5553112
1717106943.8286486
1717106944.110537
1717106944.3832018
1717106944.6602936
1717106946.354361
1717106946.626363
1717106946.901626
1717106947.174033
1717106948.8036804
1717106949.073111
1717106949.3413973
1717106949.610579
1717106951.3209713
1717106951.5917878
1717106951.873976
1717106952.148832
1717106953.8201137
1717106954.0957556
1717106954.3648577
1717106954.635034
1717106956.3238277
1717106956.5929437
1717106956.8658187
1717106957.1351144
1717106958.848154
1717106959.1161969
1717106959.3859186
1717106959.6552494
1717106961.3379056
1717106961.6064608
1717106961.9170845
1717106962.2036679
1717106963.8946571
1717106964.1642485
1717106964.4326863
1717106964.7073593
1717106966.3492572
1717106966.6336124
1717106966.911636
1717106967.1860893
1717106968.866986
1717106969.1447651
1717106969.424171
1717106969.7040422
1717106969.977179
1717106971.6991978
1717106971.9845977
1717106972.2567053
1717106972.5307627
1717106974.2132092
1717106974.4880555
1717106974.764985
1717106975.044872
1717106976.7817872
1717106977.059495
1717106977.3325856
1717106977.6080792
1717106979.3119903
1717106979.5862613
1717106979.8621702
1717106980.1438684
1717106981.8921516
1717106982.1761937
1717106982.4659092
1717106982.7454967
1717106984.463639
1717106984.7366521
1717106985.017053
1717106985.294459
1717106987.028508
1717106987.3013163
1717106987.5759914
1717106987.8488286
1717106989.5462496
1717106989.8175416
1717106990.0908058
1717106990.3632581
1717106992.0923653
1717106992.3721647
1717106992.650755
1717106992.9231799
1717106994.5924678
1717106994.8916972
1717106995.1928744
1717106995.472171
