896
1984
2880
3712
4544
6400
8704
9792
10560
11968
13056
16000
17792
20608
22272
23040
27008
27840
30400
31168
33216
34176
35136
36160
37184
38976
39936
41024
42176
43456
44416
46144
49088
49984
51648
54016
54848
56128
57408
58112
59584
60928
62848
64704
65600
68096
69440
70976
72064
73024
73920
75200
76160
76928
79360
80640
81792
83008
84288
85184
87488
88512
89984
90688
92544
93440
94784
95424
97600
99584
101568
102592
103168
105152
109952
111936
113280
114176
117696
118464
119616
121472
123136
125120
128512
129984
131264
133760
134720
135808
139520
141440
145280
148032
150208
151232
152000
152768
153728
155264
156864
158464
161728
163072
166336
167488
168256
170304
172352
173888
175168
176896
178752
182464
183808
185600
188096
189632
191744
192576
193792
194624
196096
198464
201024
201920
202624
204288
205184
206848
209408
211904
214144
215616
217472
218880
222016
223168
224064
225600
227328
231872
233216
235456
236224
237888
241600
246464
249664
250944
255232
258688
260992
262272
264704
268736
274560
280512
281344
283584
286400
287808
289024
290944
292672
297280
299712
304448
309312
310336
314240
316672
319680
327232
334784
339264
340480
343552
348160
357440
360512
365632
366720
367744
370752
373696
375872
381440
383552
385536
390976
395008
397376
403648
406272
407360
415296
416832
423808
428544
434112
443712
457216
467648
477568
482304
485504
490176
498944
510720
521344
543680
552576
569280
585920
597824
614016
630016
644544
660672
676992
696768
711424
729280
755072
765248
787008
812160
835392
865984
896448
926144
958144
983936
1013056
1040768
1072768
1104768
1136768
1168768
1200768
1232768
1264768
1296768
1328768
1360768
1392768
1424768
1456768
1488768
1520768
1552768
1584768
1616768
1648768
1680768
1712768
1744768
1776768
1808768
1840768
1872768
1904768
1936768
1968768
2000768
2032768
2064768
2096768
2128768
2160768
2192768
2224768
2256768
2288768
2320768
2352768
2384768
2416768
2448768
2480768
2512768
2544768
2576768
2608768
2640768
2672768
2704768
2736768
2768768
2800768
2832768
2864768
2896768
2928768
2960768
2992768
3024768
3056768
3088768
3120768
3152768
3184768
3216768
3248768
3280768
3312768
3344768
3376768
3408768
3440768
3472768
3504768
3536768
3568768
3600768
3632768
3664768
3696768
3728768
3760768
3792768
3824768
3856768
3888768
3920768
3952768
3984768
4016768
4048768
4080768
4112768
4144768
4176768
4208768
4240768
4272768
4304768
4336768
4368768
4400768
4432768
4464768
4496768
4528768
4560768
4592768
4624768
4656768
4688768
4720768
4752768
4784768
4816768
4848768
4880768
4912768
4944768
4976768
5008768
5040768
5072768
5104768
5136768
5168768
5200768
5232768
5264768
5296768
5328768
5360768
5392768
5424768
5456768
5488768
5520768
5552768
5584768
5616768
5648768
5680768
5712768
5744768
5776768
5808768
5840768
5872768
5904768
5936768
5968768
6000768
6032768
6064768
6096768
6128768
6160768
6192768
6224768
6256768
6288768
6320768
6352768
6384768
6416768
6448768
6480768
6512768
6544768
6576768
6608768
6640768
6672768
6704768
6736768
6768768
6800768
6832768
6864768
6896768
6928768
6960768
6992768
7024768
7056768
7088768
7120768
7152768
7184768
7216768
7248768
7280768
7312768
7344768
7376768
7408768
7440768
7472768
7504768
7536768
7568768
7600768
7632768
7664768
7696768
7728768
7760768
7792768
7824768
7856768
7888768
7920768
7952768
7984768
8016768
8048768
8080768
8112768
8144768
8176768
8208768
8240768
8272768
8304768
8336768
8368768
8400768
8432768
8464768
8496768
8528768
8560768
8592768
8624768
8656768
8688768
8720768
8752768
8784768
8816768
8848768
8880768
8912768
8944768
8976768
9008768
9040768
9072768
9104768
9136768
9168768
9200768
9232768
9264768
9296768
9328768
9360768
9392768
9424768
9456768
9488768
9520768
9552768
9584768
9616768
9648768
9680768
9712768
9744768
9776768
9808768
9840768
9872768
9904768
9936768
9968768
10000768
10032768
10064768
10096768
10128768
10160768
10192768
10224768
10256768
10288768
10320768
10352768
10384768
10416768
10448768
10480768
10512768
10544768
10576768
10608768
10640768
10672768
10704768
10736768
10768768
10800768
10832768
10864768
10896768
10928768
10960768
10992768
11024768
11056768
11088768
11120768
11152768
11184768
11216768
11248768
11280768
11312768
11344768
11376768
11408768
11440768
11472768
11504768
11536768
11568768
11600768
11632768
11664768
11696768
11728768
11760768
11792768
11824768
11856768
11888768
11920768
11952768
11984768
12016768
12048768
12080768
12112768
12144768
12176768
12208768
12240768
12272768
12304768
12336768
12368768
12400768
12432768
12464768
12496768
12528768
12560768
12592768
12624768
12656768
12688768
12720768
12752768
12784768
12816768
12848768
12880768
12912768
12944768
12976768
13008768
13040768
13072768
13104768
13136768
13168768
13200768
13232768
13264768
13296768
13328768
13360768
13392768
13424768
13456768
13488768
13520768
13552768
13584768
13616768
13648768
13680768
13712768
13744768
13776768
13808768
13840768
13872768
13904768
13936768
13968768
14000768
14032768
14064768
14096768
14128768
14160768
14192768
14224768
14256768
14288768
14320768
14352768
14384768
14416768
14448768
14480768
14512768
14544768
14576768
14608768
14640768
14672768
14704768
14736768
14768768
14800768
14832768
14864768
14896768
14928768
14960768
14992768
15024768
15056768
15088768
15120768
15152768
15184768
15216768
15248768
15280768
15312768
15344768
15376768
15408768
15440768
15472768
15504768
15536768
15568768
15600768
15632768
15664768
15696768
15728768
15760768
15792768
15824768
15856768
15888768
15920768
15952768
15984768
16016768
16048768
16080768
16112768
16144768
16176768
16208768
16240768
16272768
16304768
16336768
16368768
16400768
16432768
16464768
16496768
16528768
16560768
16592768
16624768
16656768
16688768
16720768
16752768
16784768
16816768
16848768
16880768
16912768
16944768
16976768
17008768
17040768
17072768
17104768
17136768
17168768
17200768
17232768
17264768
17296768
17328768
17360768
17392768
17424768
17456768
17488768
17520768
17552768
17584768
17616768
17648768
17680768
17712768
17744768
17776768
17808768
17840768
17872768
17904768
17936768
17968768
18000768
18032768
18064768
18096768
18128768
18160768
18192768
18224768
18256768
18288768
18320768
18352768
18384768
18416768
18448768
18480768
18512768
18544768
18576768
18608768
18640768
18672768
18704768
18736768
18768768
18800768
18832768
18864768
18896768
18928768
18960768
18992768
19024768
19056768
19088768
19120768
19152768
19184768
19216768
19248768
19280768
19312768
19344768
19376768
19408768
19440768
19472768
19504768
19536768
19568768
19600768
19632768
19664768
19696768
19728768
19760768
19792768
19824768
19856768
19888768
19920768
19952768
19984768
20016768
20048768
20080768
20112768
20144768
20176768
20208768
20240768
20272768
20304768
20336768
20368768
20400768
20432768
20464768
20496768
20528768
20560768
20592768
20624768
20656768
20688768
20720768
20752768
20784768
20816768
20848768
20880768
20912768
20944768
20976768
21008768
21040768
21072768
21104768
21136768
21168768
21200768
21232768
21264768
21296768
21328768
21360768
21392768
21424768
21456768
21488768
21520768
21552768
21584768
21616768
21648768
21680768
21712768
21744768
21776768
21808768
21840768
21872768
21904768
21936768
21968768
22000768
22032768
22064768
22096768
22128768
22160768
22192768
22224768
22256768
22288768
22320768
22352768
22384768
22416768
22448768
22480768
22512768
22544768
22576768
22608768
22640768
22672768
22704768
22736768
22768768
22800768
22832768
22864768
22896768
22928768
22960768
22992768
23024768
23056768
23088768
23120768
23152768
23184768
23216768
23248768
23280768
23312768
23344768
23376768
23408768
23440768
23472768
23504768
23536768
23568768
23600768
23632768
23664768
23696768
23728768
23760768
23792768
23824768
23856768
23888768
23920768
23952768
23984768
24016768
24048768
24080768
24112768
24144768
24176768
24208768
24240768
24272768
24304768
24336768
24368768
24400768
24432768
24464768
24496768
24528768
24560768
24592768
24624768
24656768
24688768
24720768
24752768
24784768
24816768
24848768
24880768
24912768
24944768
24976768
25008768
25040768
25072768
25104768
25136768
25168768
25200768
25232768
25264768
25296768
25328768
25360768
25392768
25424768
25456768
25488768
25520768
25552768
25584768
25616768
25648768
25680768
25712768
25744768
25776768
25808768
25840768
25872768
25904768
25936768
25968768
26000768
26032768
26064768
26096768
26128768
26160768
26192768
26224768
26256768
26288768
26320768
26352768
26384768
26416768
26448768
26480768
26512768
26544768
26576768
26608768
26640768
26672768
26704768
26736768
26768768
26800768
26832768
26864768
26896768
26928768
26960768
26992768
27024768
27056768
27088768
27120768
27152768
27184768
27216768
27248768
27280768
27312768
27344768
27376768
27408768
27440768
27472768
27504768
27536768
27568768
27600768
27632768
27664768
27696768
27728768
27760768
27792768
27824768
27856768
27888768
27920768
27952768
27984768
28016768
28048768
28080768
28112768
28144768
28176768
28208768
28240768
28272768
28304768
28336768
28368768
28400768
28432768
28464768
28496768
28528768
28560768
28592768
28624768
28656768
28688768
28720768
28752768
28784768
28816768
28848768
28880768
28912768
28944768
28976768
29008768
29040768
29072768
29104768
29136768
29168768
29200768
29232768
29264768
29296768
29328768
29360768
29392768
29424768
29456768
29488768
29520768
29552768
29584768
29616768
29648768
29680768
29712768
29744768
29776768
29808768
29840768
29872768
29904768
29936768
29968768
30000768
