-490.40625
-720.4000244140625
-541.6187744140625
-1313.574951171875
-1075.9625244140625
-1698.375
-540.625
-915.125
-826.59375
-874.4312744140625
-1199.96875
-699.03125
-753.9625244140625
-1237.9000244140625
-695.4124755859375
-365.98126220703125
-600.6062622070312
-1139.5687255859375
-1673.206298828125
-868.1500244140625
-1414.7437744140625
-1274.6187744140625
-698.1500244140625
-533.8312377929688
-605.6062622070312
-390.35626220703125
-498.1312561035156
-500.70001220703125
-1050.737548828125
-854.9562377929688
-464.5687561035156
-927.875
-1502.53125
-1901.0687255859375
-629.3562622070312
-702.6812744140625
-310.4937438964844
-919.4625244140625
-532.46875
-528.9375
-1922.5374755859375
-1100.512451171875
-1058.456298828125
-109.58125305175781
-435.16876220703125
-176.41250610351562
-315.4125061035156
-110.6312484741211
-228.6875
-288.17498779296875
-315.0687561035156
-289.3187561035156
-188.5
-344.15625
-430.13751220703125
-307.09375
-400.1937561035156
-92.98750305175781
-302.41876220703125
-362.10626220703125
-371.3500061035156
-279.08123779296875
-125.7249984741211
-258.2875061035156
-523.9249877929688
-332.76873779296875
-126.8062515258789
-195.7312469482422
-376.60626220703125
-526.6875
-449.66876220703125
-266.4624938964844
-234.52499389648438
-165.125
-260.79998779296875
-399.0249938964844
-209.15625
-133.5187530517578
-368.7562561035156
-179.06875610351562
-274.07501220703125
-375.79998779296875
-105.7249984741211
-135.3312530517578
-87.3499984741211
-128.66250610351562
-222.81875610351562
-88.3499984741211
-171.3625030517578
-126.05000305175781
-134.375
-121.1500015258789
-169.7375030517578
-88.3499984741211
-116.95625305175781
-68.7874984741211
-101.10624694824219
-221.625
-141.75625610351562
-270.89373779296875
-123.57499694824219
-223.00625610351562
-124.1875
-215.2937469482422
-211.3000030517578
-74.63749694824219
-137.0437469482422
-116.3375015258789
-189.8312530517578
-49.462501525878906
-96.0687484741211
-296.7749938964844
-463.2749938964844
-443.28125
-300.01251220703125
-866.59375
-103.67500305175781
-243.1374969482422
-166.69375610351562
-293.4937438964844
-327.2875061035156
-186.25625610351562
-285.35626220703125
-289.0687561035156
-269.9312438964844
-308.9624938964844
-229.80624389648438
-281.92498779296875
-279.5
-185.96875
-150.36874389648438
-102.875
-195.3000030517578
-126.8062515258789
-162.0749969482422
-118.1937484741211
-85.59375
-92.4937515258789
-74.2125015258789
-131.7687530517578
-127.76249694824219
-29.850000381469727
-99.4437484741211
-58.087501525878906
-24.856250762939453
-44.46875
-43.23125076293945
-89.3062515258789
-107.25
-78.4000015258789
-217.71875
-115.1937484741211
-168.50625610351562
-152.13125610351562
-182.21249389648438
-116.57499694824219
-93.01249694824219
-114.90625
-123.3375015258789
-152.27499389648438
-146.375
-105.76875305175781
-109.0062484741211
-25.331249237060547
-134.0437469482422
-41.5625
-34.46875
-29.568750381469727
-39.23125076293945
-52.88750076293945
-68.35624694824219
-58.599998474121094
-65.5999984741211
-124.05000305175781
-28.899999618530273
-88.91874694824219
-133.99374389648438
-176.21249389648438
-256.61248779296875
-125.14375305175781
-132.66250610351562
-144.13125610351562
-103.9124984741211
-95.34375
-31.231250762939453
-107.9124984741211
-105.9124984741211
-146.13125610351562
-69.5
-159.41250610351562
-113.71875
-71.83125305175781
-141.6125030517578
-74.0687484741211
-70.8375015258789
-135.75625610351562
-244.80624389648438
-33.42499923706055
-84.20625305175781
-81.63749694824219
