0.696256845
0.905887366
1.379963808
1.66025652
1.920558175
2.188220436
2.881462221
3.087382629
3.694283501
4.033615514
4.311127369
5.160664438
5.973562869
6.804468427
8.322991617
8.845917783
9.181969813
10.000944526
10.434305328
11.179488604
12.034827084
12.723438911
13.741398593
14.559789986
15.408478074
16.031203762
16.729103633
17.358637922
18.147949045
18.602091655
19.007648562
20.011689023
20.374607689
21.280558141
22.193322359
23.168689534
24.023295259
25.050860249
26.098330397
26.680353485
27.709824552
28.524465756
29.233226448
29.911715509
32.068813572
33.715917626
34.965988945
35.785544335
37.107614829
38.043301017
39.123494494
41.213798952
42.968085836
44.503397072
45.398104879
46.547200106
47.319249766
48.327607938
49.024346595
50.132653338
50.800839512
51.523454344
52.55965517
53.344526171
54.27880643
54.819860974
55.760009096
56.433958463
57.470173858
58.269503694
59.317763591
60.566279173
61.380336184
62.215889823
63.048082566
63.696499867
64.51682896
65.450235075
66.377561972
67.424233602
68.731190843
69.617889565
70.655381613
71.8087069
73.027130101
74.105152059
74.875888352
75.669687135
76.260747118
77.124806266
78.021084789
78.948521185
79.624724094
80.399126736
81.649344821
82.963920109
83.755040092
84.356676676
85.292356158
86.153125239
86.969563921
87.677688716
88.650277321
89.918621798
90.804306845
91.936382749
92.968995575
93.693755399
95.733485291
97.073148487
99.419679899
100.771469027
102.344384398
103.824407843
104.986578267
106.079494441
106.941177815
107.630944353
108.39355047
109.330402348
110.326638085
111.419703767
112.463322613
113.680415518
114.557478495
115.439088348
116.024008149
116.875053034
118.044450125
118.650201519
119.982341076
121.359512398
122.525465394
123.495375612
124.948385036
126.292798509
127.405228235
128.188425851
128.867744041
129.799726563
130.988029209
131.679051082
132.942171095
133.651300875
134.433563698
135.211245434
136.690742306
137.589986621
138.412974284
139.155202178
141.10703498
143.273933799
144.249230272
145.114253317
146.391675696
147.376341624
151.168906222
155.725185348
157.974468337
160.250935153
162.821919391
163.932659081
165.160988423
166.069375433
167.056243022
168.420500289
169.456313752
171.06501222
171.931276579
172.950944143
174.479695145
175.403348964
176.190470219
177.199101438
179.041990964
180.187583929
181.385211826
182.62338325
183.273654786
184.625167493
186.020571397
187.058000694
187.929157283
189.114256308
190.42654183
191.430364488
192.106695154
193.695431203
195.437941873
196.305675535
197.352644733
198.347593902
201.766597979
203.956809826
206.193617199
208.794793981
209.794466055
210.72367593
213.628669975
215.75229304
