nan
-1332.5125
-1116.25
-985.4583333333334
-1006.275
-1016.49
-968.9989583333332
-1038.3383928571427
-1275.65078125
-1260.8513888888888
-1280.0468749999998
-1232.878409090909
-1212.5989583333333
-1160.7985576923077
-1115.5383928571428
-1078.7975
-1032.1433593749998
-998.8963235294115
-979.3659722222219
-941.4736842105259
-913.2565624999995
-911.410714285714
-889.2153409090905
-867.948369565217
-852.6658854166666
-840.49475
-817.9331730769229
-795.1018518518517
-781.7857142857141
-762.0103448275861
-747.5943749999999
-732.3504032258063
-713.39453125
-707.1755681818182
-699.4200367647059
-687.4282142857143
-675.6236111111111
-667.1680743243244
-663.6792763157895
-660.2958333333333
-654.4984375
-652.5094512195122
-646.0739583333334
-635.65625
-625.0284090909091
-616.4319444444444
-607.9464673913043
-600.925
-592.8039062500001
-587.9448979591838
-582.5918750000001
-574.7151960784314
-569.9068509615386
-563.1531839622643
-558.2980324074075
-551.7552272727273
-547.2600446428571
-541.7509868421052
-536.9924568965517
-532.6154661016949
-526.696875
-521.2665983606557
-515.1216733870967
-511.0780753968254
-505.88310546875005
-500.8026923076923
-497.89611742424245
-492.29216417910453
-488.8171875000001
-484.46059782608705
-481.33008928571434
-477.92385563380293
-474.3424479166667
-470.1170376712328
-466.12356418918915
-462.6948333333333
-458.21644736842103
-454.6270292207792
-451.27988782051284
-447.73615506329116
-443.03796875000006
-440.7917438271606
-436.685899390244
-432.3853162650604
-428.7634672619049
-425.735367647059
-421.81126453488383
-417.7431752873564
-414.09637784090904
-410.3143960674157
-407.3695833333333
-403.42870879120875
-400.37180706521735
-398.625940860215
-395.4775930851063
-393.1340131578947
-391.2048828125
-389.65502577319586
-386.4382015306122
-383.9258838383838
-381.67224999999996
-379.73273514851485
-377.3684436274509
-374.4428398058252
-371.54050480769234
-368.4749404761905
-366.1560141509434
-364.5036214953271
-362.89079861111105
-360.98096330275223
-359.5905113636363
-357.81024774774767
-355.3958705357142
-353.2714601769911
-351.282894736842
-348.8267934782608
-348.44342672413785
-346.56095085470076
-345.28755296610166
-343.75120798319324
-342.18052083333333
-340.6086776859504
-338.3112192622951
-335.7279471544715
-334.46113911290325
-332.23220000000003
-330.6359126984127
-329.04266732283463
-327.1775390625
-325.77378875969
-323.81980769230773
-322.16040076335884
-320.2387310606061
-318.5016447368421
-316.8121735074627
-314.8875462962963
-313.3692095588235
-311.62531934306566
-309.8622282608696
-308.9336330935252
-307.5675
-305.75687056737587
-304.362323943662
-303.10572552447553
-301.6586805555555
-300.15120689655174
-298.679323630137
-297.9071003401361
-296.27280405405406
-294.87449664429533
-293.9755416666667
-292.81361754966883
-291.21011513157896
-289.54669117647063
-288.4361607142857
-287.16834677419354
-285.6189503205128
-284.1326433121019
-283.1070806962025
-282.0881289308176
-280.8808203125001
-279.80885093167706
-278.7283564814815
-277.3191717791412
-276.2798018292683
-275.1030303030303
-274.21483433734943
-273.0553892215569
-272.5449404761905
-271.23054733727815
-269.9170588235295
-268.77730263157895
-267.8472747093023
-267.27080924855494
-266.26411637931034
-265.4111785714286
-264.5665838068182
-263.5349576271187
-262.6922050561797
-262.0442039106145
-261.4713541666667
-260.29423342541435
-259.26813186813183
-258.612943989071
-257.9475543478261
-257.03233108108105
-256.0046370967742
-254.7423128342246
-253.5592420212766
-252.8445105820106
-251.59269736842106
-250.76865183246073
-249.7702473958333
-248.9681347150259
-247.9574097938144
-246.94875
-245.76533801020406
-244.62728426395938
-243.5370265151515
-242.52638190954775
