nan
-944.3
-655.640625
-880.6625
-781.871875
-777.17375
-853.5
-846.2151785714286
-855.22734375
-809.2020833333333
-792.95375
-806.0681818181819
-819.959375
-807.1711538461539
-830.1133928571428
-831.3666666666667
-818.0261718749999
-806.5044117647058
-792.3020833333333
-780.107894736842
-762.6621874999998
-781.6681547619046
-759.1085227272725
-754.2179347826086
-748.1184895833334
-732.4789999999999
-725.4733173076922
-723.26875
-711.6578124999999
-712.8851293103447
-699.6479166666666
-685.1643145161289
-672.515625
-658.3257575757576
-644.0284926470588
-631.605
-621.7069444444445
-607.5273648648649
-596.8246710526316
-586.6060897435898
-575.8596875
-570.4669207317072
-561.6931547619047
-550.4119186046511
-539.8348011363635
-532.899861111111
-524.4691576086956
-515.1728723404254
-508.89765625
-502.6910714285715
-495.55512500000003
-488.6916666666667
-480.48569711538465
-476.0829009433963
-468.8180555555556
-463.07829545454547
-459.52566964285717
-455.47719298245613
-449.59062500000005
-444.07711864406787
-440.5354166666667
-436.0681352459017
-433.0884072580646
-428.6243055555556
-423.1751953125
-421.1376923076923
-417.29062500000003
-416.3198694029851
-412.72472426470586
-410.58786231884056
-406.0199107142857
-401.7824823943662
-398.1997395833333
-395.80650684931504
-392.34839527027026
-390.61691666666667
-388.47302631578947
-385.24366883116886
-383.0753205128205
-381.5067246835443
-379.362734375
-376.962962962963
-377.5609756097561
-375.6068524096386
-388.1875
-396.3719852941177
-394.79934593023256
-391.9465517241379
-391.1875
-388.60519662921354
-386.77000000000004
-385.55721153846156
-384.26012228260873
-384.4244623655914
-381.6261303191489
-381.2130263157894
-381.31972656249997
-379.5629510309278
-377.9508290816326
-376.3535353535353
-373.61018749999994
-371.319306930693
-369.0491421568627
-367.83458737864066
-365.81826923076926
-363.22113095238103
-362.03313679245286
-359.4139602803739
-358.1253472222223
-357.9018922018349
-356.0987500000001
-355.2289977477478
-353.54603794642856
-352.7517699115044
-351.26628289473683
-350.9021739130435
-349.715463362069
-348.2016025641026
-347.8146186440678
-346.7749474789916
-346.8993229166666
-346.05945247933886
-345.6344262295082
-346.4778963414634
-345.3063004032258
-343.5446
-342.11984126984123
-341.5623523622047
-341.36127929687495
-340.5957848837209
-340.0203846153846
-339.23611641221373
-337.37476325757575
-335.5561090225564
-333.994776119403
-332.1300462962963
-330.46250000000003
-328.9982208029198
-327.2502717391305
-326.20409172661874
-325.0895535714286
-324.43612588652485
-323.3222271126761
-321.465034965035
-319.8997395833333
-318.83625
-318.0126284246575
-316.2861394557823
-315.20109797297295
-314.2769295302013
-313.024625
-311.8481374172186
-311.08762335526313
-311.05600490196076
-310.69598214285713
-309.75649193548384
-308.6581730769231
-307.7578821656051
-306.6165743670886
-306.3556603773585
-305.62140625
-304.743400621118
-303.88715277777777
-302.902990797546
-301.71025152439023
-300.7292803030303
-300.06577560240964
-299.3811751497006
-298.0420386904762
-296.71956360946746
-295.41856617647056
-294.38687865497076
-293.5249636627907
-292.95830924855494
-292.05373563218393
-292.05010714285714
-291.2927201704546
-290.5046257062147
-289.6569171348315
-288.60436452513966
-287.66243055555555
-286.405593922652
-285.33674450549455
-284.295218579235
-283.33434103260873
-282.71577702702706
-282.5022177419355
-282.1163770053476
-281.8136635638298
-281.1811838624339
-280.7379605263158
-279.8194044502618
-278.89856770833336
-278.81476683937825
-279.1117912371134
-278.3898717948718
-277.6478316326531
-278.11421319796955
-278.89940025252525
-278.7331030150754
