-1332.5125
-899.9875
-723.875
-1068.725
-1057.35
-731.54375
-1454.375
-2936.8375
-1142.45625
-1452.80625
-761.19375
-989.525
-539.19375
-527.15625
-564.425
-332.33125
-466.94375
-647.35
-259.4125
-377.13125
-874.49375
-423.1125
-400.075
-501.16875
-548.3875
-253.89375
-201.4875
-422.25
-208.3
-329.53125
-275.03125
-125.7625
-508.16875
-443.4875
-279.70625
-262.4625
-362.76875
-534.59375
-531.725
-428.4
-572.95
-382.21875
-198.1125
-168.03125
-238.1875
-226.1
-277.9375
-211.1125
-354.7125
-320.29375
-180.88125
-324.68125
-211.9625
-300.975
-198.44375
-300.025
-233.24375
-265.75625
-278.75
-177.5
-195.45
-140.28125
-260.375
-178.6
-175.65625
-308.96875
-122.43125
-255.99375
-188.2125
-265.325
-239.4875
-220.0625
-165.8875
-174.6
-208.96875
-122.3375
-181.83125
-193.55
-171.325
-71.88125
-261.09375
-104.1125
-79.7375
-128.15
-171.375
-88.2625
-67.8875
-96.825
-77.5
-145.28125
-48.75
-122.19375
-238.00625
-102.68125
-172.8375
-207.9375
-240.86875
-74.40625
-137.71875
-158.5625
-185.78125
-138.575
-76.03125
-72.6
-49.65625
-122.66875
-189.35
-190.31875
-154.71875
-208.03125
-161.98125
-87.4
-115.3375
-126.575
-68.83125
-304.35625
-128.19375
-196.3
-162.4625
-155.26875
-151.9875
-60.31875
-20.56875
-178.64375
-55.84375
-131.1
-128.29375
-90.30625
-146.09375
-71.75625
-106.4375
-68.5
-89.20625
-92.1125
-56.9875
-108.39375
-74.45625
-68.31875
-180.7875
-117.675
-52.26875
-107.73125
-124.66875
-94.73125
-83.075
-85.25625
-185.1625
-56.03125
-87.925
-160.03125
-118.525
-49.08125
-36.70625
-118.525
-91.925
-45.4625
-52.26875
-122.09375
-121.09375
-88.91875
-108.29375
-104.76875
-49.03125
-106.8625
-82.1125
-127.6625
-80.5875
-187.3
-50.4125
-47.9375
-75.01875
-108.8125
-168.11875
-92.10625
-117.0
-116.7625
-81.96875
-113.525
-146.7
-158.93125
-48.4125
-73.54375
-139.36875
-136.18125
-88.63125
-65.88125
-19.95
-32.325
-118.475
-15.0
-94.2
-59.075
-94.9625
-52.8875
-51.26875
-15.0
-21.56875
-28.75625
-42.41875
-15.0
