-963.625
-595.93125
-1119.60625
-590.98125
-657.475
-559.70625
-1264.025
-433.475
-943.3125
-688.03125
-461.5625
-932.4625
-894.9125
-870.39375
-1365.7125
-578.5125
-329.14375
-753.15625
-476.79375
-730.6375
-681.85625
-499.8375
-543.775
-589.13125
-537.0125
-380.03125
-402.11875
-266.89375
-408.2125
-280.975
-187.78125
-574.425
-107.4375
-459.475
-391.8875
-346.38125
-389.98125
-395.26875
-481.89375
-244.1375
-353.43125
-423.81875
-406.3
-390.6875
-887.39375
-701.0375
-521.1625
-267.60625
-412.925
-335.48125
-382.79375
-622.75
-661.05625
-429.78125
-285.3125
-320.5875
-250.0875
-218.0125
-129.14375
-387.45625
-118.71875
-197.5875
-246.475
-219.3875
-260.75
-220.38125
-160.8
-177.7375
-166.13125
-100.20625
-161.08125
-285.125
-101.68125
-155.89375
-144.1375
-64.3625
-120.8625
-103.44375
-154.18125
-87.64375
-243.525
-128.2875
-84.2625
-226.625
-186.55
-208.39375
-188.49375
-161.8875
-150.31875
-200.15625
-148.325
-223.8125
-163.075
-176.11875
-215.63125
-241.61875
-163.98125
-74.06875
-130.2375
-141.85
-176.11875
-81.1625
-202.775
-126.3875
-96.0625
-263.9375
-106.39375
-176.45
-147.66875
-205.35
-228.2125
-100.78125
-117.3
-145.0
-175.8375
-111.4375
-113.48125
-204.3875
-97.4875
-107.4375
-201.63125
-133.2375
-162.55625
-78.3125
-96.15625
-146.275
-80.1125
-60.8875
-154.65625
-95.9625
-123.76875
-279.075
-148.70625
-162.8875
-118.725
-108.775
-125.05
-70.2625
-78.6375
-157.4125
-182.7375
-125.6625
-156.275
-65.40625
-113.8125
-174.06875
-125.3875
-160.74375
-38.325
-47.4625
-197.40625
-141.00625
-80.925
-107.625
-116.15
-92.0625
-261.0625
-206.80625
-137.625
-144.3375
-145.3875
-58.79375
-111.9125
-69.11875
-126.1875
-193.1125
-74.975
-129.43125
-114.2875
-94.15625
-210.9625
-86.35
-124.04375
-101.9625
-219.34375
-200.86875
-188.875
-231.425
-115.2375
-119.71875
-185.925
-199.58125
-166.2625
-232.9
-162.26875
-112.3375
-49.03125
-101.0625
-270.98125
-143.225
-176.925
-61.21875
-292.13125
-225.9125
-304.6375
-201.11875
-99.81875
-140.275
-172.46875
-127.15
