-957.44375
-1672.375
-694.21875
-584.08125
-318.1
-702.40625
-500.35
-551.3375
-460.46875
-347.23125
-2375.35625
-1043.65
-2142.89375
-813.225
-917.7
-363.0375
-509.73125
-667.525
-615.45
-482.7
-589.8875
-1335.475
-623.825
-1295.20625
-501.2625
-770.7625
-641.76875
-2524.11875
-384.025
-1531.44375
-3238.15625
-928.31875
-849.25625
-504.96875
-1949.5125
-509.40625
-909.70625
-1625.55
-1214.6375
-612.45625
-1710.48125
-425.20625
-331.775
-205.58125
-243.7125
-279.0375
-364.89375
-381.0875
-225.1
-135.8125
-359.04375
-151.85
-308.35625
-195.2125
-388.65625
-322.5875
-422.06875
-324.4375
-311.6875
-363.475
-221.625
-256.84375
-297.30625
-394.3125
-291.59375
-295.96875
-328.24375
-332.05
-338.0
-92.825
-255.94375
-153.5625
-254.0875
-341.33125
-218.3375
-268.4125
-215.8625
-230.7125
-217.8625
-321.3875
-151.4125
-242.6625
-226.05
-141.04375
-232.05
-171.175
-98.2
-144.23125
-212.34375
-144.8
-387.88125
-305.975
-276.44375
-66.26875
-71.98125
-118.35
-150.1375
-345.3875
-220.0125
-183.11875
-172.26875
-232.38125
-328.775
-178.7875
-115.19375
-171.23125
-63.125
-86.49375
-77.06875
-161.89375
-108.9125
-68.79375
-90.875
-165.7
-222.15625
-143.425
-180.69375
-147.89375
-159.46875
-75.69375
-101.775
-136.7125
-79.55
-128.19375
-104.15625
-141.8125
-115.9625
-142.09375
-144.8
-98.96875
-159.4625
-145.425
-93.1125
-83.78125
-90.78125
-90.4
-206.86875
-142.65625
-124.38125
-144.325
-134.85625
-182.83125
-187.7375
-60.9375
-64.03125
-66.175
-101.35
-63.46875
-148.2375
-123.76875
-149.475
-24.0
-89.5
-167.7
-57.7
-101.35
-62.4625
-57.60625
-88.54375
-78.74375
-50.375
-151.19375
-170.325
-87.3125
-84.83125
-70.84375
-134.39375
-315.49375
-419.80625
-246.45
-131.0625
-262.775
-214.9625
-256.0
-222.95625
-474.36875
-72.79375
-43.95
-40.6625
-60.36875
-48.09375
-33.61875
-78.2375
-144.03125
-41.0
-51.04375
-85.36875
-59.56875
-116.6125
-89.6
-75.74375
-51.80625
-55.2375
-113.31875
-39.1875
-70.225
-160.43125
-215.05625
-398.50625
-89.13125
