0.445727877
0.499061893
0.684976873
1.417036212
1.538054604
1.718297003
2.121392836
2.469025503
2.865908393
3.325452341
3.927589375
4.334423777
4.813643506
6.73434407
7.139833843
8.502229534
9.016844828
11.603751116
12.657878796
13.373071251
13.794852658
15.385602057
16.435741209
18.211841261
19.190251028
20.105441394
20.697163138
21.50032781
22.278964241
23.446010953
24.30877439
25.176083085
26.467902103
27.255025348
27.902384899
28.954010195
29.949941197
31.875562346
33.109448471
35.179872762
37.594633191
38.554483932
39.308815564
39.980780956
41.262367482
41.967056827
43.416645105
45.291910956
46.596257991
47.818632679
50.086090727
51.157946686
52.126638159
53.108131525
54.937385342
55.658691964
56.799658845
57.889427214
58.679064097
59.848961201
61.510469011
62.460880476
63.490431596
64.271953628
65.111222052
66.221554838
67.512381513
68.19665042
68.909358255
69.682755758
70.570836751
71.649960615
72.555170958
73.675492659
74.444848237
75.115367457
75.881290157
76.561691618
77.397300635
77.894756411
78.651003314
79.181227012
79.714388537
80.183082332
80.665373588
81.589270254
82.56904641
83.383361195
84.417611594
85.190434469
85.87972856
86.622458429
87.224860797
87.773581852
88.605454367
89.482082929
90.184164792
90.911542729
91.794450739
92.706211106
93.192900817
93.719756053
94.747967992
95.376726704
96.233018638
97.080799595
98.03151309
99.374494252
100.413182461
101.10121241
102.290738288
103.198901392
104.574266395
105.177099777
106.272347607
107.496389864
107.963767262
108.461038173
109.120628407
109.619971411
110.177456998
110.959759283
111.611567183
112.489441879
113.130568215
113.999835894
115.131778061
116.059659254
116.570002474
117.123581062
117.633998751
118.444250235
119.369316053
120.488838882
121.33463161
121.865043315
122.539737125
123.176405562
124.06931876
124.839655163
125.401927042
126.258753096
127.09657994
127.804265084
128.274123879
129.3444733
129.964361366
130.967854551
131.792631507
132.346904139
133.000024559
133.750353189
134.400961241
134.964665644
135.565610832
136.197457562
136.828410361
137.394492916
138.856743175
141.138888357
142.639549336
143.65953646
144.999825582
146.150038729
148.14218516
149.68946975
151.880532434
153.971283174
155.965133337
157.815412406
160.628052456
161.842067539
163.60618096
165.383261404
167.191052606
168.296804138
169.159328983
170.358706843
172.184660982
173.441750218
174.583577673
176.740611862
178.665945618
180.587587568
181.346946493
182.461237594
186.463173897
188.61635836
191.066419025
194.919253081
197.058774157
199.140657503
200.910342815
204.343441103
206.052140982
208.599250575
211.190289429
213.16166251
220.825586428
223.873309045
226.02500898
227.479463859
228.771685555
229.964450868
231.876905278
233.321891447
234.414041658
236.078961558
237.510795893
239.318404476
239.990179233
240.970643347
242.172595304
243.368494806
244.923644093
246.088951999
248.307250687
249.235974506
252.310500046
253.956966502
255.408965953
258.912578419
260.620112337
262.474122191
264.207218925
265.821725961
268.876451489
270.676348203
271.625550802
272.453218084
274.017145424
275.845753525
277.397468055
279.094732591
280.149278903
281.9875804
283.931602533
286.075865126
287.934602833
291.92330574
294.094104294
296.043269571
298.250584994
300.795980346
302.991860782
305.027554472
308.560876987
309.862094607
312.507565261
314.04651338
315.591680778
316.824206255
318.024072907
320.173849888
324.429338981
327.103610036
328.143788476
331.758505732
333.547375461
335.315306202
338.379170125
339.800279589
341.158657982
342.578073116
344.231354158
345.467119569
347.473894732
349.450786352
350.245233808
351.062719451
352.721993903
353.920672228
356.055784569
357.495211127
359.093932793
360.98905422
362.715586749
364.558396876
366.155173913
367.881586919
369.937494676
372.504749424
378.058465658
380.911222288
387.838742521
390.153542767
392.56834591
394.411024806
399.879186737
400.999065974
401.982664933
403.544807231
406.007323738
408.104148934
409.941829733
411.713704005
413.731917516
416.017679245
417.486694527
418.815715249
