0.432740744
0.580384833
0.690546851
1.093704235
1.407753444
2.194676101
2.420692411
2.789370715
3.156376751
3.682045893
4.479561037
4.91651879
5.442091782
6.522070155
7.032352749
7.269839333
7.905547646
9.127398047
11.390520566
12.337585369
14.480831678
16.918762453
18.466026339
19.601754781
20.770142323
21.361006881
22.48203506
23.607837419
26.849991653
29.944141776
31.276386487
34.384054757
40.592445701
48.347433865
50.05461567
52.991443276
54.0883749
58.462932406
61.242935506
63.647079441
75.263773799
83.377656576
94.763752542
95.688274592
98.501354049
99.855451663
102.586439988
103.76787898
106.12523107
107.987682838
109.986360429
111.984554415
113.291487395
115.805623119
120.01675595
123.677828536
127.991865311
130.405619157
133.476647082
136.767126611
140.854777289
142.833076184
144.699826774
147.188204831
149.971346046
151.92999969
152.76215466
154.077903452
156.245647389
159.272544315
161.633590001
163.27409134
164.885836519
166.074055399
167.858514659
170.204310987
171.851676287
172.864794871
175.418340834
176.495923442
177.983687066
180.563669222
181.834412469
183.238477612
184.2659829
185.192769258
187.139146584
188.228252251
189.757819244
191.2135664
192.257287808
193.940199267
194.874943497
195.976803453
197.18550276
198.229764572
199.387713549
201.042914646
202.472072903
205.323406271
206.861144988
208.68805122
209.610599803
211.249004742
213.388583475
214.081530635
215.556625295
216.813065281
218.627482139
219.634475343
221.657273045
222.991585926
225.224889756
227.116543043
228.545743708
234.601247405
235.699014241
237.4456009
238.717674466
240.402426876
242.123162619
243.457432802
245.32525156
247.189016205
248.654797136
250.354536863
251.65880767
253.095717653
254.811630264
255.962867211
257.344999161
259.496369899
260.934137248
262.047556456
263.166910558
264.567389793
266.359134494
267.945236704
269.052854423
271.619994071
273.223006805
274.028279848
275.774844971
278.056963145
279.307923732
280.920396466
282.52932064
284.381650808
286.224049709
287.287534626
288.90289673
290.201689099
292.056251994
293.694040582
295.388422848
296.833180352
297.967176379
299.046544515
300.938352664
302.701132845
304.70402802
305.909682677
307.259683429
308.460627134
310.047863296
311.373985215
312.521043655
313.89416489
315.366218987
316.345269909
317.355711362
318.48891898
320.04594653
321.789850744
322.916915937
324.037612785
325.370529545
326.794300729
329.478135517
331.176676342
332.675492663
334.028086231
335.929443107
337.03632326
338.048920696
339.574507702
341.002463955
342.403928618
343.622921806
345.285574341
346.762218306
347.869254431
349.717483736
350.871783125
352.712700239
354.272644046
356.763203821
358.364100614
359.50208157
360.813454838
