0.454888252
0.509747808
0.700207185
1.444550502
1.568954069
1.753989152
2.182013128
2.523518761
2.9310599
3.407580594
4.023206521
4.444417679
4.948326485
6.939328295
7.362562776
8.789803755
9.33016861
12.045087997
13.158960028
13.908165284
14.351928846
16.00803408
17.109830058
19.016936682
20.053419887
21.017716702
21.624195909
22.449509167
23.253356019
24.452258471
25.369398084
26.319604938
27.701990616
28.535101427
29.221368748
30.327303855
31.394438428
33.454129388
34.764394091
36.973438969
39.488524601
40.51053488
41.307057866
42.021482059
43.393891257
44.138092713
45.669047198
47.641710819
49.019779021
50.306073173
52.718370658
53.853243243
54.886481071
55.925445917
57.848197424
58.611414126
59.805806417
60.959410545
61.782421559
63.030980147
64.795007345
65.818707214
66.909165469
67.740368225
68.626323857
69.796241021
71.177136484
71.897926559
72.644926952
73.470536169
74.424263182
75.554998886
76.523908891
77.697455054
78.50327989
79.215291017
80.027089944
80.759465751
81.639204646
82.167098568
82.950866929
83.518109615
84.078704319
84.578470027
85.095808823
86.095095232
87.146423996
88.007226412
89.079561504
89.900990454
90.626505557
91.41034276
92.029547657
92.626920062
93.49438793
94.425395357
95.166540921
95.945910612
96.879496355
97.859769376
98.32933457
98.875670882
99.95178379
100.621205056
101.491545351
102.378449712
103.394606775
104.79633997
105.942788184
106.680104295
107.961361064
108.939278578
110.392466112
111.020824645
112.1429095
113.396997484
113.874159651
114.373472698
115.039820335
115.574453845
116.145243128
116.942017063
117.599050395
118.526784033
119.175852273
120.048920569
121.215347653
122.148338343
122.69539825
123.250884227
123.765735755
124.583066459
125.520582331
126.613275392
127.468577557
128.034460356
128.723371846
129.366945932
130.29862498
131.070701382
131.644275904
132.486489274
133.342552978
134.052146928
134.530659495
135.607651584
136.242730043
137.232852798
138.113247644
138.677847463
139.34901823
140.083759253
140.755368622
141.323676666
141.939636468
142.579107978
143.227581786
143.813268126
145.285571921
147.67923966
149.380746012
150.43958335
151.8111774
152.992943719
155.030626249
156.621085718
158.885981205
160.98724626
163.056136046
165.002678503
167.895626927
169.145776203
170.955539053
172.770726697
174.624261496
175.756993416
176.638642284
177.871025207
179.756262811
181.044010217
182.219174796
184.441249815
186.373333329
188.338791218
189.109979809
190.25349074
194.349903867
196.555057827
199.065010903
203.043918618
205.238587415
207.411120495
209.239389275
212.749978849
214.495935819
217.108614426
219.778487525
221.794477274
229.613687243
232.734729203
234.923140744
236.430245147
237.760979325
239.002313236
240.994681634
242.511781062
243.655314006
245.392470089
246.893900787
248.785808532
249.48785557
250.510801265
251.756519118
253.000101075
254.617930795
255.828237053
258.148663172
259.11184754
262.327171485
264.031465502
265.538753634
269.188325016
270.955196645
272.887899164
274.680876068
276.364319975
279.544513024
281.413111513
282.404736212
283.270386281
284.89161938
286.802996611
288.413308685
290.168954647
291.268078814
293.199473319
295.231744564
297.486583022
299.422258062
303.589093595
305.861161703
307.900130682
310.190029629
312.841695359
315.11423126
317.222140063
320.901705662
322.26328823
325.020374431
326.619820548
328.236235022
329.514077888
330.760172866
333.001446048
337.477414828
340.270319314
341.36070604
345.127713665
346.982506693
348.823177218
352.025066407
353.522390868
354.937320061
356.429097851
358.166064214
359.458689686
361.551966489
363.613976851
364.455643339
365.313038457
367.049589258
368.300695408
370.534733957
372.056455548
373.740304851
375.736975797
377.548638779
379.472671197
381.139359272
382.947998777
385.102490442
387.79768112
393.592509865
396.560171526
403.782732781
406.199698935
408.727365989
410.654937625
416.367565242
417.544815597
418.568340149
420.173240339
422.74664255
424.962153621
426.922937809
428.782872732
430.904122581
433.289728079
434.841600044
436.239960919
