0.517729662
0.589132782
0.960020161
1.073997571
1.272383478
1.656072073
1.985577871
2.309161925
2.489707538
2.749281762
3.173137717
3.673083529
3.969055343
4.542882875
4.988837489
5.328140979
5.819446337
6.286442651
6.66728075
6.979105924
7.976229769
8.275441935
8.828822892
9.346259916
9.674640652
10.288544062
10.931673159
11.353154628
12.166625396
12.515218777
12.853046963
13.263363653
13.613451093
13.986040484
14.499798139
15.155722189
15.508554898
15.932001581
16.303153582
16.90176934
17.494438942
18.012536547
18.50317383
18.833950083
19.255314855
19.669067833
20.088465604
20.604401329
21.07538619
21.419218009
21.941713589
22.279524262
22.840974155
23.227335414
23.677418886
24.323133395
24.814312182
25.328554779
25.991716135
26.652359058
27.233969555
27.824459466
28.695027129
29.220528486
29.922992416
30.842607793
32.220275275
33.237957218
34.281904889
34.950938814
35.817820808
37.256727043
38.446565048
39.321657821
41.050001991
42.247344456
43.213771944
44.326045193
46.187209728
48.279415777
49.294142847
52.230682472
54.329967552
60.193991092
63.075745233
63.725285582
64.241171578
65.327848666
65.932136303
67.041371087
67.859814091
68.933945548
70.11444393
70.701840111
71.92170523
73.333922796
74.115410149
74.956253777
76.074416707
77.233987981
78.374020553
79.575868575
80.746206726
82.098549318
83.341837822
84.947959823
85.616419375
86.621834935
88.152772324
89.022927961
89.938574924
90.467196047
91.468485653
92.642899136
93.864151392
94.701425156
95.344431007
96.414016306
97.130217057
98.233794129
99.025328763
99.991635852
101.750065674
102.508756915
103.259073252
103.842157497
105.274175836
106.94916403
107.980995502
109.138749051
110.139101471
110.929956852
112.070494883
113.297576262
114.008049508
114.968632558
115.981854038
116.998808721
118.006156087
118.920388699
120.447468333
121.122028327
121.850177359
122.871751089
123.736046205
124.949354685
125.817604478
127.233803003
128.30473946
129.521561198
130.417500735
131.292051692
132.594392506
134.266924677
135.187218491
135.90957272
136.889330142
138.212793873
139.904857502
141.003358602
141.685916705
143.027890245
144.198058791
145.213086355
146.235865958
147.284765058
148.754347039
149.912842495
150.654959179
151.923926578
152.795362946
154.307498806
155.724154032
156.473378532
159.540340567
161.042776576
162.451232268
163.599059992
164.782137843
166.41376333
167.630185531
168.97016439
170.897157625
172.91996615
175.579645578
177.005724622
179.135190003
181.869330915
183.728040109
185.236326185
186.294663256
188.295396713
192.32940337
195.06236962
197.341164424
198.720814393
202.312518761
205.105677603
207.105054142
208.451730207
