0.484503695
0.539216166
0.737475702
1.487559754
1.615302499
1.800701818
2.224094357
2.568822115
3.001935268
3.478160021
4.098437733
4.518934105
5.016854921
7.015520322
7.431350973
8.855888766
9.395577839
12.123393667
13.234796986
13.980295982
14.43069231
16.091253098
17.185597814
19.073953667
20.108277
21.149297895
21.79477456
22.651143138
23.487917838
24.728638507
25.64979469
26.573886714
27.958360671
28.787849474
29.480394433
30.57996217
31.666720472
33.719459366
35.028722085
37.227441094
39.75020171
40.787211768
41.585217094
42.298306168
43.653881186
44.395132828
45.926743582
47.906749838
49.289251181
50.600028216
53.005892078
54.148607432
55.173799994
56.214142767
58.132878525
58.895872894
60.104105079
61.291685985
62.123996893
63.370778988
65.12726612
66.148591499
67.241352534
68.063445198
68.958129466
70.139440123
71.539457475
72.261063621
73.009285433
73.82897975
74.772677794
75.902809947
76.87276363
78.037879771
78.841250389
79.565592993
80.378098963
81.108888754
81.999514448
82.527027076
83.302448383
83.866175515
84.427316133
84.926591391
85.446509516
86.421636989
87.460460563
88.31839924
89.396503148
90.218589535
90.948042879
91.746234015
92.368465704
92.949486671
93.81721607
94.743461023
95.487210716
96.26315
97.210710697
98.179027151
98.650658777
99.197873168
100.273321816
100.943802791
101.826253155
102.709955841
103.711376499
105.107079829
106.210439108
106.941158071
108.203155452
109.172573617
110.618763692
111.260649616
112.434711385
113.730158262
114.218795547
114.740175661
115.434029279
115.957104557
116.553759638
117.390162442
118.069756297
118.99888794
119.68962659
120.590119351
121.817401383
122.805863417
123.351535556
123.927818044
124.468698784
125.317241598
126.293958046
127.434890051
128.324922184
128.877662735
129.592650056
130.26171102
131.206946796
132.01631944
132.617912894
133.491970425
134.373693927
135.107990881
135.603565965
136.711994916
137.360751856
138.375188795
139.244443647
139.831339343
140.51984163
141.271556139
141.95132344
142.544592148
143.18031438
143.826354937
144.492722462
145.093038641
146.630693404
149.04740128
150.635323625
151.71782895
153.136713573
154.34983733
156.46114474
158.091378209
160.406824409
162.584408269
164.678032561
166.610176771
169.566769131
170.853199177
172.731044894
174.599861872
176.519727496
177.690025516
178.595093071
179.86646883
181.798864671
183.13181351
184.344685672
186.629702393
188.612542237
190.642653731
191.441556524
192.624344867
196.853457169
199.112189487
201.694345106
205.777977406
208.03599434
210.231130239
212.111986356
215.737157927
217.538691367
220.218024482
222.9727196
225.04511984
233.079058704
236.296047475
238.558648532
240.102445514
241.448100758
242.713094942
244.725411301
246.248255207
247.414920187
249.166865018
250.676617396
252.588307531
253.291387691
254.32659422
255.584865045
256.849739341
258.488513768
259.712402541
262.061195192
263.033140345
266.310287942
268.045338413
269.494817924
272.997462836
274.697350013
276.58503763
278.332359855
279.939561785
283.014062916
284.823286788
285.77753741
286.609839315
288.174609525
290.012119913
291.562579078
293.27556467
294.333655252
296.206141774
298.203270711
300.362132405
302.245744983
306.261736154
308.45014915
310.396666237
312.606860236
315.161592451
317.360565547
319.380913147
322.923485319
324.22777262
326.869147862
328.404132216
329.942386401
331.163464554
332.362585319
334.50220613
338.738841785
341.392625056
342.428717196
346.017722565
347.812807205
349.574808385
352.640518648
354.070875776
355.423598732
356.857998744
358.522865684
359.756637919
361.769931961
363.751594869
364.54620478
365.360310582
367.006169162
368.198249078
370.360995927
371.843440221
373.465214975
375.378827074
377.117752998
378.964806228
380.560816565
382.294413123
384.356735302
386.940167927
392.52865673
395.40066116
402.347839888
404.674497492
407.106837893
408.954351022
414.452492841
415.577482652
416.5605565
418.105327993
420.592158016
422.70529016
424.541189265
426.318574228
428.334915136
430.621635301
432.097373897
433.42179935
