0.513219826
0.582860433
0.947145952
1.059226291
1.259717815
1.638591598
1.963813979
2.27232831
2.449749057
2.713738267
3.124985647
3.6230347
3.916678092
4.477477863
4.918008302
5.253504594
5.742349295
6.206934015
6.595550864
6.90533542
7.90223984
8.199131465
8.748324809
9.261815972
9.588055831
10.202485243
10.841625369
11.281688854
12.095004103
12.440834415
12.788911216
13.195424023
13.54183967
13.917355153
14.427873431
15.072233776
15.421627851
15.843646986
16.213387192
16.814267799
17.401980714
17.921578233
18.412062967
18.744444409
19.161091383
19.572372475
19.991860956
20.506609299
20.9753159
21.317169995
21.858765776
22.196553446
22.791428879
23.168685329
23.620295221
24.27295407
24.763587698
25.275707571
25.934771086
26.604148024
27.16758098
27.7764625
28.624631089
29.151121306
29.851486658
30.771031607
32.172345549
33.196002018
34.251027066
34.915937963
35.782664134
37.215754429
38.405565115
39.267116855
41.000630868
42.195187261
43.166239683
44.282044198
46.143723912
48.2244851
49.23342865
52.119795487
54.198657836
60.001353099
62.895425492
63.543698744
64.060071377
65.151166915
65.757918382
66.872763599
67.688086996
68.745888769
69.926590141
70.51640412
71.779998494
73.173170415
73.939491365
74.768994267
75.880110128
77.023953063
78.146539087
79.332358821
80.488356814
81.834611893
83.062670247
84.650554514
85.319606259
86.315013094
87.829639202
88.687660539
89.592378499
90.100503473
91.098956515
92.264524956
93.471892226
94.296660589
94.932882755
95.997911768
96.708727345
97.798741351
98.574826123
99.528331167
101.268930249
102.015952986
102.762414986
103.337772058
104.752846038
106.412465763
107.435347889
108.597711654
109.585719993
110.375032649
111.501462189
112.723778088
113.428403279
114.378181488
115.381645232
116.388641677
117.379525421
118.284213031
119.785925173
120.447548235
121.165473777
122.170750818
123.027788799
124.223496972
125.092833411
126.486213538
127.546978987
128.791008082
129.703727652
130.568411384
131.853179105
133.520919306
134.424122853
135.165267377
136.131486906
137.497546183
139.162633682
140.274603998
140.952808755
142.255814919
143.434201524
144.432867833
145.442122009
146.471895628
147.911658177
149.051327948
149.731938476
150.981571143
151.806291774
153.364787456
154.76218217
155.509261222
158.55096862
160.035511823
161.418150126
162.55323131
163.716826947
165.327583877
166.52944655
167.868062188
169.77086829
171.721901767
174.34049058
175.746887338
177.849521413
180.549430475
182.399851722
183.886687836
184.935255316
186.942217825
190.930042954
193.609686482
195.854101888
197.221914061
200.772229021
203.514534956
205.475495464
206.799980116
