nan
35.0
45.5
50.333333333333336
54.25
56.6
59.0
59.142857142857146
61.5
63.888888888888886
62.9
64.18181818181819
66.08333333333333
68.23076923076923
69.21428571428571
70.2
71.5
73.41176470588235
73.94444444444444
75.21052631578948
75.3
77.76190476190476
77.4090909090909
77.56521739130434
79.79166666666667
80.72
83.3076923076923
83.25925925925925
82.71428571428571
84.79310344827586
84.9
86.2258064516129
87.25
88.06060606060606
90.26470588235294
92.65714285714286
94.05555555555556
97.21621621621621
99.02631578947368
100.38461538461539
103.6
107.82926829268293
109.9047619047619
112.97674418604652
114.86363636363636
117.46666666666667
122.65217391304348
128.38297872340425
130.4375
137.81632653061226
140.24
146.2156862745098
149.71153846153845
154.56603773584905
156.55555555555554
161.6
165.33928571428572
168.98245614035088
174.1551724137931
177.74576271186442
182.03333333333333
183.98360655737704
186.03225806451613
188.22222222222223
192.5
195.96923076923076
199.8181818181818
202.1492537313433
205.4558823529412
207.7826086956522
214.37142857142857
222.9718309859155
225.93055555555554
234.34246575342465
240.8783783783784
248.64
254.28947368421052
261.09090909090907
267.71794871794873
274.40506329113924
280.325
288.81481481481484
296.2439024390244
302.66265060240966
304.5
311.74117647058824
317.86046511627904
319.8045977011494
325.40909090909093
330.14606741573033
335.55555555555554
340.74725274725273
345.95652173913044
351.494623655914
352.6063829787234
0.0
354.5416666666667
353.54639175257734
0.0
355.5959595959596
354.71
358.8712871287129
358.11764705882354
357.20388349514565
356.58653846153845
355.8
354.97169811320754
354.5981308411215
353.5462962962963
352.88990825688074
351.95454545454544
0.0
348.0267857142857
349.0619469026549
0.0
350.9391304347826
350.63793103448273
356.11965811965814
360.8813559322034
0.0
363.15
362.6280991735537
366.1311475409836
370.6747967479675
371.64516129032256
0.0
373.3492063492063
373.0787401574803
376.890625
381.4496124031008
385.2692307692308
388.44274809160305
389.06060606060606
388.8496240601504
388.7014925373134
389.31111111111113
392.4779411764706
395.75182481751824
0.0
395.8992805755396
395.10714285714283
397.98581560283685
401.6056338028169
404.6293706293706
408.06944444444446
411.63448275862066
0.0
408.7074829931973
408.5135135135135
0.0
408.82
408.1324503311258
407.24342105263156
406.26797385620915
405.3051948051948
404.3354838709677
403.4807692307692
402.6687898089172
401.75949367088606
400.9811320754717
399.925
398.9751552795031
397.7037037037037
401.09815950920245
0.0
401.1575757575758
401.0120481927711
404.1556886227545
406.54761904761904
0.0
407.40588235294115
407.5029239766082
407.79651162790697
410.7514450867052
413.5977011494253
416.2342857142857
0.0
416.42937853107344
415.7415730337079
418.12849162011173
421.0777777777778
423.74585635359114
422.6703296703297
421.8360655737705
421.8858695652174
421.4108108108108
420.90860215053766
420.39572192513367
419.99468085106383
421.7989417989418
421.2105263157895
420.94240837696333
423.5989583333333
425.8911917098446
426.14948453608247
428.2102564102564
430.58673469387753
433.1370558375635
435.5050505050505
437.6884422110553
440.355
440.64179104477614
0.0
440.5270935960591
439.671568627451
439.76585365853657
442.40776699029124
442.6666666666667
442.8701923076923
444.5263157894737
446.0952380952381
448.2464454976303
448.41037735849056
450.3286384976526
450.5
452.2093023255814
453.6712962962963
453.84331797235023
455.1788990825688
456.5981735159817
458.25
460.1085972850679
459.26126126126127
460.68161434977577
460.0982142857143
459.96
459.33185840707966
458.8942731277533
458.80263157894734
458.6113537117904
458.3478260869565
458.2640692640693
457.2241379310345
456.7596566523605
455.9059829059829
455.1872340425532
454.5635593220339
454.0337552742616
453.3151260504202
452.5188284518828
452.02916666666664
451.21991701244815
450.3677685950413
449.4074074074074
448.3811475409836
447.5265306122449
446.6382113821138
445.7408906882591
444.9153225806452
444.0843373493976
443.372
442.6573705179283
442.515873015873
441.8695652173913
441.1496062992126
440.5019607843137
439.90234375
439.3579766536965
438.7403100775194
438.0849420849421
437.36538461538464
436.77777777777777
436.0763358778626
435.2699619771863
434.4469696969697
433.69056603773583
432.94736842105266
432.187265917603
431.46268656716416
430.79553903345726
430.1148148148148
429.2767527675277
430.6139705882353
430.032967032967
429.51824817518246
429.21454545454543
428.6449275362319
428.2960288808664
427.9424460431655
427.64874551971326
427.65714285714284
427.8576512455516
427.48581560283685
427.71378091872793
429.0211267605634
0.0
429.1468531468532
0.0
427.0451388888889
426.29411764705884
0.0
425.92439862542955
425.72945205479454
427.16382252559725
428.765306122449
430.68813559322035
430.7668918918919
432.2390572390572
432.3255033557047
432.314381270903
