90.0
86.0
79.0
60.0
67.0
77.0
55.0
66.0
68.0
61.0
51.0
78.0
78.0
76.0
76.0
65.0
60.0
67.0
132.0
103.0
80.0
103.0
152.0
133.0
114.0
87.0
102.0
86.0
120.0
97.0
120.0
82.0
131.0
182.0
143.0
126.0
149.0
205.0
161.0
123.0
139.0
224.0
157.0
371.0
232.0
208.0
212.0
279.0
292.0
312.0
284.0
258.0
324.0
295.0
227.0
281.0
383.0
302.0
313.0
251.0
465.0
280.0
412.0
483.0
404.0
243.0
366.0
328.0
649.0
350.0
366.0
462.0
454.0
400.0
806.0
428.0
452.0
710.0
452.0
490.0
454.0
343.0
471.0
748.0
740.0
472.0
446.0
776.0
469.0
403.0
499.0
409.0
476.0
315.0
320.0
321.0
706.0
400.0
337.0
386.0
475.0
715.0
441.0
498.0
723.0
449.0
493.0
474.0
444.0
832.0
480.0
731.0
385.0
765.0
455.0
796.0
499.0
698.0
479.0
736.0
700.0
734.0
337.0
481.0
826.0
486.0
442.0
444.0
419.0
454.0
370.0
808.0
420.0
429.0
773.0
786.0
483.0
884.0
472.0
395.0
497.0
769.0
1000.0
771.0
447.0
766.0
750.0
480.0
990.0
851.0
761.0
334.0
972.0
927.0
935.0
0.0
350.0
872.0
801.0
975.0
933.0
422.0
456.0
424.0
781.0
476.0
825.0
861.0
485.0
965.0
773.0
912.0
0.0
248.0
1000.0
0.0
342.0
981.0
958.0
923.0
0.0
197.0
301.0
322.0
366.0
420.0
342.0
354.0
339.0
415.0
386.0
797.0
448.0
348.0
490.0
326.0
467.0
376.0
480.0
294.0
340.0
763.0
375.0
329.0
737.0
787.0
721.0
789.0
795.0
726.0
363.0
842.0
885.0
872.0
792.0
856.0
0.0
266.0
943.0
925.0
890.0
299.0
456.0
442.0
417.0
275.0
416.0
404.0
384.0
356.0
474.0
855.0
483.0
783.0
785.0
934.0
797.0
906.0
947.0
799.0
801.0
476.0
475.0
445.0
899.0
0.0
273.0
802.0
865.0
990.0
832.0
732.0
436.0
351.0
419.0
457.0
360.0
276.0
374.0
707.0
307.0
264.0
323.0
335.0
280.0
367.0
358.0
316.0
296.0
322.0
276.0
298.0
250.0
343.0
286.0
306.0
298.0
261.0
264.0
282.0
268.0
272.0
257.0
276.0
294.0
278.0
276.0
280.0
277.0
253.0
226.0
848.0
405.0
880.0
755.0
845.0
378.0
475.0
0.0
262.0
