48.0
55.0
71.0
75.0
80.0
49.0
83.0
58.0
73.0
65.0
56.0
63.0
60.0
57.0
75.0
70.0
91.0
91.0
63.0
52.0
65.0
43.0
105.0
73.0
88.0
97.0
77.0
83.0
89.0
89.0
91.0
99.0
102.0
112.0
130.0
93.0
125.0
150.0
143.0
133.0
141.0
121.0
179.0
188.0
172.0
250.0
183.0
244.0
241.0
208.0
237.0
238.0
262.0
298.0
292.0
290.0
302.0
269.0
418.0
311.0
280.0
361.0
327.0
309.0
393.0
327.0
333.0
336.0
414.0
461.0
389.0
415.0
381.0
418.0
421.0
451.0
729.0
389.0
449.0
475.0
784.0
382.0
769.0
433.0
447.0
423.0
756.0
748.0
708.0
817.0
434.0
389.0
376.0
302.0
355.0
236.0
327.0
336.0
433.0
311.0
283.0
335.0
465.0
365.0
436.0
385.0
688.0
352.0
452.0
338.0
430.0
355.0
694.0
418.0
355.0
758.0
399.0
418.0
473.0
786.0
785.0
816.0
445.0
746.0
760.0
767.0
424.0
496.0
907.0
739.0
494.0
257.0
448.0
744.0
741.0
758.0
442.0
707.0
333.0
358.0
408.0
498.0
764.0
457.0
783.0
491.0
784.0
857.0
842.0
496.0
808.0
807.0
845.0
423.0
816.0
905.0
469.0
727.0
770.0
429.0
472.0
425.0
498.0
473.0
723.0
444.0
829.0
419.0
733.0
828.0
929.0
782.0
449.0
767.0
772.0
378.0
443.0
313.0
403.0
736.0
397.0
856.0
919.0
787.0
816.0
0.0
318.0
815.0
872.0
935.0
0.0
439.0
865.0
854.0
868.0
823.0
764.0
0.0
327.0
782.0
751.0
721.0
381.0
412.0
714.0
307.0
348.0
721.0
333.0
358.0
389.0
740.0
237.0
238.0
247.0
248.0
232.0
238.0
224.0
223.0
226.0
446.0
820.0
482.0
852.0
798.0
862.0
898.0
487.0
463.0
994.0
229.0
867.0
491.0
475.0
868.0
757.0
780.0
775.0
428.0
745.0
809.0
736.0
493.0
762.0
933.0
943.0
855.0
760.0
782.0
869.0
294.0
344.0
333.0
315.0
342.0
353.0
371.0
698.0
293.0
330.0
366.0
353.0
356.0
441.0
368.0
409.0
284.0
294.0
368.0
292.0
225.0
258.0
247.0
231.0
229.0
211.0
241.0
254.0
230.0
233.0
208.0
226.0
215.0
212.0
210.0
215.0
206.0
205.0
231.0
206.0
201.0
212.0
210.0
211.0
223.0
226.0
221.0
244.0
229.0
