644058366.0
770731695.0
946783922.0
1115533814.0
1292427747.0
1408888098.0
1594745046.0
1725043136.0
1892615722.0
2039960848.0
2162082991.0
2301712536.0
2433885434.0
2560754163.0
2725384835.0
2878078672.0
3081780807.0
3279619228.0
3414377841.0
3528149707.0
3669812518.0
3764672884.0
3986090984.0
4148519251.0
4347616851.0
4554571108.0
4722457204.0
4905092676.0
5103715744.0
5302032474.0
5506676577.0
5732586602.0
5948114104.0
6185873456.0
6463973366.0
6659028729.0
6918621755.0
7239124326.0
7551871204.0
7833206953.0
8132263783.0
8407634968.0
8785015235.0
9187764468.0
9556452191.0
10081780858.0
10461689442.0
10986280266.0
11519992957.0
11961059099.0
12456161410.0
12963961633.0
13518420810.0
14154753958.0
14790695926.0
15416812638.0
16062504381.0
16639769348.0
17558640657.0
18202117015.0
18784855379.0
19555301556.0
20259446859.0
20926032892.0
21761109752.0
22438712580.0
23191965492.0
23917176614.0
24829639143.0
25804776477.0
26643261177.0
27529533701.0
28331894944.0
29254208967.0
30144139670.0
31145893516.0
32814684895.0
33697440926.0
34716353680.0
35769535133.0
37522583092.0
38412391438.0
40166306742.0
41135761428.0
42143465798.0
43093736412.0
44825046448.0
46556725060.0
48151014902.0
49969448767.0
50950030360.0
51849773984.0
52688344056.0
53370836355.0
54157189140.0
54681841244.0
55395414374.0
56138611653.0
57081906319.0
57761839857.0
58385854076.0
59159232962.0
60157340319.0
60950105681.0
61909728877.0
62746227870.0
64308875646.0
65106273112.0
66148345818.0
66911585488.0
67900299661.0
68717943734.0
70338441762.0
71290527681.0
72121347661.0
73872939826.0
74783615971.0
75754147638.0
76840372922.0
78634308624.0
80422306069.0
82281663467.0
83262389136.0
84944213976.0
86616650019.0
88340122226.0
89340557568.0
90491772097.0
92526402239.0
94189875414.0
95291743354.0
95970209759.0
96965723380.0
98733346322.0
100434123999.0
102193284526.0
103226529126.0
104828340524.0
105571907183.0
106340777137.0
107247726019.0
108371689072.0
110063720143.0
111054789559.0
112744644473.0
113795159843.0
115576295757.0
117507749042.0
119486194559.0
120662427190.0
122499899385.0
124430345715.0
126366999532.0
127365204844.0
129218500802.0
131278422468.0
132333364424.0
133982149382.0
135773891220.0
136744539685.0
137868128206.0
138832551107.0
139995410996.0
141091787035.0
142712538959.0
143726748184.0
145589530568.0
146525859194.0
148173786049.0
150115766577.0
152276078449.0
154057252594.0
155111660991.0
156909262973.0
158726947953.0
159628437134.0
160660876440.0
161383429477.0
162283515192.0
163978166544.0
164916879392.0
166956324113.0
169045770116.0
170809536843.0
172636879984.0
0.0
175681892566.0
177565064643.0
179519286152.0
181642505421.0
0.0
184935339589.0
186927379949.0
188911400126.0
190921495608.0
192783444501.0
194541643401.0
0.0
197647886540.0
199441361206.0
201215023514.0
202894517779.0
203751864486.0
204692363189.0
206328849736.0
207005400659.0
207795360086.0
209432288195.0
210221699361.0
211049806005.0
211957731435.0
213700061239.0
214294195894.0
214852631398.0
215432962164.0
216002283139.0
216537339979.0
217065308287.0
217568055047.0
218088644119.0
218599872003.0
219649299887.0
221499327145.0
222635425752.0
224607487170.0
226484490594.0
228474147598.0
230550507885.0
231705686945.0
232761531634.0
235070983759.0
235598535163.0
237645283797.0
238841057916.0
239946953864.0
241914633121.0
243659029071.0
245423025901.0
247200893187.0
248171424386.0
249884512114.0
251719964766.0
253400599833.0
254504089269.0
256207338804.0
258328074520.0
260541663074.0
262569125000.0
264382570868.0
266113278042.0
268118228605.0
268776989300.0
269571044278.0
270348196065.0
271067766683.0
271824284878.0
272631689881.0
273489161898.0
275102302683.0
275740643557.0
276445131903.0
277251618957.0
278040906835.0
278841279652.0
279824460282.0
280686677099.0
281652974166.0
282293084950.0
282954193776.0
283814384453.0
284481159158.0
285005209152.0
285602127086.0
286179808518.0
286705756561.0
287221911059.0
287719434148.0
288269042399.0
288869785249.0
289426618322.0
289973043945.0
290431680942.0
290958006510.0
291438711749.0
291923292519.0
292423649687.0
292929309424.0
293403005947.0
293883331242.0
294403719177.0
294880582015.0
295339356347.0
295854960599.0
296356082706.0
296870538604.0
297395666973.0
297937685185.0
298469116733.0
299074292255.0
299601757704.0
