587315227.0
715622098.0
849674852.0
1001105275.0
1153547670.0
1323467196.0
1474080225.0
1644616756.0
1832212170.0
1952257651.0
2129614569.0
2322457695.0
2536302237.0
2719744311.0
2910111364.0
3115810249.0
3348311730.0
3535516960.0
3765523352.0
3955577211.0
4246398551.0
4410012492.0
4592480688.0
4887409571.0
5116555236.0
5450768086.0
5629759498.0
5787484460.0
6120553858.0
6319945397.0
6602067130.0
6870849976.0
7123247343.0
7491409420.0
7894181170.0
8232806682.0
8728346096.0
9114109325.0
9466979740.0
9986133441.0
10601607560.0
11038977968.0
11613837271.0
12086030982.0
12614030317.0
13396600363.0
14337315543.0
14848020757.0
15969484384.0
16555267130.0
17583765148.0
18333546214.0
19274072247.0
19863704711.0
20847993647.0
21677392307.0
22495181673.0
23510972016.0
24360358902.0
25319194142.0
26013111732.0
26731708352.0
27501351889.0
28498339205.0
29443476805.0
30413591332.0
31240536025.0
32191304128.0
33007374236.0
34524388035.0
36422782492.0
37415666690.0
39305528327.0
40920563846.0
42784229211.0
44356592104.0
46056195156.0
47869094808.0
49623080213.0
51291491742.0
53498890792.0
55543522591.0
57489826315.0
58506552638.0
60643236410.0
62610293351.0
63769117639.0
65619251804.0
67315648416.0
69154742895.0
71009095122.0
72949657940.0
74963113735.0
76041250788.0
78063344330.0
0.0
81027516490.0
83204497816.0
0.0
86185464064.0
87985722333.0
88622935565.0
89258338753.0
89928027800.0
90560643901.0
91174138662.0
91936240800.0
92492969397.0
93131899651.0
93715244776.0
94333196799.0
0.0
97655630545.0
99771900790.0
0.0
102706209094.0
104893868912.0
106970826076.0
109222852509.0
0.0
112172210883.0
113938216062.0
116090470114.0
117160978781.0
119376007254.0
0.0
122546549045.0
124523655873.0
126732870651.0
128695566668.0
130509138943.0
131547061809.0
132339980805.0
133198837204.0
134295716404.0
136198870243.0
138154290646.0
139994384388.0
0.0
142963523531.0
144777948107.0
146868632376.0
148787377991.0
150784734645.0
152877472072.0
153798648334.0
0.0
156983256746.0
158888064512.0
0.0
161799877562.0
162400102932.0
162961580640.0
163521577635.0
164102379578.0
164739118446.0
165363696336.0
165910658902.0
166511472283.0
167031180827.0
167599194731.0
168026912446.0
170165611957.0
172019408896.0
0.0
175271421860.0
177354733787.0
179253062591.0
181448259942.0
0.0
184705470177.0
185712151293.0
187765905401.0
189770690572.0
191755791438.0
193778254507.0
0.0
196747435139.0
198726454046.0
200890520001.0
202982715080.0
203502635757.0
204164953893.0
205162726905.0
205935976538.0
206702415174.0
207445413899.0
208277388176.0
210024847726.0
210748244148.0
211587646329.0
213684549127.0
215614977257.0
216706458741.0
218551973251.0
220641832710.0
222745660906.0
224768925029.0
226769944879.0
229079220919.0
230222674640.0
232178069855.0
0.0
235125226339.0
236164270026.0
238336408185.0
239438692063.0
240559885761.0
242427555111.0
244179771363.0
246206456681.0
247256465470.0
249189073469.0
250270214948.0
252132642450.0
253858722052.0
254934809153.0
256605962707.0
258349871370.0
260200570687.0
262130892306.0
262766827140.0
264533003826.0
265260390666.0
266261075986.0
266981548594.0
267821503135.0
268805804225.0
269720817705.0
270605707190.0
271637204122.0
272111685352.0
272911944822.0
273532911847.0
274192728772.0
274895521838.0
275660411582.0
276313665974.0
276912013601.0
277684410649.0
278265993231.0
278820821462.0
279318552376.0
279773728588.0
280314682893.0
280840249078.0
281373071023.0
281921774357.0
282474795857.0
283086847364.0
283686201066.0
284625252002.0
285290400709.0
285898551758.0
286541879552.0
287239304236.0
287969907205.0
288617538342.0
289235260504.0
289808903946.0
290445111144.0
291033335042.0
291549614119.0
292042988902.0
292576542498.0
293130050024.0
293671594748.0
294228228642.0
294790780880.0
295351893470.0
295837464643.0
297659612983.0
298281340638.0
298964385445.0
299741906702.0
300361920084.0
301104018690.0
301888586458.0
302683248077.0
303681597569.0
304803390009.0
305530907263.0
306665650848.0
308447216406.0
310545272039.0
0.0
313334153235.0
0.0
316040646059.0
317711534753.0
0.0
320774422941.0
322702890473.0
324674102370.0
326916705890.0
327972456388.0
329965031540.0
331059547498.0
332044077540.0
333940175666.0
