681081914.0
839177755.0
968711253.0
1110237180.0
1302635182.0
1415475685.0
1608643840.0
1837182629.0
1972026571.0
2163637463.0
2373061547.0
2473236911.0
2680565302.0
2876805997.0
3122651627.0
3315607200.0
3472717670.0
3628368848.0
3819832881.0
4006813888.0
4270034201.0
4546345878.0
4846786466.0
5039642675.0
5336037042.0
5511171982.0
5735268034.0
5954669471.0
6221033896.0
6608894941.0
6848793101.0
7074130419.0
7358890253.0
7675198744.0
8101753424.0
8554037493.0
8845110115.0
9148793371.0
9527511919.0
10041125925.0
10458466967.0
10920414908.0
11329042018.0
11724553302.0
12273851047.0
12692436808.0
13211324396.0
13753392978.0
14190844140.0
14685465204.0
15374927598.0
15914024708.0
16528849109.0
17047268802.0
17557426562.0
18134817071.0
18761682691.0
19451988247.0
20220560901.0
20982665156.0
21483633118.0
22096846715.0
23060000327.0
23946798032.0
24891797702.0
25886425686.0
26527868419.0
27348424208.0
28147586123.0
28789896928.0
29623987317.0
30474805971.0
31416970981.0
32227169860.0
33270193694.0
34172575283.0
35091257511.0
36119402025.0
37158930815.0
38796097452.0
39814578268.0
41632818253.0
42589043787.0
43588744596.0
45411821507.0
47149768982.0
48160314550.0
49896623255.0
51578938808.0
53191583875.0
55254642943.0
56271018461.0
57901719866.0
58967348773.0
0.0
61678307024.0
62843907332.0
63894161822.0
65563812082.0
67143186873.0
68245416145.0
70224045506.0
72261183932.0
74213422348.0
76404675134.0
78306369939.0
80191395042.0
82251764969.0
0.0
85166251925.0
87094008702.0
89009364378.0
91182362578.0
93290043024.0
95246192788.0
96110610474.0
97785571677.0
0.0
101057855298.0
102124085407.0
103208122685.0
105197659319.0
106306764808.0
108413308788.0
110437423972.0
112631741614.0
114851775849.0
116949246363.0
0.0
120230470847.0
122419688867.0
124276350867.0
126191926052.0
128088535437.0
129903870105.0
131646443950.0
133412883644.0
135356041840.0
136439998852.0
138570459029.0
139563141514.0
140403332664.0
141515993427.0
142221279604.0
142912233773.0
143655735888.0
144481251452.0
145205250624.0
145902890525.0
146716889999.0
147644011002.0
148778033832.0
150607673321.0
152400515287.0
153443257198.0
0.0
156640491390.0
157763750990.0
159576653277.0
161524134519.0
163426597879.0
164297645581.0
166231747532.0
168448958182.0
169513832584.0
171204181394.0
172981233826.0
175006422784.0
176807748355.0
178969526633.0
181073069473.0
182051789840.0
183159866881.0
185289192276.0
187060242674.0
188788578684.0
190582424472.0
191747576788.0
193949650970.0
195665261326.0
197592371881.0
199693563145.0
201457554875.0
203388175541.0
205286186079.0
0.0
208482515619.0
210703913178.0
212832599200.0
214664773346.0
215625291965.0
217286025361.0
217915178141.0
218558839404.0
219382435132.0
220013156935.0
220613723525.0
221299251094.0
221970973031.0
222571363052.0
223283833653.0
223875294277.0
224441586251.0
224997957462.0
225607567367.0
226186558054.0
226787298573.0
227381288795.0
227938718884.0
228535476342.0
229130504631.0
230156241121.0
232036202134.0
233101031809.0
235186511299.0
236251774451.0
236967538480.0
238598447240.0
0.0
241893968584.0
243821233989.0
244893172461.0
246932315615.0
0.0
249855559865.0
252076164549.0
254104443639.0
0.0
257374743640.0
0.0
260621131186.0
261491473506.0
262331770257.0
263232912772.0
264144637647.0
264996762193.0
265822895784.0
266874815385.0
267637555089.0
268462597844.0
269312323176.0
0.0
273750767610.0
0.0
278054545734.0
280207308467.0
0.0
283609888434.0
285970661491.0
0.0
289227908658.0
290159157574.0
290778916286.0
291387150921.0
291980546244.0
292568610083.0
293165600453.0
293697418813.0
294286457093.0
294872952949.0
295485174831.0
295551380508.0
296386081014.0
297208967716.0
298155588437.0
298884841128.0
299641702151.0
300463756255.0
301305378856.0
302029145996.0
302879687742.0
0.0
306283706127.0
308146304185.0
310383161398.0
312565369796.0
0.0
317013698984.0
0.0
320225337782.0
0.0
324260154546.0
0.0
0.0
329547680330.0
331780095157.0
0.0
334986387500.0
0.0
338219105496.0
0.0
341424600993.0
343449677973.0
345461090181.0
346486880930.0
347541840456.0
348484947483.0
350480310849.0
352260489510.0
354234545811.0
