nan
45.0
60.5
62.0
62.75
63.0
62.166666666666664
60.42857142857143
61.5
61.0
60.3
60.36363636363637
61.5
61.46153846153846
60.5
60.93333333333333
62.625
62.35294117647059
61.72222222222222
62.78947368421053
63.45
63.76190476190476
65.86363636363636
65.69565217391305
66.95833333333333
68.28
68.38461538461539
68.96296296296296
70.39285714285714
70.55172413793103
69.4
69.03225806451613
69.59375
71.21212121212122
71.3529411764706
71.62857142857143
73.58333333333333
73.56756756756756
73.89473684210526
76.07692307692308
76.475
78.48780487804878
81.45238095238095
83.86046511627907
85.5909090909091
88.53333333333333
91.95652173913044
94.36170212765957
95.22916666666667
97.59183673469387
99.76
101.47058823529412
104.15384615384616
107.20754716981132
109.31481481481481
111.74545454545455
114.42857142857143
117.64912280701755
118.79310344827586
120.28813559322033
122.95
125.49180327868852
128.09677419354838
130.93650793650792
135.109375
137.3230769230769
139.53030303030303
142.43283582089552
145.08823529411765
147.84057971014494
150.44285714285715
151.80281690140845
154.59722222222223
159.17808219178082
163.02702702702703
167.2
171.02631578947367
176.41558441558442
178.57692307692307
181.25316455696202
183.925
186.85185185185185
189.5731707317073
192.36144578313252
193.47619047619048
194.61176470588236
197.4418604651163
198.8505747126437
199.8181818181818
200.23595505617976
200.9777777777778
201.62637362637363
202.0108695652174
205.11827956989248
205.68085106382978
208.0421052631579
208.82291666666666
210.31958762886597
210.66326530612244
211.3838383838384
211.73
212.27722772277227
214.64705882352942
217.0097087378641
219.80769230769232
221.9904761904762
224.5566037735849
226.0
227.69444444444446
230.3577981651376
232.9181818181818
237.6216216216216
238.00892857142858
240.50442477876106
243.2719298245614
245.2173913043478
247.73275862068965
249.22222222222223
250.635593220339
253.1344537815126
256.31666666666666
257.8264462809917
257.0163934426229
260.7154471544715
262.7983870967742
264.232
265.57936507936506
266.8976377952756
268.8671875
272.5503875968992
274.0769230769231
276.30534351145036
277.0378787878788
279.2706766917293
281.0970149253731
282.7925925925926
284.79411764705884
285.978102189781
288.0869565217391
290.31654676258995
291.6714285714286
293.1063829787234
294.57042253521126
295.5034965034965
296.8888888888889
299.90344827586205
300.67123287671234
301.15646258503403
301.6283783783784
302.248322147651
302.91333333333336
304.1788079470199
306.51973684210526
307.8496732026144
309.06493506493507
311.0258064516129
314.09615384615387
315.30573248407643
317.05696202531647
318.67295597484275
319.96875
321.3105590062112
322.64814814814815
323.7484662576687
324.890243902439
328.1393939393939
329.65060240963857
331.97005988023955
333.125
336.37278106508876
338.04117647058825
340.0
341.11046511627904
341.2774566473988
341.6666666666667
341.4342857142857
341.625
341.7853107344633
342.03370786516854
342.56424581005587
344.22222222222223
344.61878453038673
346.27472527472526
347.448087431694
348.04347826086956
349.44864864864866
350.48387096774195
351.9572192513369
352.9840425531915
354.015873015873
354.83684210526314
356.0523560209424
357.21875
357.8911917098446
359.2680412371134
360.95384615384614
361.41326530612247
363.1015228426396
363.9949494949495
365.1708542713568
366.085
366.5820895522388
368.0940594059406
370.0541871921182
371.37254901960785
372.81951219512194
373.626213592233
375.3816425120773
377.6298076923077
378.9665071770335
379.6333333333333
381.25118483412325
382.20283018867923
383.5633802816901
384.2429906542056
384.68372093023254
385.5416666666667
387.2764976958525
388.0596330275229
389.310502283105
389.8181818181818
390.33031674208144
389.72072072072075
389.1479820627803
388.5357142857143
388.0133333333333
387.45575221238937
387.12334801762114
386.5131578947368
385.8078602620087
385.5869565217391
385.02164502164504
385.8965517241379
386.6051502145923
388.28632478632477
389.41702127659573
390.04237288135596
391.44303797468353
392.2689075630252
393.40167364016736
395.1375
395.5103734439834
396.07438016528926
0.0
395.4016393442623
395.0734693877551
396.5691056910569
397.57085020242914
398.03629032258067
399.425702811245
400.02
400.8645418326693
401.81349206349205
403.4110671936759
403.9409448818898
404.6078431372549
405.0
405.6264591439689
406.21317829457365
406.6756756756757
407.85769230769233
409.04597701149424
409.59541984732823
409.9619771863118
410.0530303030303
410.2603773584906
410.093984962406
411.0561797752809
411.1044776119403
411.3717472118959
411.72592592592594
412.01476014760146
411.2720588235294
410.5897435897436
409.9270072992701
409.2581818181818
408.5978260869565
407.985559566787
407.32374100719426
406.72401433691755
406.0464285714286
405.4519572953737
404.06382978723406
403.25088339222617
402.77464788732397
402.31929824561405
401.9230769230769
401.7282229965157
401.3958333333333
401.0311418685121
400.79655172413794
400.65635738831617
401.7054794520548
401.41638225255974
401.2687074829932
401.30169491525425
401.05743243243245
400.986531986532
401.1241610738255
400.9799331103679
