nan
78.0
71.0
70.66666666666667
68.25
69.6
70.0
68.71428571428571
67.75
68.11111111111111
66.9
65.9090909090909
64.66666666666667
66.92307692307692
66.78571428571429
66.26666666666667
67.125
68.41176470588235
68.11111111111111
68.0
70.3
71.95238095238095
73.5909090909091
76.26086956521739
78.54166666666667
78.56
79.3076923076923
80.5925925925926
83.67857142857143
85.41379310344827
86.86666666666666
88.29032258064517
89.5625
90.18181818181819
94.02941176470588
96.37142857142857
97.63888888888889
98.27027027027027
99.78947368421052
101.6923076923077
103.025
105.1951219512195
105.85714285714286
109.06976744186046
114.47727272727273
117.13333333333334
121.19565217391305
125.19148936170212
129.625
131.46938775510205
135.66
139.3921568627451
141.46153846153845
147.22641509433961
150.55555555555554
153.87272727272727
159.76785714285714
165.2982456140351
168.32758620689654
171.57627118644066
175.81666666666666
178.59016393442624
181.4516129032258
184.23809523809524
187.25
191.92307692307693
195.36363636363637
198.38805970149255
202.47058823529412
205.9855072463768
208.85714285714286
214.40845070422534
217.11111111111111
220.93150684931507
225.47297297297297
228.85333333333332
231.89473684210526
235.2207792207792
239.94871794871796
244.0253164556962
250.5
254.5679012345679
258.8048780487805
261.26506024096386
265.67857142857144
270.4470588235294
274.7674418604651
276.95402298850576
278.95454545454544
281.2808988764045
283.9
286.9340659340659
291.0652173913044
294.96774193548384
297.98936170212767
300.89473684210526
301.6979166666667
304.1340206185567
306.94897959183675
309.44444444444446
312.6
313.8217821782178
315.11764705882354
318.0
319.3173076923077
320.6095238095238
322.2358490566038
323.9906542056075
325.712962962963
327.1834862385321
328.6636363636364
329.5135135135135
331.60714285714283
333.3008849557522
334.6666666666667
335.7391304347826
338.08620689655174
339.28205128205127
340.53389830508473
342.12605042016804
343.8
345.0413223140496
345.89344262295083
346.3170731707317
346.3790322580645
345.92
346.3809523809524
346.7007874015748
347.15625
346.8914728682171
346.6384615384615
347.0687022900763
347.93939393939394
348.7142857142857
349.63432835820896
350.4148148148148
351.49264705882354
352.4890510948905
353.82608695652175
355.8992805755396
356.52142857142854
356.97163120567376
358.28169014084506
359.4475524475524
360.2986111111111
362.0137931034483
363.0890410958904
363.9183673469388
364.93918918918916
366.26174496644296
366.6066666666667
367.42384105960264
366.8486842105263
367.72549019607845
368.3766233766234
369.96774193548384
371.43589743589746
373.05732484076435
373.75949367088606
374.8553459119497
375.775
377.30434782608694
376.91975308641975
377.8773006134969
379.1646341463415
379.6363636363636
380.3734939759036
381.2634730538922
382.5833333333333
382.9112426035503
385.68823529411765
386.7485380116959
386.63953488372096
386.2543352601156
385.61494252873564
385.2
384.9488636363636
385.7401129943503
385.36516853932585
384.9664804469274
384.52777777777777
384.1160220994475
383.33516483516485
382.7704918032787
382.04347826086956
381.65945945945947
381.005376344086
380.379679144385
379.8670212765957
379.3809523809524
378.82105263157894
378.413612565445
379.484375
380.85492227979273
381.37113402061857
381.53333333333336
381.80102040816325
382.4517766497462
382.90909090909093
382.81909547738695
383.25
384.1741293532338
385.029702970297
385.6009852216749
386.8382352941176
389.219512195122
389.71844660194176
390.5990338164251
390.9182692307692
392.2248803827751
393.2190476190476
394.0331753554502
394.75943396226415
395.36619718309856
396.0093457943925
396.7860465116279
397.2916666666667
398.66820276497697
399.697247706422
400.9497716894977
401.7181818181818
402.4027149321267
402.73873873873873
402.32286995515693
402.41517857142856
403.12888888888887
403.0575221238938
402.6035242290749
403.4561403508772
403.51091703056767
403.45652173913044
403.53246753246754
403.08620689655174
402.6008583690987
402.34615384615387
402.4255319148936
402.06779661016947
401.7763713080169
402.02521008403363
401.97489539748955
401.775
401.46058091286307
403.0495867768595
402.880658436214
404.3893442622951
404.49795918367346
404.1707317073171
404.2793522267207
405.03629032258067
404.6666666666667
405.38
405.1155378486056
405.85714285714283
406.5098814229249
407.6456692913386
408.61176470588236
409.75
410.8910505836576
411.90697674418607
412.56756756756755
413.4769230769231
413.9272030651341
415.0458015267176
415.59695817490496
416.0833333333333
416.611320754717
417.4248120300752
418.8876404494382
419.64179104477614
420.29368029739777
420.8703703703704
421.6457564575646
421.75367647058823
421.4139194139194
421.0729927007299
420.50545454545454
420.2826086956522
420.0469314079422
420.60791366906477
420.6702508960573
420.37857142857143
419.9608540925267
419.6241134751773
419.11660777385157
418.693661971831
418.1859649122807
417.6748251748252
417.1602787456446
416.6111111111111
416.1280276816609
415.6
415.12027491408935
414.8150684931507
414.1808873720137
413.78231292517006
413.19322033898305
412.60135135135135
411.962962962963
411.3489932885906
410.7692307692308
