nan
59.0
81.0
77.66666666666667
71.0
69.4
66.83333333333333
66.57142857142857
64.375
62.666666666666664
63.3
66.54545454545455
65.41666666666667
63.46153846153846
65.71428571428571
66.2
64.9375
65.41176470588235
64.88888888888889
64.3157894736842
62.7
61.42857142857143
62.63636363636363
65.73913043478261
66.70833333333333
66.88
68.03846153846153
69.51851851851852
69.35714285714286
69.79310344827586
70.16666666666667
72.61290322580645
72.03125
72.72727272727273
74.44117647058823
75.0
75.61111111111111
77.56756756756756
77.73684210526316
79.3076923076923
80.625
81.53658536585365
81.73809523809524
82.69767441860465
85.56818181818181
86.75555555555556
88.80434782608695
90.27659574468085
92.5625
93.36734693877551
96.54
98.23529411764706
101.98076923076923
105.88679245283019
108.33333333333333
111.23636363636363
114.76785714285714
117.49122807017544
120.62068965517241
123.05084745762711
128.58333333333334
130.65573770491804
134.2258064516129
138.76190476190476
143.03125
146.64615384615385
150.36363636363637
154.73134328358208
158.22058823529412
162.14492753623188
166.28571428571428
169.4788732394366
172.45833333333334
174.15068493150685
175.6216216216216
177.64
179.27631578947367
181.03896103896105
181.94871794871796
182.9620253164557
184.05
185.14814814814815
188.67073170731706
190.87951807228916
195.02380952380952
198.24705882352941
202.04651162790697
205.7471264367816
208.64772727272728
211.58426966292134
215.03333333333333
218.78021978021977
221.2826086956522
225.27956989247312
230.2659574468085
234.44210526315788
236.77083333333334
240.62886597938143
242.8469387755102
245.88888888888889
250.04
252.44554455445544
257.05882352941177
261.126213592233
263.7019230769231
267.95238095238096
271.0660377358491
273.9626168224299
277.60185185185185
280.60550458715596
283.0090909090909
287.23423423423424
289.625
293.94690265486724
294.5877192982456
297.4695652173913
298.87068965517244
301.03418803418805
302.46610169491527
304.3697478991597
305.925
306.9834710743802
310.4590163934426
313.5609756097561
315.6209677419355
318.4
323.03968253968253
325.21259842519686
326.6171875
330.6744186046512
332.5153846153846
334.9541984732824
335.0530303030303
336.34586466165416
338.7313432835821
339.8666666666667
342.50735294117646
344.8905109489051
346.3840579710145
347.27338129496405
349.0785714285714
350.1063829787234
350.5633802816901
351.7762237762238
352.625
353.78620689655173
354.17123287671234
354.3673469387755
353.7027027027027
353.43624161073825
353.64666666666665
353.6225165562914
353.7828947368421
354.16993464052285
355.4415584415584
356.21290322580643
357.81410256410254
358.4777070063694
358.87974683544303
360.811320754717
361.2875
361.4472049689441
362.5246913580247
362.319018404908
363.1341463414634
363.73333333333335
363.19879518072287
363.02994011976045
363.2738095238095
363.79881656804736
364.8
365.60233918128654
367.2093023255814
368.7630057803468
370.3103448275862
371.7657142857143
373.59090909090907
374.2146892655367
374.7696629213483
375.94972067039106
377.2
378.22651933701655
377.8131868131868
378.1256830601093
378.9728260869565
380.8324324324324
382.0376344086022
382.6096256684492
382.3404255319149
383.15343915343914
383.70526315789476
384.6387434554974
384.7604166666667
386.1295336787565
387.54639175257734
387.9179487179487
388.41326530612247
389.0964467005076
389.7979797979798
390.32663316582915
390.47
390.452736318408
389.6287128712871
389.3152709359606
388.87254901960785
388.41951219512197
387.9126213592233
387.42028985507244
386.97115384615387
386.57416267942585
386.25714285714287
385.8009478672986
385.14622641509436
385.46948356807513
386.01869158878503
385.93488372093026
386.69444444444446
387.2764976958525
387.6605504587156
388.10502283105023
388.55454545454546
388.6561085972851
389.2567567567568
389.9865470852018
390.8794642857143
392.68888888888887
393.5265486725664
394.9030837004405
395.7061403508772
396.8602620087336
397.60869565217394
398.28138528138527
398.9568965517241
400.15450643776825
401.2350427350427
402.6127659574468
404.1906779661017
406.11392405063293
407.47058823529414
408.1882845188284
409.2375
410.0
411.74793388429754
412.679012345679
413.1803278688525
414.9428571428571
415.4837398373984
416.40485829959516
417.23790322580646
418.2289156626506
419.272
419.7211155378486
419.11507936507934
419.6363636363636
420.96456692913387
421.7647058823529
422.01171875
422.72762645914395
423.33720930232556
423.4131274131274
423.95384615384614
425.0153256704981
426.0496183206107
427.25475285171103
428.14772727272725
429.20754716981133
429.83458646616543
431.20973782771534
432.15671641791045
432.67657992565057
433.1777777777778
433.6531365313653
432.7647058823529
432.04395604395603
431.34671532846716
430.6909090909091
430.0072463768116
429.3465703971119
428.75539568345323
428.0573476702509
427.3642857142857
426.7651245551601
427.1170212765957
427.113074204947
427.36619718309856
427.6070175438596
428.034965034965
428.602787456446
428.58680555555554
429.2387543252595
430.34137931034485
430.3298969072165
431.9417808219178
432.77133105802045
433.2142857142857
433.8271186440678
434.375
435.043771043771
435.503355704698
436.2608695652174
