59.0
103.0
71.0
51.0
63.0
54.0
65.0
49.0
49.0
69.0
99.0
53.0
40.0
95.0
73.0
46.0
73.0
56.0
54.0
32.0
36.0
88.0
134.0
89.0
71.0
97.0
108.0
65.0
82.0
81.0
146.0
54.0
95.0
131.0
94.0
97.0
148.0
84.0
139.0
132.0
118.0
90.0
123.0
209.0
139.0
181.0
158.0
200.0
132.0
252.0
183.0
293.0
309.0
238.0
268.0
309.0
270.0
299.0
264.0
455.0
255.0
352.0
420.0
412.0
378.0
392.0
443.0
392.0
429.0
452.0
393.0
384.0
296.0
283.0
327.0
302.0
315.0
252.0
262.0
270.0
273.0
474.0
372.0
539.0
469.0
525.0
524.0
461.0
470.0
522.0
556.0
449.0
593.0
694.0
627.0
458.0
611.0
458.0
544.0
661.0
493.0
723.0
676.0
529.0
710.0
598.0
581.0
667.0
605.0
545.0
752.0
555.0
778.0
367.0
626.0
460.0
552.0
470.0
529.0
491.0
434.0
731.0
692.0
569.0
663.0
903.0
599.0
505.0
850.0
570.0
652.0
348.0
507.0
656.0
492.0
699.0
669.0
551.0
470.0
600.0
494.0
415.0
524.0
474.0
521.0
410.0
383.0
256.0
314.0
385.0
350.0
378.0
413.0
550.0
475.0
606.0
462.0
422.0
666.0
437.0
387.0
536.0
329.0
496.0
462.0
275.0
335.0
404.0
452.0
534.0
502.0
642.0
636.0
638.0
625.0
693.0
484.0
473.0
586.0
601.0
563.0
303.0
435.0
534.0
723.0
605.0
489.0
332.0
536.0
488.0
562.0
408.0
649.0
661.0
460.0
485.0
523.0
528.0
495.0
419.0
387.0
224.0
326.0
299.0
296.0
284.0
286.0
294.0
304.0
320.0
290.0
247.0
454.0
503.0
368.0
550.0
513.0
471.0
485.0
487.0
411.0
522.0
552.0
590.0
798.0
582.0
706.0
578.0
660.0
569.0
553.0
555.0
678.0
653.0
725.0
775.0
860.0
729.0
579.0
660.0
593.0
833.0
638.0
535.0
845.0
548.0
643.0
623.0
664.0
679.0
532.0
267.0
551.0
757.0
625.0
485.0
606.0
580.0
443.0
564.0
701.0
696.0
743.0
663.0
709.0
596.0
797.0
685.0
572.0
568.0
562.0
192.0
236.0
241.0
251.0
242.0
247.0
265.0
234.0
234.0
259.0
526.0
426.0
499.0
496.0
550.0
591.0
424.0
617.0
749.0
427.0
901.0
675.0
563.0
614.0
596.0
633.0
572.0
662.0
609.0
