61.0
57.0
74.0
65.0
97.0
92.0
57.0
76.0
63.0
48.0
97.0
95.0
74.0
50.0
72.0
76.0
65.0
100.0
52.0
60.0
99.0
79.0
124.0
57.0
86.0
83.0
51.0
78.0
94.0
143.0
167.0
94.0
109.0
179.0
140.0
162.0
152.0
157.0
217.0
153.0
190.0
154.0
188.0
197.0
215.0
227.0
202.0
280.0
183.0
341.0
207.0
213.0
311.0
225.0
287.0
298.0
386.0
294.0
232.0
402.0
270.0
328.0
354.0
313.0
403.0
529.0
349.0
354.0
400.0
514.0
501.0
552.0
439.0
567.0
492.0
413.0
475.0
525.0
577.0
491.0
465.0
428.0
435.0
557.0
518.0
522.0
601.0
464.0
607.0
579.0
617.0
592.0
553.0
529.0
498.0
598.0
572.0
513.0
493.0
437.0
488.0
533.0
853.0
614.0
454.0
555.0
592.0
557.0
466.0
546.0
659.0
589.0
538.0
922.0
391.0
442.0
519.0
502.0
551.0
649.0
673.0
601.0
531.0
562.0
579.0
783.0
491.0
436.0
405.0
402.0
725.0
530.0
696.0
625.0
691.0
513.0
572.0
496.0
593.0
529.0
499.0
540.0
555.0
543.0
425.0
475.0
531.0
504.0
668.0
570.0
521.0
654.0
552.0
558.0
599.0
636.0
582.0
548.0
808.0
715.0
689.0
545.0
539.0
409.0
385.0
619.0
409.0
468.0
590.0
417.0
467.0
184.0
242.0
310.0
279.0
288.0
288.0
244.0
254.0
254.0
267.0
672.0
463.0
580.0
583.0
437.0
582.0
657.0
648.0
733.0
528.0
509.0
570.0
315.0
473.0
563.0
548.0
486.0
463.0
875.0
564.0
322.0
508.0
455.0
561.0
541.0
541.0
487.0
560.0
840.0
539.0
599.0
560.0
688.0
545.0
566.0
593.0
760.0
640.0
477.0
887.0
474.0
457.0
515.0
589.0
455.0
505.0
712.0
508.0
528.0
634.0
753.0
762.0
488.0
606.0
635.0
515.0
478.0
452.0
650.0
566.0
234.0
527.0
414.0
438.0
461.0
563.0
429.0
395.0
444.0
779.0
498.0
295.0
430.0
281.0
261.0
314.0
305.0
359.0
286.0
327.0
277.0
358.0
363.0
502.0
499.0
534.0
480.0
582.0
500.0
398.0
859.0
417.0
578.0
481.0
338.0
560.0
607.0
484.0
601.0
415.0
376.0
455.0
728.0
733.0
451.0
523.0
524.0
629.0
498.0
724.0
369.0
486.0
303.0
484.0
327.0
444.0
665.0
354.0
310.0
