404084194.0
460239652.0
532236212.0
596594279.0
691628021.0
781600240.0
837021445.0
911252508.0
972702846.0
1019042118.0
1115452791.0
1210090795.0
1282582068.0
1333800919.0
1405165906.0
1480164521.0
1544943435.0
1649401796.0
1700988974.0
1759809368.0
1857463662.0
1935721414.0
2059166317.0
2114923691.0
2205371305.0
2288518287.0
2338546108.0
2415455792.0
2509275797.0
2652610505.0
2826352934.0
2921026805.0
3031075131.0
3216173729.0
3358208148.0
3520315074.0
3673310391.0
3836782840.0
4056092032.0
4209829178.0
4409969248.0
4565915706.0
4755596314.0
4960780664.0
5177767650.0
5409266521.0
5614786674.0
5905163113.0
6090930441.0
6441548129.0
6651306597.0
6870737491.0
7188502431.0
7418218901.0
7711906189.0
8021180560.0
8417267184.0
8723754392.0
8967314910.0
9381318891.0
9666089991.0
10008633017.0
10379435677.0
10708459633.0
11134387414.0
11688734601.0
12053350707.0
12429233326.0
12845969514.0
13382954207.0
13907060167.0
14485875471.0
14947814388.0
15544124630.0
16061856091.0
16499769649.0
16995562243.0
17547987406.0
18154434586.0
18671800558.0
19164243877.0
19611794095.0
20072123692.0
20667450913.0
21215695615.0
21770339836.0
22409108993.0
22902279335.0
23553189378.0
24172849508.0
24828982566.0
25457848015.0
26048649803.0
26606920346.0
27134247273.0
27770570355.0
28370013742.0
28886842075.0
29383384336.0
29824011616.0
30316744771.0
30862097364.0
31735836023.0
32365063959.0
32827170155.0
33390992635.0
33991800737.0
34557524038.0
35027428583.0
35584925240.0
36253120441.0
36850382907.0
37398671649.0
38339302691.0
38732707292.0
39182887034.0
39714305243.0
40223299911.0
40784312950.0
41443569518.0
42128541736.0
42735200312.0
43275279437.0
43846273780.0
44431797017.0
45221978968.0
45717170355.0
46195244888.0
46697100244.0
47126506929.0
47892880574.0
48459298246.0
49201217282.0
49872372237.0
50603631466.0
51138116387.0
51734631744.0
52252538162.0
52872386390.0
53424967054.0
53945620800.0
54509619890.0
55093895726.0
55660587927.0
56106102092.0
56601679230.0
57155117934.0
57680440983.0
58377269525.0
58972061024.0
59519655620.0
60224708418.0
60792519188.0
61367843152.0
61982111526.0
62632002981.0
63227886309.0
63791260010.0
64617969152.0
65350008916.0
66057683238.0
66616287117.0
67169382720.0
67592814356.0
67992678665.0
68634025160.0
69052486502.0
69531164507.0
70135214663.0
70561987219.0
71039748802.0
71227951998.0
71478569033.0
71795779324.0
72082517385.0
72376692464.0
72677655473.0
72926351512.0
73191906244.0
73451004286.0
73723948946.0
74411715820.0
74885410002.0
75479160895.0
76075845127.0
76522767372.0
77119646044.0
77797088626.0
78505534585.0
79278099306.0
79822121721.0
80339334582.0
80917296244.0
81236857212.0
81720959360.0
82297120863.0
82925698128.0
83452454876.0
83989705065.0
84985364060.0
85620886652.0
85957385013.0
86537479231.0
87022805118.0
87626533247.0
88182765980.0
88732520140.0
89239548677.0
89814203935.0
90679709911.0
91235604918.0
91847964251.0
92423987981.0
93130755787.0
93699187834.0
94332583743.0
94993473584.0
95785469237.0
96500261578.0
97020032370.0
97926815445.0
98414006742.0
98881764719.0
99410368096.0
100033489741.0
100500033611.0
101013687765.0
101771561844.0
102318739770.0
102854224982.0
103498453485.0
104263069591.0
105087590194.0
105596502130.0
106207733063.0
106853099207.0
107372501042.0
107859233360.0
108315186022.0
108970584466.0
109541441334.0
109782380434.0
110322163739.0
110744979020.0
111204241322.0
111674146870.0
112248912625.0
112719726931.0
113124838923.0
113579950454.0
114383800088.0
114905539213.0
115212186955.0
115672686551.0
115981173511.0
116245731067.0
116592141442.0
116901818688.0
117266581573.0
117557308167.0
117888763405.0
118170428268.0
118534112286.0
118902506945.0
119437482855.0
119971986607.0
120532426429.0
121034573762.0
121654448660.0
122181965780.0
122601231203.0
123505559021.0
123960025051.0
124569967778.0
125078025809.0
125436420125.0
126027915783.0
126669517813.0
127180405600.0
127813345339.0
128252531159.0
128646738400.0
129127447103.0
129894232725.0
130671190283.0
131147932513.0
131698443387.0
132246637424.0
132904552545.0
133429488134.0
134192328386.0
134583204578.0
135103108771.0
135425211468.0
135944983037.0
136277335415.0
136730930366.0
137427550199.0
137788288252.0
138118859953.0
