430982622.0
548622781.0
628721400.0
685993951.0
756648412.0
811299732.0
875187993.0
926513301.0
981803951.0
1059448541.0
1159101963.0
1212015740.0
1251802635.0
1357571312.0
1431983935.0
1481590671.0
1556203490.0
1610949490.0
1663918608.0
1695111225.0
1730123688.0
1816817546.0
1955694797.0
2043747656.0
2113473131.0
2209239711.0
2315120066.0
2379990306.0
2466767393.0
2546438220.0
2692153014.0
2745957980.0
2839653064.0
2970676390.0
3063463446.0
3160010571.0
3307413779.0
3390214501.0
3529587752.0
3661232619.0
3779275239.0
3868628974.0
3997238827.0
4206808340.0
4345423264.0
4528044071.0
4690441222.0
4891221598.0
5024524082.0
5277873007.0
5462086304.0
5762728073.0
6091403038.0
6331176118.0
6601599005.0
6913809581.0
7193899069.0
7496392816.0
7769897247.0
8239626578.0
8498172603.0
8867137775.0
9296609655.0
9717574093.0
10124329655.0
10588048195.0
11049013706.0
11457383427.0
11902439141.0
12371183293.0
12774089490.0
13171917462.0
13481591389.0
13771469800.0
14113385016.0
14429512574.0
14754214709.0
15019501010.0
15289058839.0
15577608648.0
15863106721.0
16359005154.0
16745419922.0
17306361654.0
17793313955.0
18368171722.0
18947076202.0
19426436673.0
19947530050.0
20490814068.0
21075054610.0
21533381887.0
22142527648.0
22872402952.0
23507881753.0
23969500790.0
24589678940.0
25056326792.0
25633822549.0
26327280152.0
26831026635.0
27569418555.0
28252685117.0
28787344682.0
29505940390.0
30119022190.0
30709901311.0
31412007684.0
32165053382.0
32815979624.0
33631557432.0
34287969514.0
35112555905.0
35489229943.0
36129534835.0
36608555283.0
37193861184.0
37678819652.0
38222680400.0
38719917132.0
39162183103.0
39921039604.0
40640134110.0
41226121480.0
41956038124.0
42958308469.0
43622445195.0
44263622752.0
45311864364.0
46013829529.0
46817480231.0
47194660297.0
47731845122.0
48430735720.0
48970650936.0
49720716359.0
50424755170.0
51003758244.0
51497175743.0
52127655578.0
52646390908.0
53082778403.0
53633131407.0
54137059396.0
54686753689.0
55117853302.0
55523001777.0
55796812982.0
56125625616.0
56530161859.0
56898403579.0
57320104449.0
57759015854.0
58337169223.0
58839740098.0
59483072375.0
59969777144.0
60418318581.0
61122374958.0
61586564766.0
62001070894.0
62582314283.0
62941263065.0
63469145188.0
63962625074.0
64253918409.0
64609910997.0
65041899122.0
65522485721.0
66090546119.0
66623406052.0
67308336925.0
67988808192.0
68675806626.0
69355577379.0
70133565802.0
70664162835.0
71167168096.0
71792960026.0
72431843611.0
73033927468.0
73360644366.0
73827380368.0
74397730633.0
75167124300.0
75810348082.0
76329645059.0
76681749181.0
77254642902.0
77771969594.0
78368540683.0
78802247245.0
79496293447.0
80203139467.0
80693578351.0
81208507350.0
81763397106.0
82324003950.0
82849059314.0
83293776109.0
83705003173.0
83942540362.0
84288995706.0
84605553458.0
84929740489.0
85235903207.0
85538872129.0
85857531262.0
86179858051.0
86524424085.0
86836807806.0
87098663052.0
87585338302.0
88127005812.0
88522377078.0
89110905037.0
89660371920.0
90175317798.0
90666408475.0
91161242820.0
91576529378.0
92104542444.0
92662800605.0
93258709185.0
94071990482.0
94659563262.0
95375354217.0
95961069937.0
96627444992.0
97210523907.0
97777879933.0
98338899503.0
99024132468.0
99684749014.0
100428467569.0
101213557485.0
102083660958.0
102820466663.0
103418989825.0
104090345123.0
104692937611.0
105535712682.0
106190193028.0
106731981423.0
107586568231.0
108140464067.0
108790482169.0
109426371430.0
110098737580.0
110791472838.0
111334211047.0
111603930618.0
112192402744.0
112982036115.0
113616529360.0
114107605163.0
114720462777.0
115306103628.0
115775860660.0
116367598763.0
117084349645.0
117794768656.0
118557858934.0
119240144565.0
119963149614.0
120574167612.0
121389998481.0
122091893622.0
122675639309.0
123265840545.0
123838979191.0
124032419632.0
124270980761.0
124514185285.0
124767802074.0
125014539481.0
125263355123.0
125532265814.0
125767756570.0
126006390516.0
126267441219.0
126799865505.0
127230501209.0
127739703907.0
128248385894.0
128804328140.0
129401757888.0
129835361244.0
130465047667.0
131230824621.0
131662877400.0
132579434577.0
133260822437.0
133829567291.0
134449965215.0
135054788636.0
135699197987.0
136295591874.0
136969194755.0
137593376929.0
