416621944.0
479557374.0
547613041.0
607348804.0
681380614.0
751298917.0
810755657.0
869882033.0
939288981.0
993771058.0
1048335679.0
1098234224.0
1192219679.0
1256004269.0
1317061488.0
1396317570.0
1484235974.0
1545813691.0
1610773660.0
1729912573.0
1834103256.0
1954157069.0
2086238181.0
2211999730.0
2286641662.0
2379569869.0
2488744728.0
2649057944.0
2778122629.0
2901668734.0
3026785307.0
3150733749.0
3256111086.0
3467639210.0
3636578542.0
3773833473.0
3889927409.0
4039352798.0
4206916053.0
4356333624.0
4541948747.0
4696063407.0
4969845031.0
5305257472.0
5543615582.0
5850361300.0
6147828266.0
6476345527.0
6687717714.0
7019165711.0
7335285320.0
7574953496.0
8011035330.0
8327343503.0
8656621621.0
9137483025.0
9603678078.0
9955168859.0
10306903932.0
10726940448.0
11068979237.0
11417458099.0
11772625949.0
12148367754.0
12634290733.0
13049292099.0
13443663699.0
13929271600.0
14400273431.0
14809445554.0
15414572821.0
15827283794.0
16327614648.0
16892838449.0
17377652808.0
17844360377.0
18334024618.0
18940674056.0
19506669410.0
20277176713.0
20869393569.0
21482897050.0
21951165579.0
22597664428.0
23277050528.0
23927228369.0
24398619499.0
24866541686.0
25363965113.0
25894756919.0
26468976850.0
27151125980.0
27820232825.0
28413200725.0
29001749156.0
29391806898.0
29945268429.0
30537475020.0
31106030305.0
31769016388.0
32243942409.0
32708847392.0
33339502127.0
33812826654.0
34286018424.0
34798217005.0
35327591583.0
35856987335.0
36357449684.0
36862078817.0
37306013697.0
37912806488.0
38456266459.0
38967869240.0
39439690347.0
40073488704.0
40566020988.0
41073011135.0
41619385157.0
42178425626.0
42694730283.0
43157839672.0
43574426813.0
43943607245.0
44240831932.0
44663092812.0
45066340136.0
45488010866.0
45812066387.0
46140043142.0
46559690400.0
47034955631.0
47504827685.0
48000835232.0
48474448234.0
48994429106.0
49505232596.0
50082179730.0
50752811716.0
51220459162.0
51656238501.0
52224807930.0
52775230788.0
53278593165.0
53921182736.0
54460084541.0
54976793887.0
55503296166.0
56099586885.0
56542315021.0
57055179922.0
57345815103.0
57871780601.0
58362253686.0
59026183748.0
59653327301.0
60312335865.0
60821822114.0
61391443757.0
61938902284.0
62589436005.0
62917505594.0
63482701340.0
64092646393.0
64572671329.0
65121139661.0
65668146434.0
66284499988.0
66736206642.0
67615646414.0
68199007247.0
68583796918.0
68909824901.0
69204431083.0
69529756554.0
69881689032.0
70429695263.0
70762766485.0
71084324464.0
71399243889.0
71716716072.0
71963994555.0
72254877246.0
72508481266.0
72826422961.0
73091296614.0
73365506154.0
73655399615.0
73953369949.0
74235134938.0
74546600303.0
75145957030.0
75810829126.0
76306874634.0
76732086916.0
77178647705.0
77711573216.0
78198307164.0
78571151507.0
79086878042.0
79712000223.0
80318964280.0
80845146330.0
81505999652.0
82405268897.0
82912070692.0
83500647571.0
83975170596.0
84684329644.0
85314460402.0
85917814648.0
86486006279.0
87040465718.0
87593664066.0
88173596613.0
88694976724.0
89425660245.0
90091478184.0
90793218483.0
91384641051.0
91963404505.0
92460049160.0
92778990587.0
93214806650.0
93799515704.0
94198144568.0
94506363907.0
95138123887.0
95569455713.0
95972726998.0
96410568356.0
96720509855.0
97018384816.0
97375410110.0
97813601108.0
98140091041.0
98487779557.0
98962931639.0
99378765409.0
99764351751.0
100146860049.0
100986520744.0
101364919794.0
102185445231.0
102629858725.0
102965605553.0
103413277704.0
104022789555.0
104341815453.0
104942834133.0
105294029569.0
105905626664.0
106492788593.0
107249558289.0
107946217780.0
108688917640.0
109447282893.0
110163425824.0
110788377705.0
111475641921.0
112050462460.0
112806530545.0
113400267391.0
113977052761.0
114571662950.0
115247519302.0
116108032873.0
116767413598.0
117398819387.0
118010891189.0
118687435131.0
119166126854.0
119513907583.0
119871436927.0
120157343593.0
120537159445.0
120915852328.0
121526470422.0
121990557741.0
122354629596.0
122675003547.0
123025352867.0
123322575704.0
123646481461.0
123937184439.0
124224708101.0
124511192860.0
124786241064.0
125079339637.0
125358386742.0
125650504522.0
126002159457.0
126244567557.0
126559885904.0
126817420359.0
127074859991.0
127310173585.0
127553405568.0
127804758917.0
128076905842.0
