438261307.0
539507411.0
605769106.0
711707145.0
771151817.0
850454554.0
932874080.0
999471331.0
1069968074.0
1177709580.0
1266975469.0
1316243397.0
1388492891.0
1517241320.0
1573070244.0
1672967377.0
1763461739.0
1840801291.0
1926881438.0
2047579319.0
2159887372.0
2240388107.0
2327841233.0
2422699641.0
2523925072.0
2638053317.0
2796199630.0
2891785600.0
3019192846.0
3111313635.0
3283520271.0
3443408693.0
3567936005.0
3714850338.0
3847329934.0
4031973366.0
4184021785.0
4397758029.0
4560458490.0
4796832705.0
4983921379.0
5250437977.0
5508621605.0
5727120104.0
5924917525.0
6221531246.0
6509425775.0
6782419502.0
7007588597.0
7336648169.0
7594759448.0
7906940979.0
8178126222.0
8532487613.0
8783498773.0
9015073209.0
9350803325.0
9638927404.0
10068010047.0
10355905007.0
10692755255.0
11016301151.0
11425057504.0
11960980686.0
12616988864.0
13086379330.0
13511535007.0
13926085632.0
14390502576.0
14845685038.0
15630329754.0
16190888019.0
16638830616.0
17081417382.0
17477641415.0
17957353693.0
18519824998.0
18915587516.0
19490992409.0
20006052861.0
20492555560.0
20974020791.0
21502163860.0
22271024725.0
22795393187.0
23229819367.0
23760183807.0
24375028025.0
24893940641.0
25399671007.0
25990663589.0
26785209361.0
27444693926.0
28156409103.0
28790219141.0
29380153276.0
29964754983.0
30592529260.0
31368559848.0
32095980699.0
32723047898.0
33378317019.0
33848930932.0
34515255793.0
35119971979.0
35650375624.0
36402796105.0
36867954264.0
37362046869.0
37824694322.0
38338320679.0
38626177798.0
39098940906.0
39478533128.0
39746409519.0
40250601320.0
40544025430.0
40863230540.0
41197278090.0
41452369340.0
41743938924.0
41942749051.0
42236509541.0
42481924224.0
42740109522.0
42980290854.0
43234088790.0
43477198700.0
43736345794.0
44013542784.0
44285490666.0
44510036389.0
44839989314.0
45160160129.0
45423443574.0
45692715450.0
45973988407.0
46266234852.0
46607131848.0
46994187449.0
47300606967.0
47618041811.0
47873293145.0
48140233538.0
48370317226.0
48611551757.0
48860730623.0
49093597601.0
49314643349.0
49536011616.0
49768624988.0
49992462704.0
50266366246.0
50538122894.0
50804026586.0
51063506064.0
51380569566.0
51656173703.0
51926196712.0
52278682839.0
52586964334.0
52858840635.0
53094031082.0
53319161853.0
53547580835.0
53783831272.0
54037004397.0
54289192419.0
54516289027.0
54764960689.0
55001916238.0
55220476013.0
55443540580.0
55670951881.0
55920228964.0
56139925641.0
56405544015.0
56622631969.0
56894783301.0
57118069431.0
57353037643.0
57531745768.0
57762169066.0
57982613838.0
58230237015.0
58428795747.0
58667937088.0
58909682039.0
59148242873.0
59392801964.0
59621125600.0
59913237676.0
60439356751.0
60806107844.0
61506555125.0
62130859161.0
62463748728.0
63052843282.0
63548286383.0
63839678051.0
64224890144.0
64785561683.0
65071417415.0
65387886230.0
65687248090.0
65959228379.0
66234706609.0
66497026095.0
66776809984.0
67056757881.0
67358692014.0
67684784742.0
67993162155.0
68327108212.0
68711530092.0
69134046347.0
69725021014.0
70099473645.0
70524653693.0
70864973889.0
71211310256.0
71497378462.0
71741018055.0
72017828301.0
72271008714.0
72519135263.0
72771190356.0
73028767802.0
73294833806.0
73556054258.0
73814689826.0
74158145080.0
74496845959.0
74916372270.0
75493560512.0
75898220105.0
76283802485.0
76697766912.0
77148213390.0
77564275716.0
77982669380.0
78767034853.0
79565966043.0
80372433789.0
81078777191.0
81773706953.0
82831053416.0
83556998881.0
84428596913.0
85169570790.0
85935160310.0
86393798266.0
86723644718.0
87061412879.0
87418313275.0
87749910478.0
88098419689.0
88439961825.0
88756532733.0
89099282866.0
89466961169.0
90373986891.0
90851305703.0
91337589966.0
91792263357.0
92274297304.0
92810191490.0
93338960547.0
93775055300.0
94265984124.0
94887187756.0
95757245060.0
96478316371.0
97173914181.0
97880858520.0
98662553216.0
99200425174.0
99777415397.0
100358412042.0
100919187170.0
101806344476.0
102053225562.0
102394400960.0
102690527115.0
102988192724.0
103264059422.0
103543408666.0
103840713167.0
104105004672.0
104372302243.0
104630729149.0
104987120937.0
105446655397.0
105778300271.0
106161748900.0
106532227584.0
107026072076.0
107379535980.0
107751845207.0
108097216228.0
