382680633.0
458858979.0
523205085.0
587361739.0
650790411.0
707873780.0
757427998.0
826078941.0
882444114.0
935781745.0
997062873.0
1071624606.0
1132324240.0
1179989876.0
1246820104.0
1334982877.0
1393019632.0
1443956347.0
1527596464.0
1603785545.0
1677670614.0
1788468264.0
1850277736.0
1947487039.0
2054430615.0
2126017274.0
2211094953.0
2321850174.0
2397095142.0
2436738491.0
2501258655.0
2599480287.0
2728783006.0
2805786239.0
2888040363.0
3032732239.0
3107709004.0
3195641819.0
3359056641.0
3454662107.0
3618679126.0
3827434061.0
4017179326.0
4181085731.0
4407314103.0
4661666387.0
4872075034.0
5011346395.0
5228934407.0
5441873985.0
5633965187.0
5895656589.0
6170683669.0
6410428994.0
6669014996.0
6941623813.0
7251887066.0
7443515389.0
7657838728.0
7953213277.0
8242702136.0
8552599908.0
8861917917.0
9256928423.0
9541662170.0
9823958231.0
10160756400.0
10487655101.0
10822165715.0
11156085653.0
11402382978.0
11759517755.0
12254267681.0
12702965303.0
13184619530.0
13645059523.0
14236854369.0
14589219405.0
14980995813.0
15381744374.0
15808972914.0
16236496340.0
16670001233.0
16959825694.0
17259187138.0
17733526930.0
18071046344.0
18366336326.0
18617282305.0
18895257703.0
19164469571.0
19413936135.0
19923227544.0
20186949452.0
20626797101.0
20917541702.0
21280604009.0
21535683200.0
21825972998.0
22079653047.0
22354111519.0
22826971145.0
23303422198.0
23832091927.0
24300003512.0
24814439674.0
25209515239.0
25631073456.0
26172621800.0
26699945222.0
27481542070.0
27771919837.0
28307861061.0
28894657889.0
29372821156.0
29923470416.0
30355071690.0
30780277564.0
31345553998.0
31994459431.0
32443229503.0
32618841974.0
33348464756.0
33886503245.0
34337057806.0
34783507875.0
35226271622.0
35761527539.0
36561242905.0
37046812758.0
37624521501.0
38006288246.0
38595472539.0
39137873101.0
39661755427.0
40237561920.0
40694379044.0
41285033301.0
41896545755.0
42387673001.0
42895825687.0
43415826203.0
43856587574.0
44368027619.0
45122785063.0
45549554403.0
45939697435.0
46329525094.0
46739433615.0
47154560326.0
47664375386.0
48346138826.0
48871754063.0
49382484567.0
50023852241.0
50843120321.0
51362212805.0
51972560055.0
52571545575.0
53119094452.0
53672141925.0
54227356557.0
54757925728.0
55294396663.0
56183898755.0
56781181442.0
57524616701.0
58066837821.0
58997500377.0
59655944440.0
60353693341.0
60901942893.0
61284265755.0
61708736626.0
62019248946.0
62406116461.0
62792030785.0
63223545899.0
63678575468.0
64348817735.0
64785613410.0
65456704099.0
66039260277.0
66516938617.0
67149057619.0
67715555423.0
68366544375.0
68933189971.0
69503675402.0
70033664667.0
70644509158.0
71251421467.0
71767848631.0
72423891480.0
73145017072.0
73613878111.0
74354624538.0
74916221608.0
75539163426.0
76109192140.0
76597350965.0
77301239953.0
78114055924.0
78783141757.0
79481869019.0
80045641825.0
80836692384.0
81737529461.0
82421470289.0
82961093740.0
83715035352.0
84326105358.0
85033872223.0
85588960598.0
86094149914.0
86691124784.0
87485705054.0
88075369133.0
88763169797.0
89284050037.0
89806385205.0
90071008330.0
90343861744.0
90604685962.0
90898391508.0
91180741087.0
91509370546.0
91771393138.0
92002934198.0
92368687116.0
92633380536.0
93246696111.0
93814896726.0
94619713644.0
95293930453.0
95853214466.0
96603393123.0
97210555733.0
97892722869.0
98727879600.0
99227248681.0
99780316435.0
100427920457.0
0.0
101793583289.0
102582685108.0
103247879052.0
103787904858.0
104557706264.0
105121663639.0
105752607751.0
106413097671.0
107244879485.0
107828903068.0
108443033178.0
108964293791.0
109547982926.0
110122317836.0
110664190282.0
111405052285.0
112146922597.0
112721464376.0
113249238152.0
113704670180.0
114190210212.0
114571003007.0
115259659206.0
115700302304.0
116202600813.0
116728900554.0
117237712123.0
117453837891.0
117684822438.0
117924468756.0
118156454876.0
118400603169.0
118653585309.0
118895619210.0
119150169271.0
119392355572.0
119638136026.0
119652399542.0
119835773124.0
120110919755.0
120395871023.0
120692915323.0
121052778090.0
121367337946.0
121671454027.0
122018704774.0
122388678503.0
123124932111.0
123456784789.0
123825663469.0
124249972687.0
124590685463.0
124982235618.0
125438279880.0
125808183241.0
126451829206.0
