nan
-740.2
-813.40625
-720.4145833333333
-761.678125
-934.2212499999999
-1062.0708333333332
-1095.9464285714284
-1089.5515625
-1101.7875
-1035.575
-993.7903409090909
-997.3625000000001
-962.1076923076923
-927.3950892857143
-929.4779166666667
-922.348828125
-889.551838235294
-862.2184027777777
-849.7141447368421
-834.8168749999999
-808.83125
-796.4065340909091
-779.2942934782608
-758.79296875
-740.17925
-740.1788461538462
-722.6671296296297
-710.8959821428572
-695.885775862069
-681.6652083333333
-667.1092741935485
-664.059765625
-656.6545454545454
-645.7608455882353
-635.2555357142857
-627.7638888888889
-620.3533783783784
-609.8203947368421
-606.3695512820512
-602.333125
-594.6344512195122
-585.2273809523809
-577.0671511627908
-570.973153409091
-564.6718055555556
-554.7683423913044
-545.699335106383
-538.39453125
-533.5803571428571
-527.0576249999999
-521.1834558823529
-517.1254807692308
-510.7265330188679
-508.52673611111106
-502.0218181818181
-497.33872767857144
-492.1117324561404
-489.02963362068965
-484.15466101694915
-480.10375
-479.102356557377
-474.94042338709676
-472.4196428571428
-468.62626953125
-464.8226923076923
-460.27831439393935
-459.44048507462685
-456.49558823529406
-453.1545289855072
-451.0635714285714
-449.05633802816897
-447.9470486111111
-444.44392123287673
-441.0315033783784
-436.78041666666667
-432.54539473684207
-429.0484577922077
-424.8563301282051
-421.38306962025314
-417.595703125
-414.43703703703704
-412.21219512195125
-409.7290662650603
-406.6138392857144
-403.84676470588244
-400.3066860465117
-399.8104885057472
-397.7256392045454
-394.98757022471904
-392.80006944444443
-392.2151785714285
-389.9108016304348
-387.91700268817203
-385.5934840425532
-383.62105263157895
-380.85820312500005
-378.27886597938146
-376.6241709183674
-374.4310606060606
-373.925875
-372.767141089109
-372.06372549019613
-370.67014563106807
-369.5807091346154
-367.46351190476196
-366.4985259433963
-365.7446261682244
-364.28148148148153
-362.27924311926614
-361.1023295454546
-358.77764639639645
-356.6002232142858
-354.7629424778762
-353.07812500000006
-351.8596739130436
-350.00571120689665
-348.0333333333335
-346.6191737288137
-345.2991596638657
-345.3378645833333
-343.99989669421484
-342.79897540983603
-341.39623983739835
-339.7673891129032
-338.06789999999995
-336.41388888888883
-334.80875984251963
-333.54184570312503
-332.7856589147287
-330.98480769230764
-329.67108778625953
-328.0293087121212
-325.83961466165414
-324.02537313432833
-322.66777777777776
-320.93083639705884
-319.07262773722624
-317.5938405797101
-316.7808003597122
-314.9499107142857
-313.18785460992905
-312.16289612676053
-310.46660839160836
-309.11284722222223
-307.24762931034485
-306.07431506849315
-304.7939200680272
-303.24138513513515
-301.83204697986577
-301.2792083333333
-299.7571605960265
-298.3090049342105
-296.6078839869281
-295.81927759740256
-294.5455241935484
-293.32471955128204
-292.3750398089172
-290.7261471518988
-290.1115959119497
-289.12394531250004
-287.8286878881987
-286.48537808641976
-285.1769555214724
-283.8690929878049
-282.92931818181813
-281.5612951807229
-280.0660179640718
-278.77410714285713
-277.5628328402367
-276.0883455882353
-274.8023026315789
-273.4573037790698
-272.4137283236994
-271.1184267241379
-270.0729285714286
-268.6236505681818
-267.1907485875706
-265.99375
-265.0356145251397
-263.91465277777775
-262.7137776243094
-261.69608516483515
-260.5204576502732
-259.47866847826083
-258.5245608108108
-257.8202284946237
-256.8658422459893
-255.61552526595744
-254.58495370370366
-253.60003289473684
-252.58406413612562
-251.75393880208335
-250.68112046632126
-249.9103414948454
-248.88336538461542
-248.13156887755105
-246.97642766497464
-246.10482954545458
-245.33599246231157
