nan
-966.3875
-927.0
-841.50625
-1049.6265625
-1045.01375
-988.6822916666666
-1016.0089285714286
-959.65625
-951.0701388888889
-935.938125
-957.3306818181819
-1060.3390625
-1083.2634615384616
-1232.658482142857
-1245.2841666666668
-1195.72421875
-1155.9400735294118
-1128.1131944444446
-1094.0289473684213
-1055.5328125
-1038.7928571428574
-1003.6048295454548
-967.834239130435
-943.5052083333334
-911.262
-887.9997596153845
-860.6537037037036
-842.8493303571428
-823.0491379310344
-814.8554166666665
-805.846572580645
-789.5931640625001
-776.6153409090911
-772.6452205882354
-761.6492857142857
-751.8248263888889
-740.4527027027028
-732.591282894737
-724.148076923077
-714.7803125
-703.8481707317073
-695.6997023809524
-687.072238372093
-680.2357954545455
-673.4547222222222
-666.6664402173913
-670.5317819148936
-664.5186197916667
-664.2249999999999
-659.1545
-664.5044117647059
-658.451201923077
-650.4942216981132
-642.4174768518518
-638.4189772727273
-630.9271205357144
-625.1361842105264
-620.705603448276
-625.6521186440679
-618.2282291666668
-612.5795081967215
-606.0058467741936
-600.5784722222223
-594.37919921875
-588.4966346153847
-582.871590909091
-578.6152052238806
-571.8723345588235
-566.7810688405797
-561.5864285714285
-556.568309859155
-551.0589409722222
-547.752397260274
-541.719847972973
-537.1967500000001
-532.1527138157895
-527.2439123376624
-522.4597756410258
-517.6503955696204
-513.50390625
-511.06589506172844
-507.69862804878045
-504.50376506024094
-500.9916666666667
-496.63382352941176
-493.16591569767445
-490.9957614942529
-487.36583806818186
-483.3189606741573
-480.1959722222223
-476.6594093406594
-473.8268342391305
-471.30181451612907
-467.7950132978724
-466.4263815789474
-464.0102864583334
-460.9289948453609
-457.9533163265306
-455.21338383838383
-452.5286875
-450.9602722772278
-448.40061274509804
-446.00849514563106
-444.6953725961539
-443.5477976190476
-442.1636202830189
-439.7928738317757
-437.6088541666667
-435.6530963302752
-432.95755681818184
-429.5824324324324
-426.38063616071435
-423.58384955752217
-420.97894736842113
-417.9644565217392
-414.8804418103449
-412.7954594017095
-410.0830508474576
-407.2142331932773
-404.5730729166667
-402.03011363636364
-401.03437500000007
-400.05482723577245
-398.73024193548395
-398.1503500000001
-397.6132440476191
-396.04906496063
-396.569482421875
-395.26017441860466
-394.97538461538466
-394.430820610687
-393.3052083333334
-391.00657894736844
-390.8232276119403
-388.47476851851854
-386.22876838235294
-384.5314781021898
-383.011231884058
-381.7580485611511
-381.23879464285716
-379.6273936170213
-378.0859595070423
-377.1905157342657
-375.75186631944445
-374.4325
-372.3295804794521
-371.18422619047624
-369.75557432432436
-368.0218959731544
-366.66704166666665
-365.50008278145697
-363.87368421052633
-362.89015522875815
-361.5920454545455
-360.15717741935487
-358.7409855769231
-357.187300955414
-355.40090981012656
-353.57437106918235
-351.6531640625
-349.938548136646
-348.03614969135805
-346.31944018404914
-344.5128048780488
-342.72636363636366
-340.8418674698795
-339.3986526946108
-337.85811011904764
-336.4403106508876
-334.693125
-333.3794956140351
-331.8420058139535
-330.4084176300578
-329.05147270114946
-327.3695357142857
-325.9668678977273
-324.50935734463275
-322.9424859550562
-321.4902583798883
-320.2397569444444
-318.6377762430939
-317.1802541208791
-316.1594945355191
-315.1451426630435
-314.54081081081085
-313.74411962365593
-313.40193850267383
-312.44182180851067
-311.78601190476195
-311.30697368421056
-310.5590641361257
-309.5928385416667
-308.7745142487047
-308.43695231958765
-308.46538461538466
-311.80484693877554
-312.82484137055843
-314.08816287878795
-314.30433417085436
