-966.3875
-887.6125
-670.51875
-1673.9875
-1026.5625
-707.025
-1179.96875
-565.1875
-882.38125
-799.75
-1171.25625
-2193.43125
-1358.35625
-3174.79375
-1422.04375
-452.325
-519.39375
-655.05625
-480.5125
-324.10625
-703.99375
-264.65625
-180.88125
-383.9375
-137.425
-306.44375
-149.65625
-362.13125
-268.64375
-577.2375
-535.58125
-285.7375
-361.325
-641.63125
-387.7875
-407.96875
-331.05625
-441.71875
-403.30625
-349.4375
-266.5625
-361.6125
-324.71875
-386.26875
-375.0875
-361.19375
-848.3375
-381.9
-650.13125
-410.7
-932.0
-349.7375
-236.73125
-214.35
-422.5
-218.875
-300.84375
-368.1625
-912.55
-180.21875
-273.65625
-205.0125
-264.08125
-203.825
-212.0125
-217.24375
-297.69375
-120.1
-220.575
-203.15625
-205.3
-159.89375
-309.68125
-101.34375
-202.4875
-153.85
-154.175
-154.08125
-142.51875
-185.93125
-316.025
-234.95
-242.525
-209.4875
-130.575
-198.39375
-304.3625
-171.5625
-127.19375
-202.25
-158.36875
-216.0625
-239.0
-141.6625
-337.775
-234.48125
-165.125
-169.3125
-186.7
-186.74375
-294.11875
-189.875
-202.0125
-309.44375
-324.2
-296.825
-188.49375
-203.91875
-224.43125
-139.14375
-58.31875
-70.98125
-110.34375
-126.625
-74.3125
-60.21875
-170.9375
-92.73125
-68.69375
-90.275
-96.875
-280.55
-280.55
-235.80625
-326.24375
-330.475
-198.9625
-462.6625
-227.66875
-358.2375
-323.6375
-245.85
-87.5875
-366.4375
-73.78125
-83.01875
-153.7
-174.7375
-208.81875
-309.0625
-154.03125
-160.74375
-250.0375
-170.025
-184.44375
-67.40625
-203.9625
-159.74375
-111.4375
-164.79375
-190.45625
-118.2875
-213.39375
-162.98125
-139.1875
-139.23125
-114.8125
-74.9375
-64.98125
-46.18125
-75.6
-41.75
-68.2125
-50.03125
-49.75
-29.9
-99.825
-80.5875
-98.25
-39.41875
-110.0625
-68.93125
-83.83125
-94.3
-34.7125
-80.5
-67.9875
-45.60625
-62.99375
-96.4
-30.28125
-53.36875
-130.38125
-129.51875
-203.34375
-166.35625
-249.75625
-132.9
-188.49375
-220.76875
-168.45625
-125.04375
-151.65625
-243.2875
-313.98125
-963.0
-512.74375
-562.9625
-357.10625
-260.18125
