11.835058217
13.470845975
15.186512592
18.053800137
19.138581228
20.818397028
21.941927178
24.961060483
26.548698029
27.734087921
28.444402736
30.348976393
32.167530666
34.422374144
35.734851857
37.321369433
38.40004907
39.794742381
41.650252442
43.072973279
45.173919093
46.551512866
47.506424497
48.418756686
49.112931506
50.145649305
51.313913859
52.229169766
53.509171767
55.312386764
55.77698905
57.045351296
58.604797672
60.267421986
61.634425262
62.427327537
63.85407245
65.000661256
66.047962809
67.266055392
68.080163403
69.131845344
70.075903749
71.324111284
72.627869361
73.887978698
75.549451227
76.842054085
78.022626907
79.719263661
81.123081134
83.287037183
85.259345476
88.987347703
91.714632839
94.553047972
98.390846363
99.978944308
104.259958265
108.393956835
112.416477328
114.536764606
116.210480703
117.892731546
121.219563588
122.553360687
123.746786556
125.364866756
126.695811246
128.599307962
130.502948617
132.257624478
134.542490523
136.168414792
139.378759961
140.805813343
142.694945565
145.262671713
146.777286965
148.576087867
152.108770403
153.641294235
156.134658879
157.720569958
159.332832227
161.48082737
163.204344919
164.701727231
166.465176919
168.132603418
170.85514352
172.005621055
173.663967244
176.574662443
179.194794798
180.00863729
182.956941843
184.598895909
187.193022707
189.180852103
190.953335647
192.513499065
193.917909299
194.970207898
196.641015868
197.987701998
199.315461744
200.48293559
201.57495413
203.179237301
205.029675567
206.56006034
207.618121873
208.889870952
210.201425154
211.798304309
213.122635396
214.861830958
216.280935051
218.246170457
220.027871806
222.136455375
223.790097407
226.524068966
228.716538636
229.908568556
231.300534658
233.21157214
234.695118047
238.975793515
241.35769924
243.246389674
244.722818576
247.413739165
248.920331626
251.011532276
252.783166777
253.98369058
255.220242668
257.397447011
258.996573901
260.989925277
262.690178939
265.468664374
266.654741618
267.769109666
269.005841717
270.418093234
272.260835536
274.62936357
278.543155368
281.561649716
284.061924732
287.169445752
290.492737236
293.57399142
296.631865754
297.726164798
299.791279779
301.950380478
304.008137932
305.507931566
306.581852567
308.249954321
309.495543943
311.779165103
313.652710394
316.062516592
318.640321255
324.25590921
329.530209468
337.523219147
347.617258885
355.113952574
359.919768202
362.429280319
367.183627158
370.797102858
378.498986255
380.240996196
381.602836774
385.053421768
387.578757957
389.733308025
393.038927264
396.052223695
399.824867259
402.962246901
407.066921908
409.47352062
411.584769338
415.088214977
417.761785082
423.025655468
426.793922865
428.068907622
433.498424094
437.653369885
439.37104433
442.720898846
