12.054302538
13.399242685
14.07951851
15.470932438
18.305380171
21.686252651
24.092741541
26.196112266
28.647820471
29.360185294
30.550134515
33.171037763
34.196232693
35.371458427
37.67816742
39.608874706
40.745029493
42.047895137
43.735051986
45.419643933
46.352707866
47.886380508
48.872162154
49.870175281
50.924167417
53.599209256
54.366767484
55.804341254
56.816230882
57.726618474
58.936216204
61.05181732
62.936045656
64.351091944
65.440126778
66.503392768
68.298302922
69.17629003
71.462801991
73.358525061
74.383983547
75.279377677
76.664673506
78.684996936
80.388772546
82.001729095
83.002902332
84.286775845
85.964679031
87.283472861
88.12212553
90.293921225
91.530861465
93.67625479
94.95497469
96.841842551
98.244834197
99.977240232
101.843843164
103.638573405
105.711120515
107.562450581
110.827658436
114.029846944
115.867512027
117.417845048
121.363406658
123.359206702
125.189788475
127.579128148
130.040340851
132.525352762
134.54846595
135.95129414
137.604444247
139.341245984
141.471301098
142.776428811
144.195430168
146.005537196
147.024814413
148.421348689
150.237439963
152.420374205
154.035620827
155.691849262
158.029094994
159.720585677
161.146245632
162.644524813
164.706489834
165.890327286
167.199735316
168.634590427
170.620128367
172.008628579
172.975517947
175.85863853
176.922333198
178.747428741
180.350406326
182.226483777
183.667141851
185.182271305
186.358040298
187.969749376
189.486531191
190.927723481
192.120637185
194.591785316
196.231452724
197.086096429
198.185681787
199.181140437
200.236273946
201.084867052
201.938776996
203.073561896
204.029812804
205.703938545
206.482777601
207.556246912
208.656896742
209.609147414
210.74175351
211.772730715
212.516944896
213.754599539
214.894753842
215.727621481
216.915489532
217.947655682
218.784277917
219.660841643
220.484196004
221.412488197
222.17135046
222.932201656
224.587664637
225.533631413
226.398694457
227.423594036
228.268949579
229.17565711
230.023470681
230.986858215
231.85902058
232.584424871
233.559632018
234.792330712
235.647076563
236.646716261
237.464129683
238.375176647
239.009052196
239.780220226
240.672669778
241.53667868
242.636499479
243.490817757
244.262192616
245.098098946
246.142277753
246.912681982
248.092512116
248.889968006
249.744744897
250.588785508
251.547349126
252.414420978
253.695200808
254.476748124
255.724211759
256.417635783
257.356503966
258.127530332
258.94006131
259.850016031
260.910070063
261.708726417
262.511638688
263.305596585
264.081893485
264.893536535
265.849924219
266.815767414
267.600655437
268.411850702
269.436605946
270.180434185
270.964962673
271.733857721
272.513634036
273.461884528
274.250858769
275.264308898
276.117441338
276.925281873
277.860964151
278.66019711
