31.0
24.5
20.0
22.0
22.0
22.0
21.0
19.625
19.11111111111111
18.6
18.636363636363637
19.25
19.153846153846153
19.071428571428573
18.866666666666667
18.6875
18.294117647058822
19.61111111111111
21.0
20.85
20.61904761904762
20.5
20.17391304347826
20.916666666666668
20.56
20.53846153846154
21.88888888888889
21.607142857142858
21.517241379310345
21.266666666666666
21.032258064516128
20.875
21.333333333333332
22.0
21.65714285714286
21.61111111111111
21.81081081081081
21.55263157894737
21.41025641025641
21.2
21.170731707317074
21.285714285714285
22.13953488372093
22.068181818181817
22.177777777777777
22.82608695652174
23.21276595744681
22.9375
22.79591836734694
22.7
22.54901960784314
22.384615384615383
22.30188679245283
22.38888888888889
22.29090909090909
22.196428571428573
22.17543859649123
22.086206896551722
22.389830508474578
22.75
22.65573770491803
22.532258064516128
22.603174603174605
22.515625
22.815384615384616
22.681818181818183
23.149253731343283
23.426470588235293
23.347826086956523
23.514285714285716
23.3943661971831
23.27777777777778
23.164383561643834
23.18918918918919
23.053333333333335
23.236842105263158
23.142857142857142
23.0
23.0126582278481
22.9125
22.790123456790123
22.682926829268293
22.626506024096386
22.654761904761905
22.694117647058825
22.6046511627907
22.75862068965517
22.852272727272727
22.741573033707866
22.788888888888888
22.747252747252748
22.73913043478261
22.838709677419356
22.819148936170212
22.905263157894737
22.8125
23.030927835051546
23.26530612244898
23.272727272727273
23.25
23.415841584158414
23.41176470588235
23.33009708737864
23.23076923076923
23.238095238095237
23.28301886792453
23.16822429906542
23.435185185185187
23.587155963302752
23.972727272727273
23.92792792792793
24.017857142857142
23.964601769911503
23.982456140350877
23.88695652173913
23.99137931034483
23.923076923076923
23.838983050847457
23.77310924369748
24.091666666666665
24.512396694214875
24.508196721311474
24.414634146341463
24.379032258064516
24.512
24.484126984126984
24.393700787401574
24.3671875
24.449612403100776
24.361538461538462
24.31297709923664
24.21969696969697
24.18045112781955
24.246268656716417
24.377777777777776
24.28676470588235
24.18978102189781
24.253623188405797
24.230215827338128
24.192857142857143
24.22695035460993
24.183098591549296
24.09090909090909
24.15277777777778
24.16551724137931
24.424657534246574
24.39455782312925
24.324324324324323
24.28187919463087
24.453333333333333
24.364238410596027
24.289473684210527
24.333333333333332
24.48051948051948
24.393548387096775
24.634615384615383
24.662420382165607
24.59493670886076
24.61635220125786
24.85
24.84472049689441
24.858024691358025
24.8159509202454
25.01829268292683
24.933333333333334
24.849397590361445
24.880239520958085
24.863095238095237
24.792899408284022
24.9
25.15204678362573
25.1046511627907
25.057803468208093
25.07471264367816
25.177142857142858
25.15909090909091
25.124293785310734
25.1123595505618
25.050279329608937
25.283333333333335
25.23756906077348
25.439560439560438
25.39344262295082
25.32608695652174
25.410810810810812
25.440860215053764
25.40106951871658
25.55851063829787
25.502645502645503
25.457894736842107
25.50261780104712
25.494791666666668
25.4559585492228
25.484536082474225
25.466666666666665
25.525510204081634
25.553299492385786
25.494949494949495
25.71356783919598
25.755
25.70646766169154
25.826732673267326
25.753694581280786
25.745098039215687
26.09268292682927
26.25242718446602
26.23671497584541
26.182692307692307
26.28708133971292
26.447619047619046
26.497630331753555
26.52358490566038
26.901408450704224
27.214953271028037
27.33953488372093
27.72222222222222
27.792626728110598
27.78440366972477
28.0
28.154545454545456
28.601809954751133
28.59009009009009
28.744394618834082
29.09375
29.27111111111111
29.52212389380531
29.54625550660793
29.644736842105264
29.724890829694324
29.87391304347826
30.103896103896105
31.18103448275862
31.605150214592275
31.54700854700855
31.58723404255319
31.98728813559322
32.050632911392405
32.390756302521005
32.42677824267783
32.84166666666667
32.767634854771785
32.735537190082646
32.68724279835391
32.80327868852459
32.95918367346939
33.08130081300813
33.12955465587044
33.53629032258065
33.81927710843374
34.22
34.52191235059761
34.48412698412698
34.89723320158103
35.425196850393704
35.8156862745098
36.05859375
36.459143968871594
36.46124031007752
36.44015444015444
36.66923076923077
37.333333333333336
37.36641221374046
37.28136882129277
37.23863636363637
37.30943396226415
37.954887218045116
38.29588014981273
38.25
38.762081784386616
39.14074074074074
39.40221402214022
39.47794117647059
40.146520146520146
41.003649635036496
41.50181818181818
42.45652173913044
42.69314079422383
42.98201438848921
43.659498207885306
43.72857142857143
44.05338078291815
44.43971631205674
45.19081272084806
45.429577464788736
45.90877192982456
46.47552447552447
46.69686411149826
46.854166666666664
47.37370242214533
47.62068965517241
47.893470790378004
48.62671232876713
48.65529010238908
49.45918367346939
50.728813559322035
51.19932432432432
51.158249158249156
52.19463087248322
52.23411371237458
53.72666666666667
55.04983388704319
56.52317880794702
57.254125412541256
57.99013157894737
59.43934426229508
60.38235294117647
61.814332247557005
62.62012987012987
63.699029126213595
65.10645161290323
65.56591639871382
66.95833333333333
68.34185303514377
69.20700636942675
69.77460317460317
71.13607594936708
72.48895899053628
73.77044025157232
75.1065830721003
76.434375
77.75389408099689
79.06521739130434
80.36842105263158
81.66358024691358
82.95076923076923
84.23006134969326
85.50152905198777
86.76524390243902
88.02127659574468
88.80606060606061
89.77945619335347
90.77409638554217
91.3993993993994
92.62275449101796
93.83880597014925
95.04761904761905
96.24925816023739
97.44378698224853
98.63126843657817
99.81176470588235
100.98533724340176
102.15204678362574
103.31195335276968
104.46511627906976
105.61159420289854
106.7514450867052
107.88472622478386
109.01149425287356
110.13180515759312
111.24571428571429
112.35327635327636
113.45454545454545
114.54957507082153
115.63841807909604
116.72112676056338
117.79775280898876
118.86834733893558
119.93296089385476
120.991643454039
122.04444444444445
123.09141274238227
124.13259668508287
125.16804407713498
126.1978021978022
127.22191780821917
128.24043715846994
129.2534059945504
130.2608695652174
131.26287262872629
132.25945945945946
133.25067385444743
134.23655913978496
135.2171581769437
136.19251336898395
137.16266666666667
138.12765957446808
139.08753315649867
140.04232804232805
140.9920844327177
141.93684210526317
142.8766404199475
143.81151832460733
144.74151436031332
145.66666666666666
146.587012987013
147.50259067357513
148.41343669250645
149.31958762886597
150.2210796915167
151.1179487179487
152.01023017902813
152.89795918367346
153.78117048346056
154.65989847715736
155.53417721518989
156.40404040404042
157.26952141057936
158.13065326633165
158.9874686716792
159.84
160.68827930174564
161.53233830845772
162.37220843672458
163.20792079207922
164.0395061728395
164.86699507389162
165.6904176904177
166.50980392156862
167.32518337408314
168.13658536585365
168.94403892944038
169.74757281553397
170.54721549636804
171.34299516908212
172.13493975903614
172.92307692307693
173.7074340527578
174.48803827751198
175.26491646778044
176.03809523809525
176.80760095011877
177.5734597156398
178.3356973995272
179.0943396226415
179.84941176470588
180.60093896713616
181.34894613583137
182.09345794392524
182.83449883449885
183.5720930232558
184.3062645011601
185.03703703703704
185.76443418013858
186.4884792626728
187.20919540229886
187.92660550458714
188.64073226544622
189.35159817351598
190.05922551252849
190.76363636363635
191.46485260770976
192.16289592760182
192.85778781038374
193.54954954954954
194.238202247191
194.92376681614348
195.60626398210292
196.28571428571428
196.96213808463253
197.63555555555556
198.3059866962306
198.97345132743362
199.63796909492274
200.29955947136563
200.95824175824177
201.6140350877193
202.26695842450766
202.9170305676856
203.56427015250546
204.2086956521739
204.85032537960956
205.48917748917748
206.12526997840172
206.75862068965517
207.38924731182794
208.01716738197425
208.6423982869379
209.26495726495727
209.88486140724947
210.50212765957446
211.1167728237792
211.72881355932202
212.33826638477802
212.9451476793249
213.54947368421054
214.15126050420167
214.75052410901466
215.34728033472803
215.94154488517745
216.53333333333333
217.12266112266113
217.70954356846474
218.29399585921325
218.87603305785123
219.45567010309279
220.03292181069958
220.60780287474333
221.18032786885246
221.75051124744377
222.31836734693877
222.88391038696537
223.4471544715447
224.0081135902637
224.5668016194332
225.12323232323232
225.67741935483872
226.22937625754528
226.77911646586347
227.32665330661322
227.872
228.41516966067863
228.9561752988048
229.49502982107356
230.03174603174602
230.56633663366335
231.098814229249
231.629191321499
232.15748031496062
232.6836935166994
233.2078431372549
233.72994129158513
234.25
234.7680311890838
235.284046692607
235.79805825242718
236.31007751937983
236.8201160541586
237.32818532818533
237.83429672447014
238.33846153846153
238.84069097888676
239.34099616858236
239.8393881453155
240.33587786259542
240.8304761904762
241.32319391634982
241.81404174573055
242.3030303030303
242.79017013232513
243.2754716981132
243.75894538606403
244.2406015037594
244.72045028142588
245.19850187265916
245.67476635514018
246.1492537313433
246.6219739292365
247.09293680297398
247.5621521335807
248.02962962962962
248.49537892791128
248.95940959409594
249.42173112338858
249.88235294117646
250.34128440366973
250.7985347985348
251.25411334552103
251.7080291970803
252.16029143897995
252.6109090909091
253.05989110707804
253.5072463768116
253.95298372513562
254.3971119133574
254.83963963963964
255.28057553956833
255.71992818671455
256.15770609319
256.59391771019676
257.0285714285714
257.4616755793226
257.8932384341637
258.3232682060391
258.7517730496454
259.1787610619469
259.6042402826855
260.02821869488537
260.4507042253521
260.87170474516694
261.29122807017546
261.7092819614711
262.12587412587413
262.5410122164049
262.9547038327526
263.36695652173916
263.77777777777777
264.18717504332756
264.5951557093426
265.00172711571673
265.4068965517241
265.8106712564544
266.21305841924396
266.6140651801029
267.013698630137
267.4119658119658
267.80887372013655
268.2044293015332
268.5986394557823
268.9915110356537
269.38305084745764
269.77326565143824
270.1621621621622
270.5497470489039
270.93602693602696
271.32100840336136
271.7046979865772
272.0871021775544
272.46822742474916
272.8480801335559
273.2266666666667
273.60399334442593
273.98006644518273
274.35489220563846
274.72847682119203
275.100826446281
275.47194719471946
275.84184514003294
276.2105263157895
276.5779967159277
276.94426229508196
277.30932896890346
277.6732026143791
278.0358890701468
278.3973941368078
278.75772357723577
279.1168831168831
279.47487844408425
279.831715210356
280.1873990306947
280.541935483871
280.8953301127214
281.2475884244373
281.5987158908507
281.94871794871796
282.2976
282.64536741214056
282.99202551834134
283.3375796178344
283.68203497615264
284.02539682539685
284.3676703645008
284.7088607594937
285.0489731437599
285.38801261829656
285.7259842519685
286.062893081761
286.3987441130298
286.73354231974923
287.06729264475746
287.4
287.73166926677067
288.0623052959502
288.3919129082426
288.72049689440996
289.0480620155039
289.374613003096
289.7001545595054
290.0246913580247
