16.0
13.5
12.666666666666666
12.75
12.6
16.166666666666668
19.714285714285715
22.625
21.77777777777778
21.2
20.454545454545453
20.0
19.384615384615383
18.785714285714285
18.6
19.5625
19.58823529411765
19.61111111111111
19.94736842105263
19.55
19.476190476190474
19.09090909090909
19.043478260869566
18.791666666666668
19.76
19.73076923076923
19.88888888888889
19.821428571428573
20.96551724137931
20.933333333333334
21.032258064516128
20.65625
20.333333333333332
20.176470588235293
20.34285714285714
20.194444444444443
19.91891891891892
19.710526315789473
19.923076923076923
19.875
20.097560975609756
20.214285714285715
20.093023255813954
20.227272727272727
20.733333333333334
20.543478260869566
20.659574468085108
20.791666666666668
20.775510204081634
21.26
21.176470588235293
21.01923076923077
21.169811320754718
21.333333333333332
21.254545454545454
21.178571428571427
21.31578947368421
21.275862068965516
22.033898305084747
22.083333333333332
21.901639344262296
21.983870967741936
21.952380952380953
22.4375
22.523076923076925
22.37878787878788
22.28358208955224
22.426470588235293
22.27536231884058
22.17142857142857
22.169014084507044
22.36111111111111
22.328767123287673
22.39189189189189
22.4
22.289473684210527
22.506493506493506
22.423076923076923
22.329113924050635
22.175
22.19753086419753
22.085365853658537
22.08433734939759
22.0
21.858823529411765
21.825581395348838
21.873563218390803
21.829545454545453
21.685393258426966
21.58888888888889
21.494505494505493
21.47826086956522
21.376344086021504
21.404255319148938
21.53684210526316
21.489583333333332
21.412371134020617
21.479591836734695
21.484848484848484
21.44
21.415841584158414
21.50980392156863
21.49514563106796
21.51923076923077
21.476190476190474
21.556603773584907
21.429906542056074
21.40740740740741
21.321100917431192
21.272727272727273
21.45945945945946
21.5
21.654867256637168
21.605263157894736
21.68695652173913
22.086206896551722
22.128205128205128
22.093220338983052
22.126050420168067
22.075
21.975206611570247
22.024590163934427
22.03252032520325
22.016129032258064
22.112
22.103174603174605
22.20472440944882
22.21875
22.37984496124031
22.361538461538462
22.519083969465647
22.78030303030303
22.75187969924812
22.917910447761194
22.933333333333334
23.080882352941178
23.452554744525546
23.471014492753625
23.510791366906474
23.5
23.46099290780142
23.443661971830984
23.3986013986014
23.59722222222222
23.744827586206895
23.71232876712329
23.68027210884354
23.60810810810811
23.7248322147651
23.64
23.662251655629138
23.605263157894736
23.647058823529413
23.655844155844157
23.63225806451613
23.58974358974359
23.61783439490446
23.727848101265824
23.641509433962263
23.60625
23.596273291925467
23.604938271604937
23.717791411042946
23.70731707317073
23.775757575757577
23.698795180722893
23.676646706586826
23.851190476190474
24.02958579881657
24.064705882352943
24.13450292397661
24.087209302325583
24.09826589595376
24.155172413793103
24.091428571428573
24.193181818181817
24.16949152542373
24.46629213483146
24.64245810055866
24.594444444444445
24.685082872928177
24.642857142857142
24.584699453551913
24.554347826086957
24.491891891891893
24.456989247311828
24.67379679144385
24.75
24.719576719576718
24.7
24.75392670157068
24.828125
24.813471502590673
25.02577319587629
24.964102564102564
25.020408163265305
25.00507614213198
25.17676767676768
25.115577889447238
25.14
25.109452736318406
25.123762376237625
25.103448275862068
25.397058823529413
25.351219512195122
25.33009708737864
25.347826086956523
25.317307692307693
25.39712918660287
25.33809523809524
25.28436018957346
25.254716981132077
25.751173708920188
25.69158878504673
25.669767441860465
25.75
25.737327188940093
25.665137614678898
25.71689497716895
25.79090909090909
25.877828054298643
25.92792792792793
25.986547085201792
26.044642857142858
26.026666666666667
26.004424778761063
26.136563876651984
26.157894736842106
26.14410480349345
26.269565217391303
26.238095238095237
26.245689655172413
26.244635193133046
26.23076923076923
26.387234042553192
26.364406779661017
26.40928270042194
26.60924369747899
26.548117154811717
26.666666666666668
27.09128630705394
27.070247933884296
27.31687242798354
27.270491803278688
27.722448979591835
27.898373983739837
28.11336032388664
28.100806451612904
28.100401606425702
28.44
28.41832669322709
28.44047619047619
28.399209486166008
28.429133858267715
28.388235294117646
28.5234375
28.47859922178988
28.674418604651162
28.92664092664093
29.065384615384616
29.03448275862069
29.209923664122137
29.319391634980988
29.28787878787879
29.260377358490565
29.214285714285715
29.333333333333332
29.417910447761194
29.356877323420075
29.325925925925926
29.505535055350553
29.841911764705884
30.296703296703296
30.273722627737225
30.563636363636363
30.58695652173913
31.04693140794224
31.20863309352518
31.487455197132615
31.507142857142856
31.94306049822064
31.95744680851064
32.73144876325088
32.855633802816904
33.17894736842105
33.45454545454545
33.393728222996515
33.704861111111114
33.8961937716263
33.98965517241379
33.99312714776632
33.95205479452055
34.08532423208191
34.07142857142857
34.0
34.273648648648646
34.45454545454545
34.4496644295302
34.68896321070234
34.82
34.97674418604651
35.59271523178808
35.838283828382835
36.2796052631579
36.62622950819672
37.088235294117645
37.29315960912052
37.90909090909091
38.24595469255664
38.71935483870968
39.160771704180064
39.48076923076923
40.21725239616613
40.47133757961783
41.23809523809524
41.84493670886076
42.13564668769716
42.4685534591195
42.68025078369906
42.946875
43.60436137071651
44.00931677018634
44.44582043343653
45.20679012345679
45.80923076923077
46.23312883435583
46.84709480122324
47.61890243902439
48.43161094224924
48.99393939393939
49.362537764350456
49.72289156626506
50.108108108108105
50.80239520958084
51.26865671641791
51.82142857142857
53.1513353115727
53.671597633136095
53.902654867256636
54.70294117647059
55.82404692082111
56.32748538011696
56.53935860058309
57.656976744186046
58.93913043478261
60.213872832369944
61.481268011527376
62.64080459770115
63.33810888252149
64.58571428571429
65.82621082621083
66.13636363636364
67.36543909348443
68.58757062146893
69.80281690140845
70.84831460674157
72.05042016806723
73.24581005586592
74.43454038997214
75.61666666666666
76.79224376731302
77.96132596685082
79.12396694214875
80.28021978021978
81.43013698630136
82.57377049180327
83.71117166212534
84.84239130434783
85.96747967479675
87.08648648648649
88.19946091644205
89.30645161290323
90.40750670241287
91.50267379679144
92.592
93.67553191489361
94.75331564986737
95.82539682539682
96.46174142480211
97.52368421052631
98.58005249343832
99.63089005235602
100.67624020887729
101.71614583333333
102.75064935064935
103.77979274611398
104.80361757105943
105.8221649484536
106.83547557840618
107.84358974358975
108.846547314578
109.84438775510205
110.83715012722647
111.8248730964467
112.80759493670887
113.78535353535354
114.75818639798489
115.72613065326634
116.68922305764411
117.6475
118.60099750623442
119.54975124378109
120.4937965260546
121.43316831683168
122.3679012345679
123.29802955665025
124.22358722358722
125.14460784313725
126.06112469437653
126.97317073170731
127.88077858880779
128.78398058252426
129.68280871670703
130.57729468599032
131.46746987951806
132.3533653846154
133.23501199040768
134.11244019138755
134.9856801909308
135.85476190476192
136.71971496437055
137.58056872037915
138.43735224586288
139.29009433962264
140.13882352941175
140.98356807511738
141.82435597189695
142.66121495327104
143.4941724941725
144.3232558139535
145.14849187935036
145.96990740740742
146.78752886836028
147.60138248847926
148.41149425287355
149.2178899082569
150.02059496567506
150.81963470319636
151.61503416856493
152.40681818181818
153.1950113378685
153.97963800904978
154.7607223476298
155.5382882882883
156.3123595505618
157.0829596412556
157.85011185682328
158.61383928571428
159.37416481069042
160.13111111111112
160.88470066518846
161.6349557522124
162.38189845474614
163.12555066079295
163.86593406593406
164.6030701754386
165.33698030634574
166.06768558951964
166.79520697167757
167.51956521739132
168.2407809110629
168.95887445887445
169.67386609071275
170.38577586206895
171.09462365591398
171.80042918454936
172.50321199143468
173.20299145299145
173.8997867803838
174.5936170212766
175.28450106157112
175.97245762711864
176.65750528541227
177.33966244725738
178.01894736842107
178.6953781512605
179.36897274633122
180.0397489539749
180.70772442588728
181.37291666666667
182.03534303534303
182.69502074688796
183.351966873706
184.00619834710744
184.6577319587629
185.30658436213992
185.95277207392198
186.59631147540983
187.23721881390594
187.87551020408162
188.5112016293279
189.14430894308944
189.77484787018255
190.40283400809716
191.02828282828284
191.65120967741936
192.27162977867204
192.88955823293173
193.5050100200401
194.118
194.72854291417167
195.33665338645417
195.9423459244533
196.5456349206349
197.14653465346535
197.74505928853756
198.3412228796844
198.93503937007873
199.52652259332024
200.1156862745098
200.70254403131116
201.287109375
201.86939571150097
202.44941634241246
203.0271844660194
203.60271317829458
204.17601547388782
204.74710424710426
205.3159922928709
205.8826923076923
206.447216890595
207.0095785440613
207.5697896749522
208.12786259541986
208.68380952380951
209.23764258555133
209.78937381404174
210.33901515151516
210.88657844990547
211.4320754716981
211.97551789077212
212.5169172932331
213.0562851782364
213.5936329588015
214.12897196261682
214.66231343283582
215.19366852886407
215.72304832713755
216.2504638218924
216.77592592592592
217.29944547134934
217.8210332103321
218.34069981583795
218.85845588235293
219.37431192660551
219.8882783882784
220.40036563071297
220.91058394160584
221.41894353369764
221.92545454545456
222.43012704174228
222.93297101449275
223.43399638336348
223.9332129963899
224.43063063063062
224.92625899280574
225.42010771992818
225.91218637992833
226.40250447227191
226.89107142857142
227.37789661319073
227.8629893238434
228.34635879218473
228.82801418439718
229.30796460176992
229.7862190812721
230.26278659611992
230.73767605633802
231.2108963093146
231.68245614035087
232.1523642732049
232.62062937062936
233.087260034904
233.55226480836237
234.01565217391305
234.47743055555554
234.93760831889082
235.3961937716263
235.853195164076
236.30862068965519
236.76247848537005
237.2147766323024
237.6655231560892
238.11472602739727
238.56239316239316
239.00853242320818
239.45315161839864
239.89625850340136
240.33786078098473
240.77796610169491
241.2165820642978
241.65371621621622
242.0893760539629
242.52356902356902
242.9563025210084
243.38758389261744
243.81742043551088
244.2458193979933
244.6727879799666
245.09833333333333
245.52246256239602
245.9451827242525
246.3665008291874
246.78642384105962
247.20495867768594
247.62211221122112
248.03789126853377
248.45230263157896
248.86535303776682
249.27704918032788
249.6873977086743
250.09640522875816
250.50407830342579
250.91042345276873
251.31544715447154
251.71915584415584
252.12155591572125
252.52265372168284
252.92245557350566
253.32096774193548
253.71819645732688
254.11414790996784
254.50882825040128
254.9022435897436
255.2944
255.68530351437698
256.0749601275917
256.46337579617835
256.8505564387917
257.23650793650796
257.621236133122
258.00474683544303
258.3870458135861
258.76813880126184
259.14803149606297
259.52672955974845
259.90423861852435
260.2805642633229
260.65571205007825
261.0296875
261.402496099844
261.7741433021807
262.144634525661
262.5139751552795
262.88217054263566
263.249226006192
263.6151468315301
263.97993827160496
264.3436055469954
264.7061538461538
265.0675883256528
265.42791411042947
265.78713629402756
266.1452599388379
266.5022900763359
266.8582317073171
267.2130898021309
267.56686930091183
267.9195751138088
268.2712121212121
268.6217851739788
268.9712990936556
269.31975867269983
269.6671686746988
270.01353383458644
270.35885885885887
270.7031484257871
271.04640718562877
271.38863976083707
271.72985074626865
272.070044709389
272.4092261904762
272.7473997028232
273.08456973293767
273.42074074074077
273.7559171597633
274.09010339734124
274.4233038348083
274.7555228276878
275.08676470588233
275.417033773862
275.74633431085044
