16.0
11.0
11.0
13.0
12.0
34.0
41.0
43.0
15.0
16.0
13.0
15.0
12.0
11.0
16.0
34.0
20.0
20.0
26.0
12.0
18.0
11.0
18.0
13.0
43.0
19.0
24.0
18.0
53.0
20.0
24.0
9.0
10.0
15.0
26.0
15.0
10.0
12.0
28.0
18.0
29.0
25.0
15.0
26.0
43.0
12.0
26.0
27.0
20.0
45.0
17.0
13.0
29.0
30.0
17.0
17.0
29.0
19.0
66.0
25.0
11.0
27.0
20.0
53.0
28.0
13.0
16.0
32.0
12.0
15.0
22.0
36.0
20.0
27.0
23.0
14.0
39.0
16.0
15.0
10.0
24.0
13.0
22.0
15.0
10.0
19.0
26.0
18.0
9.0
13.0
13.0
20.0
12.0
24.0
34.0
17.0
14.0
28.0
22.0
17.0
19.0
31.0
20.0
24.0
17.0
30.0
8.0
19.0
12.0
16.0
42.0
26.0
39.0
16.0
31.0
68.0
27.0
18.0
26.0
16.0
10.0
28.0
23.0
20.0
34.0
21.0
35.0
24.0
43.0
20.0
43.0
57.0
19.0
45.0
25.0
43.0
74.0
26.0
29.0
22.0
18.0
21.0
17.0
52.0
45.0
19.0
19.0
13.0
41.0
11.0
27.0
15.0
30.0
25.0
20.0
17.0
28.0
41.0
10.0
18.0
22.0
25.0
42.0
22.0
35.0
11.0
20.0
53.0
54.0
30.0
36.0
16.0
26.0
34.0
13.0
42.0
20.0
77.0
56.0
16.0
41.0
17.0
14.0
19.0
13.0
18.0
65.0
39.0
19.0
21.0
35.0
39.0
22.0
66.0
13.0
36.0
22.0
59.0
13.0
30.0
19.0
28.0
21.0
85.0
16.0
21.0
29.0
19.0
42.0
13.0
14.0
19.0
131.0
13.0
21.0
43.0
23.0
10.0
37.0
42.0
45.0
37.0
39.0
39.0
22.0
21.0
56.0
31.0
23.0
55.0
19.0
28.0
26.0
23.0
63.0
21.0
37.0
74.0
12.0
55.0
129.0
22.0
87.0
16.0
138.0
71.0
81.0
25.0
28.0
113.0
23.0
34.0
18.0
36.0
18.0
63.0
17.0
79.0
94.0
65.0
21.0
75.0
58.0
21.0
22.0
17.0
61.0
52.0
13.0
21.0
78.0
121.0
154.0
24.0
110.0
37.0
158.0
76.0
109.0
37.0
154.0
36.0
251.0
68.0
125.0
112.0
16.0
123.0
89.0
61.0
35.0
22.0
73.0
30.0
13.0
115.0
88.0
33.0
106.0
74.0
82.0
221.0
110.0
170.0
142.0
178.0
100.0
227.0
142.0
185.0
176.0
139.0
270.0
120.0
282.0
233.0
134.0
148.0
110.0
128.0
254.0
174.0
185.0
291.0
241.0
184.0
247.0
300.0
315.0
234.0
171.0
169.0
178.0
282.0
207.0
237.0
500.0
229.0
132.0
326.0
437.0
228.0
129.0
441.0
500.0
500.0
500.0
465.0
306.0
500.0
500.0
175.0
500.0
500.0
500.0
442.0
500.0
500.0
500.0
500.0
500.0
500.0
500.0
500.0
500.0
500.0
500.0
500.0
500.0
500.0
500.0
500.0
500.0
500.0
500.0
500.0
500.0
500.0
337.0
500.0
500.0
500.0
500.0
500.0
500.0
500.0
500.0
500.0
500.0
500.0
500.0
500.0
500.0
500.0
500.0
500.0
500.0
500.0
500.0
500.0
500.0
500.0
500.0
500.0
500.0
500.0
500.0
500.0
500.0
500.0
500.0
500.0
500.0
500.0
500.0
500.0
500.0
500.0
500.0
500.0
500.0
500.0
500.0
500.0
500.0
500.0
500.0
500.0
500.0
500.0
500.0
500.0
500.0
500.0
500.0
500.0
500.0
500.0
500.0
500.0
500.0
500.0
500.0
500.0
500.0
500.0
500.0
500.0
500.0
500.0
500.0
500.0
500.0
500.0
500.0
500.0
500.0
500.0
500.0
500.0
500.0
500.0
500.0
500.0
500.0
500.0
500.0
500.0
500.0
500.0
500.0
500.0
500.0
500.0
500.0
500.0
500.0
500.0
500.0
500.0
500.0
500.0
500.0
500.0
500.0
500.0
500.0
500.0
500.0
500.0
500.0
500.0
500.0
500.0
500.0
500.0
500.0
500.0
500.0
500.0
500.0
500.0
500.0
500.0
500.0
500.0
500.0
500.0
500.0
500.0
500.0
500.0
500.0
500.0
500.0
500.0
500.0
500.0
500.0
500.0
500.0
500.0
500.0
500.0
500.0
500.0
500.0
500.0
500.0
500.0
500.0
500.0
500.0
500.0
500.0
500.0
500.0
500.0
500.0
500.0
500.0
500.0
500.0
500.0
500.0
500.0
500.0
500.0
500.0
500.0
500.0
500.0
500.0
500.0
500.0
500.0
500.0
500.0
500.0
500.0
500.0
500.0
500.0
500.0
500.0
500.0
500.0
500.0
500.0
500.0
500.0
500.0
500.0
500.0
500.0
500.0
500.0
500.0
500.0
500.0
500.0
500.0
500.0
500.0
500.0
500.0
500.0
500.0
500.0
500.0
500.0
500.0
500.0
500.0
500.0
500.0
500.0
500.0
500.0
500.0
500.0
500.0
500.0
500.0
500.0
500.0
500.0
500.0
500.0
500.0
500.0
500.0
500.0
500.0
500.0
500.0
500.0
500.0
500.0
500.0
500.0
500.0
500.0
500.0
500.0
500.0
500.0
500.0
500.0
500.0
500.0
500.0
500.0
500.0
500.0
500.0
500.0
500.0
500.0
500.0
500.0
500.0
500.0
500.0
500.0
500.0
500.0
500.0
500.0
500.0
500.0
500.0
500.0
500.0
500.0
500.0
500.0
500.0
500.0
500.0
500.0
500.0
500.0
500.0
500.0
500.0
500.0
500.0
500.0
500.0
500.0
500.0
500.0
500.0
500.0
500.0
500.0
500.0
500.0
500.0
500.0
500.0
