20.0
19.0
11.0
66.0
14.0
16.0
28.0
10.0
11.0
12.0
33.0
33.0
21.0
28.0
11.0
44.0
10.0
13.0
12.0
26.0
43.0
16.0
32.0
24.0
22.0
18.0
11.0
42.0
14.0
20.0
31.0
16.0
47.0
26.0
44.0
35.0
10.0
32.0
32.0
34.0
12.0
26.0
32.0
15.0
14.0
30.0
9.0
21.0
16.0
12.0
16.0
13.0
25.0
17.0
43.0
15.0
23.0
31.0
23.0
49.0
10.0
18.0
34.0
18.0
12.0
14.0
14.0
11.0
18.0
55.0
24.0
13.0
20.0
38.0
16.0
24.0
11.0
13.0
17.0
14.0
16.0
20.0
19.0
22.0
14.0
32.0
16.0
46.0
19.0
33.0
20.0
14.0
20.0
31.0
26.0
26.0
38.0
49.0
23.0
24.0
39.0
49.0
25.0
30.0
12.0
16.0
27.0
18.0
16.0
66.0
24.0
33.0
19.0
26.0
36.0
22.0
28.0
13.0
15.0
14.0
27.0
31.0
84.0
31.0
24.0
51.0
42.0
36.0
34.0
17.0
28.0
37.0
14.0
42.0
23.0
33.0
32.0
81.0
17.0
49.0
31.0
28.0
21.0
13.0
19.0
27.0
23.0
52.0
46.0
12.0
67.0
11.0
41.0
32.0
14.0
11.0
123.0
60.0
28.0
31.0
25.0
16.0
150.0
25.0
45.0
29.0
54.0
43.0
18.0
17.0
32.0
64.0
42.0
20.0
15.0
13.0
22.0
16.0
18.0
44.0
30.0
41.0
22.0
100.0
43.0
50.0
30.0
14.0
12.0
23.0
60.0
70.0
40.0
52.0
21.0
34.0
88.0
85.0
38.0
61.0
18.0
33.0
43.0
91.0
36.0
67.0
63.0
28.0
16.0
43.0
27.0
192.0
35.0
17.0
147.0
68.0
24.0
104.0
72.0
27.0
21.0
19.0
66.0
73.0
38.0
61.0
33.0
41.0
34.0
43.0
39.0
61.0
85.0
32.0
45.0
192.0
57.0
15.0
31.0
31.0
41.0
130.0
64.0
57.0
151.0
244.0
103.0
75.0
87.0
87.0
66.0
45.0
107.0
42.0
126.0
75.0
130.0
74.0
173.0
99.0
133.0
243.0
129.0
175.0
130.0
234.0
214.0
192.0
139.0
188.0
51.0
36.0
45.0
138.0
116.0
201.0
241.0
136.0
189.0
154.0
170.0
153.0
197.0
148.0
137.0
45.0
115.0
160.0
196.0
229.0
154.0
352.0
283.0
174.0
396.0
160.0
105.0
390.0
308.0
189.0
347.0
284.0
182.0
289.0
500.0
495.0
309.0
220.0
420.0
141.0
356.0
500.0
278.0
500.0
500.0
500.0
500.0
329.0
500.0
193.0
500.0
270.0
500.0
500.0
500.0
500.0
500.0
500.0
500.0
500.0
500.0
500.0
500.0
500.0
500.0
500.0
500.0
500.0
500.0
500.0
500.0
500.0
500.0
500.0
500.0
500.0
500.0
500.0
500.0
500.0
500.0
500.0
500.0
500.0
500.0
500.0
500.0
500.0
500.0
500.0
500.0
500.0
500.0
500.0
500.0
500.0
500.0
500.0
500.0
500.0
500.0
500.0
500.0
500.0
500.0
500.0
500.0
500.0
500.0
500.0
500.0
500.0
500.0
249.0
500.0
500.0
500.0
500.0
500.0
500.0
500.0
500.0
500.0
500.0
500.0
500.0
500.0
500.0
500.0
500.0
500.0
500.0
500.0
500.0
500.0
500.0
500.0
500.0
500.0
500.0
500.0
500.0
500.0
500.0
500.0
500.0
500.0
500.0
500.0
500.0
500.0
500.0
500.0
500.0
500.0
500.0
500.0
500.0
500.0
500.0
500.0
500.0
500.0
500.0
500.0
500.0
500.0
500.0
500.0
500.0
500.0
500.0
500.0
500.0
500.0
500.0
500.0
500.0
500.0
500.0
500.0
500.0
500.0
500.0
500.0
500.0
500.0
500.0
500.0
500.0
500.0
500.0
500.0
500.0
500.0
500.0
500.0
500.0
500.0
500.0
500.0
500.0
500.0
500.0
500.0
500.0
500.0
500.0
500.0
500.0
500.0
500.0
500.0
500.0
500.0
500.0
500.0
500.0
500.0
500.0
500.0
500.0
500.0
500.0
500.0
500.0
500.0
500.0
500.0
500.0
500.0
500.0
500.0
500.0
500.0
500.0
500.0
500.0
500.0
500.0
500.0
500.0
500.0
500.0
500.0
500.0
500.0
500.0
500.0
500.0
500.0
500.0
500.0
500.0
500.0
500.0
500.0
500.0
500.0
500.0
500.0
500.0
500.0
500.0
500.0
500.0
500.0
500.0
500.0
500.0
500.0
500.0
500.0
500.0
500.0
500.0
500.0
500.0
500.0
500.0
500.0
500.0
500.0
500.0
500.0
500.0
500.0
500.0
500.0
500.0
500.0
500.0
500.0
500.0
500.0
500.0
500.0
500.0
500.0
500.0
500.0
500.0
500.0
500.0
500.0
500.0
500.0
500.0
500.0
500.0
500.0
500.0
500.0
500.0
500.0
500.0
500.0
500.0
500.0
500.0
500.0
500.0
500.0
500.0
500.0
500.0
500.0
500.0
500.0
500.0
500.0
500.0
500.0
500.0
500.0
500.0
500.0
500.0
500.0
500.0
500.0
500.0
500.0
500.0
500.0
500.0
500.0
500.0
500.0
500.0
500.0
500.0
500.0
500.0
500.0
500.0
500.0
500.0
500.0
500.0
500.0
500.0
500.0
500.0
500.0
500.0
500.0
500.0
500.0
500.0
500.0
500.0
500.0
500.0
500.0
500.0
500.0
500.0
