1717140444.4918356
1717140444.5271733
1717140444.5556347
1717140444.5778906
1717140444.6124518
1717140444.6271925
1717140444.6523142
1717140444.6638563
1717140444.7008653
1717140444.7135706
1717140444.7240133
1717140444.7758584
1717140444.7916932
1717140444.805402
1717140444.8318195
1717140444.8784351
1717140444.890077
1717140444.9060655
1717140444.9230165
1717140444.947608
1717140444.9634702
1717140444.9785979
1717140445.008428
1717140445.0339406
1717140445.0733407
1717140445.0882483
1717140445.131902
1717140445.144833
1717140445.1659474
1717140445.22545
1717140445.2392714
1717140445.2720928
1717140445.2912123
1717140445.3111832
1717140445.3631318
1717140445.3833435
1717140445.4045591
1717140445.4216478
1717140445.4661078
1717140445.4799147
1717140445.504425
1717140445.5618973
1717140445.580124
1717140445.615201
1717140445.649398
1717140445.6736848
1717140445.7024703
1717140445.7238114
1717140445.7601163
1717140445.777147
1717140445.7950838
1717140445.8131516
1717140445.8482103
1717140445.8746934
1717140445.8884015
1717140445.9032335
1717140445.9236877
1717140445.9735706
1717140445.9894052
1717140446.0042593
1717140446.0375543
1717140446.066055
1717140446.0895061
1717140446.1033647
1717140446.1256325
1717140446.147987
1717140446.1683812
1717140446.1799939
1717140446.2397606
1717140446.2629695
1717140446.2822368
1717140446.314378
1717140446.3270013
1717140446.3792324
1717140446.4252243
1717140446.4582074
1717140446.5285292
1717140446.5466483
1717140446.5701787
1717140446.6018283
1717140447.857955
1717140447.8796513
1717140447.902433
1717140447.9536746
1717140447.9797406
1717140447.9912596
1717140448.040721
1717140448.057593
1717140448.078271
1717140448.1261897
1717140448.1983852
1717140448.2129996
1717140448.2370572
1717140448.2599723
1717140448.2818263
1717140448.3079672
1717140448.319225
1717140448.3932195
1717140448.4129996
1717140448.4295745
1717140448.4569435
1717140448.4695287
1717140448.4819436
1717140448.496741
1717140448.526162
1717140448.5449173
1717140448.559345
1717140448.6154928
1717140448.6310596
1717140448.674669
1717140448.7608202
1717140448.7755554
1717140448.7954621
1717140448.8453286
1717140448.878579
1717140448.916041
1717140448.9504476
1717140449.0020823
1717140449.0436175
1717140449.0728483
1717140449.0938232
1717140449.113643
1717140449.1323493
1717140449.1668603
1717140449.2214386
1717140449.2549565
1717140449.288186
1717140449.3018627
1717140449.3196585
1717140449.3529325
1717140449.3728108
1717140449.385292
1717140449.3978555
1717140449.4270616
1717140449.4518888
1717140449.4644475
1717140449.4885612
1717140449.521927
1717140449.5346055
1717140449.5617518
1717140449.5721495
1717140449.5878665
1717140449.6013532
1717140449.616749
1717140449.6481404
1717140449.7034585
1717140449.7426705
1717140449.7657416
1717140449.7905626
1717140449.8051205
1717140449.8346624
1717140449.8669198
1717140449.8794496
1717140449.9531677
1717140449.977096
1717140451.2532315
1717140451.278896
1717140451.3158934
1717140451.3394303
1717140451.4406776
1717140451.4756281
1717140451.516408
1717140451.6239016
1717140451.6596255
1717140451.7342215
1717140451.7812848
1717140451.8378232
1717140451.8853674
1717140451.9402637
1717140451.9655857
1717140451.982904
1717140452.0082161
1717140452.0275857
1717140452.0755367
1717140452.1334374
1717140452.201772
1717140452.2682595
1717140452.3115492
1717140452.3595307
1717140452.3846326
1717140452.4297817
1717140452.4512107
1717140452.4777973
1717140452.527931
1717140452.5604613
1717140452.575102
1717140452.6635892
1717140452.7052834
1717140452.7254775
1717140452.7468886
1717140452.7612996
1717140452.7796938
1717140452.7968147
1717140452.8348007
1717140452.855241
1717140452.9734228
1717140453.0531678
1717140453.0752733
1717140453.0937924
1717140453.1757655
1717140453.1951532
1717140453.262362
1717140454.5693035
1717140454.6062007
1717140454.663257
1717140454.7192352
1717140454.7467175
1717140454.795743
1717140454.87893
1717140454.9219098
1717140455.0082955
1717140455.061708
1717140455.1670592
1717140455.2803154
1717140455.3129053
1717140455.3351684
1717140455.3884382
1717140455.4332254
1717140455.6329951
1717140455.798572
1717140455.854611
1717140455.8718631
1717140455.910614
1717140455.9260247
1717140456.002798
1717140456.0275426
1717140456.0785587
1717140456.1021192
1717140456.224619
1717140456.273626
1717140456.3033242
1717140456.3185437
1717140456.5541303
1717140457.830794
1717140457.9287508
1717140458.0546834
1717140458.1662261
1717140458.1987119
1717140458.3425815
1717140458.4349577
1717140458.4905553
1717140458.560509
1717140458.668252
1717140458.7105012
1717140458.8561544
1717140458.877986
1717140458.971112
1717140459.1247785
1717140459.1407707
1717140459.1947765
1717140459.2095788
1717140459.2405114
1717140459.356205
1717140459.4786675
1717140459.5432532
1717140459.568271
1717140459.6548007
1717140461.0280004
1717140461.0845633
1717140461.2121627
1717140461.295368
1717140461.3086371
1717140461.449215
1717140461.5166242
1717140461.650603
1717140461.775062
1717140461.9498806
1717140462.2188137
1717140462.314055
1717140462.39332
1717140462.510216
1717140462.6610057
1717140462.7685113
1717140464.2875447
1717140464.467317
1717140464.6154466
1717140464.7052855
1717140464.9668736
1717140465.2985156
1717140465.4595144
1717140465.6356692
1717140465.8067605
1717140466.0037272
1717140466.0607448
1717140467.4524038
1717140467.64785
1717140467.834702
1717140468.216078
1717140468.4750552
1717140468.6980371
1717140468.9114242
1717140469.209921
1717140469.4372203
1717140470.887887
1717140471.1012237
1717140471.5436711
1717140471.8706973
1717140472.1185954
1717140472.564713
1717140473.9971633
1717140474.366897
1717140474.796738
1717140475.1295848
1717140475.6248817
1717140477.1769257
1717140477.6758957
1717140478.1748116
1717140478.6732295
1717140480.2788749
1717140480.637831
1717140481.1379817
1717140481.6396532
1717140482.1416254
1717140483.6828039
1717140484.1866374
1717140484.6892345
1717140485.1938822
1717140486.8468077
1717140487.3468218
1717140487.845763
1717140488.1917763
1717140488.3449235
1717140490.013106
1717140490.504286
1717140490.9919736
1717140491.1908343
1717140491.4626248
1717140493.1259344
1717140493.620869
1717140494.1169755
1717140494.6125672
1717140495.1082656
1717140496.7946112
1717140497.112937
1717140497.6114228
1717140497.7566075
1717140498.2233047
1717140499.8284864
1717140500.0716498
1717140500.5736704
1717140501.0748856
1717140501.2873712
1717140502.884581
1717140503.3805466
1717140503.8759665
1717140504.2262974
1717140505.9158432
1717140506.0721848
1717140506.3712819
1717140506.8632596
1717140507.36436
1717140507.8160715
1717140509.4781353
1717140509.9810083
1717140510.484216
1717140510.9865878
1717140512.6758573
1717140513.1758041
1717140513.4527647
1717140513.9555619
1717140515.595314
1717140516.0963676
1717140516.5968606
1717140517.0965185
1717140517.598156
1717140519.2500527
1717140519.752646
1717140520.2542138
1717140520.7559006
1717140522.4324958
1717140522.9266098
1717140523.4395936
1717140523.944042
1717140525.626416
1717140526.1287374
1717140526.631045
1717140527.1334825
1717140528.7994668
1717140529.3004432
1717140529.7387993
1717140530.2403088
1717140531.9294302
1717140532.4294064
1717140532.9228735
1717140533.4281359
1717140535.0834212
1717140535.57288
1717140536.0483198
1717140536.5331438
1717140538.147501
1717140538.6231205
1717140539.096468
1717140539.5790944
1717140541.1880195
1717140541.6636393
1717140542.1381025
1717140542.6200106
1717140544.257447
1717140544.7418292
1717140545.2267246
1717140545.7033865
1717140546.1786625
1717140547.7983644
1717140548.2868536
1717140548.7626653
1717140549.2437603
1717140550.85859
1717140551.3389096
1717140551.8149421
1717140552.292789
1717140553.8995812
1717140554.3812103
1717140554.857962
1717140555.3371985
1717140556.9319513
1717140557.4138017
1717140557.889163
1717140558.3664238
1717140560.0223515
1717140560.5043035
1717140560.9814355
1717140561.4627185
1717140563.0933828
1717140563.5712643
1717140564.0462494
1717140564.5267956
1717140566.1642437
1717140566.6410823
1717140567.1169124
1717140567.6015875
1717140569.2647908
1717140569.7505448
1717140570.2383957
1717140570.7132964
1717140572.3513777
1717140572.8359854
1717140573.3194466
1717140573.79616
1717140575.409785
1717140575.89541
1717140576.3784978
1717140576.8545618
1717140577.3337345
1717140578.9502397
1717140579.4298024
1717140579.9057043
1717140580.38321
1717140582.0215237
1717140582.500525
1717140582.974275
1717140583.4534042
1717140585.0862312
1717140585.566915
1717140586.0451415
1717140586.5260599
1717140588.1475487
1717140588.6232631
1717140589.097272
1717140589.5775013
1717140591.1463346
1717140591.6257858
1717140592.1045346
1717140592.5861166
1717140594.1930723
1717140594.668042
1717140595.1436632
1717140595.6238234
1717140597.2356858
1717140597.7146256
1717140598.192369
1717140598.679169
1717140600.2954745
1717140600.771429
1717140601.249234
1717140601.7352498
1717140603.3994117
1717140603.8881347
1717140604.3787315
1717140604.8554564
1717140606.3918731
1717140606.8789248
1717140607.3665855
1717140607.842044
1717140609.4738045
1717140609.9563298
1717140610.4363987
1717140610.9118366
1717140611.3899996
1717140612.9739969
1717140613.4539993
1717140613.927736
1717140614.4045048
1717140616.0147567
1717140616.4944584
1717140616.970447
1717140617.4467752
1717140618.9994655
1717140619.4781716
1717140619.9528875
1717140620.4292521
1717140622.0853684
1717140622.5647733
1717140623.0397182
1717140623.5185487
1717140625.1555655
1717140625.6325357
1717140626.1083283
1717140626.587004
1717140628.1512904
1717140628.6294057
1717140629.1048088
1717140629.5835516
1717140631.2031004
1717140631.6816354
1717140632.1575623
1717140632.6378832
1717140634.2032292
1717140634.6815803
1717140635.1575422
1717140635.6390986
1717140637.2590716
1717140637.7332325
1717140638.2086034
1717140638.6906576
1717140640.3822982
1717140640.8640656
1717140641.3456578
1717140641.8286347
1717140642.3110063
1717140643.9561682
1717140644.4363952
1717140644.9091604
1717140645.3921568
1717140647.037603
1717140647.5151048
1717140647.9874005
1717140648.4666822
1717140650.1269531
1717140650.6060107
1717140651.0804546
1717140651.5596843
1717140653.2117124
1717140653.6917512
1717140654.171057
1717140654.6552303
1717140656.3070202
1717140656.786612
1717140657.2653594
1717140657.751033
1717140659.4217453
1717140659.9220495
1717140660.4658396
1717140660.9592838
1717140662.6217072
1717140663.125294
1717140663.6264715
1717140664.1183805
1717140665.775998
1717140666.2816913
1717140666.7720413
1717140667.260568
1717140668.9676263
1717140669.4731107
1717140669.9629848
1717140670.4561152
1717140672.1175542
1717140672.6117392
1717140673.1020436
1717140673.5960214
1717140675.2840674
1717140675.7749994
1717140676.2667267
1717140676.7666473
1717140677.2663367
1717140678.9771478
1717140679.4768357
1717140679.9762228
1717140680.466269
1717140682.1463163
1717140682.640613
1717140683.1320226
1717140683.634011
1717140685.2978666
1717140685.7889707
1717140686.2787275
1717140686.778281
1717140688.4574747
1717140688.9492137
1717140689.4443095
1717140689.9532194
1717140691.6455255
1717140692.1453152
1717140692.6391897
1717140693.1300097
1717140694.8025105
1717140695.3045971
1717140695.796666
1717140696.2869349
1717140697.956369
1717140698.453256
1717140698.9451845
1717140699.4390836
1717140701.1266994
1717140701.618505
1717140702.1119132
1717140702.608335
1717140704.292255
1717140704.7846398
1717140705.2751038
1717140705.774908
1717140707.4333384
1717140707.9364042
1717140708.44198
1717140708.9332702
1717140709.42958
1717140711.0856555
1717140711.5817394
1717140712.06943
1717140712.5631204
1717140714.242178
1717140714.7370627
1717140715.2288535
1717140715.7281213
1717140717.4119925
1717140717.9024577
1717140718.394628
1717140718.8954089
1717140720.5624082
1717140721.0534244
1717140721.5478091
1717140722.049649
1717140723.7414014
1717140724.2514868
1717140724.746698
1717140725.2387743
1717140726.884578
1717140727.3872025
1717140727.878273
1717140728.3701046
1717140730.0347896
1717140730.5339236
1717140731.0243292
1717140731.5183804
1717140733.1777658
1717140733.6741757
1717140734.1666532
1717140734.6631093
