1408
2944
4416
5184
6400
7616
8704
9472
10560
11328
12544
14272
15232
17216
21184
22848
24512
25920
27584
28672
30720
31488
33024
33920
34496
35712
37248
38208
39680
40448
41472
42304
43456
45504
46336
47296
48064
49728
50432
51904
54528
55936
57344
58752
59840
61184
61952
64256
66496
68288
69248
72064
73024
73728
74752
76480
77568
78208
79552
80512
81600
82816
84288
85056
87424
88320
89024
93824
95040
96192
97600
99200
99904
100480
103104
104128
105152
105984
106944
107968
110336
111104
113216
114112
115648
117120
117824
118912
120448
121920
122880
123776
124672
125568
126336
127168
127936
129280
130816
131904
132864
134656
135616
137024
139776
143168
144128
147968
149056
150720
152384
153600
155008
156224
157504
159232
160896
162048
163072
164096
164736
167104
168128
169152
170112
173888
175680
179648
180480
182592
183680
186816
187904
189504
190400
191104
194048
196224
197376
198144
200768
206528
208256
209856
210944
211968
212992
214208
215232
216064
216960
218752
221952
223936
231040
232192
233664
234816
236032
240128
241280
243072
244032
245312
248000
250368
252608
253952
257216
257856
259520
260480
262464
263424
264576
265920
271808
273856
275712
276672
278016
279616
282048
284288
285568
287040
289216
292224
294144
295232
297472
298624
301376
305280
307072
308096
309376
310976
315584
316544
320960
322368
324160
328640
330816
331584
333440
335168
339264
340672
342016
343680
345024
347008
347968
348928
349952
355712
358720
360128
361216
363200
364864
367424
370688
371712
372992
373760
380416
381568
383744
386368
388544
392960
396608
397760
408448
409600
410304
414528
418624
424768
427904
431680
437376
440896
441856
444032
449536
450624
452096
459264
460480
463808
466624
470848
472320
475776
477632
478784
482432
485056
489280
490880
494656
496128
496960
500480
501696
505408
511552
513344
514880
521984
522688
524288
526592
532608
534400
537088
539776
547328
551104
559744
564864
577408
581248
585024
585984
591680
604544
608256
616576
618880
621184
627840
632960
641856
644672
648064
653440
662080
679552
690624
697024
704832
712384
719296
727680
734656
740288
752896
765312
772544
778304
787776
813696
820608
834304
847040
860032
869184
878016
887808
907072
913536
933440
954432
966400
979840
996608
1017600
1029312
1032512
1044864
1076864
1098048
1116544
1123392
1144768
1172544
1197952
1217984
1243264
1269504
1301504
1333504
1365504
1383680
1406592
1438592
1470592
1502592
1523584
1555584
1587584
1619584
1651584
1683584
1715584
1747584
1779584
1811584
1843584
1875584
1907584
1939584
1971584
2003584
2035584
2067584
2099584
2131584
2163584
2195584
2227584
2259584
2291584
2323584
2355584
2387584
2419584
2451584
2483584
2515584
2547584
2579584
2611584
2643584
2675584
2707584
2739584
2771584
2803584
2835584
2867584
2899584
2931584
2963584
2995584
3027584
3059584
3091584
3123584
3155584
3187584
3219584
3251584
3283584
3315584
3347584
3379584
3411584
3443584
3475584
3507584
3539584
3571584
3603584
3635584
3667584
3699584
3731584
3763584
3795584
3827584
3859584
3891584
3923584
3955584
3987584
4019584
4051584
4083584
4115584
4147584
4179584
4211584
4243584
4275584
4307584
4339584
4371584
4403584
4435584
4467584
4499584
4531584
4563584
4595584
4627584
4659584
4691584
4723584
4755584
4787584
4819584
4851584
4883584
4915584
4947584
4979584
5011584
5043584
5075584
5107584
5139584
5171584
5203584
5235584
5267584
5299584
5331584
5363584
5395584
5427584
5459584
5491584
5523584
5555584
5587584
5619584
5651584
5683584
5715584
5747584
5779584
5811584
5843584
5875584
5907584
5939584
5971584
6003584
6035584
6067584
6099584
6131584
6163584
6195584
6227584
6259584
6291584
6323584
6355584
6387584
6419584
6451584
6483584
6515584
6547584
6579584
6611584
6643584
6675584
6707584
6739584
6771584
6803584
6835584
6867584
6899584
6931584
6963584
6995584
7027584
7059584
7091584
7123584
7155584
7187584
7219584
7251584
7283584
7315584
7347584
7379584
7411584
7443584
7475584
7507584
7539584
7571584
7603584
7635584
7667584
7699584
7731584
7763584
7795584
7827584
7859584
7891584
7923584
7955584
7987584
8019584
8051584
8083584
8115584
8147584
8179584
8211584
8243584
8275584
8307584
8339584
8371584
8403584
8435584
8467584
8499584
8531584
8563584
8595584
8627584
8659584
8691584
8723584
8755584
8787584
8819584
8851584
8883584
8915584
8947584
8979584
9011584
9043584
9075584
9107584
9139584
9171584
9203584
9235584
9267584
9299584
9331584
9363584
9395584
9427584
9459584
9491584
9523584
9555584
9587584
9619584
9651584
9683584
9715584
9747584
9779584
9811584
9843584
9875584
9907584
9939584
9971584
10003584
10035584
10067584
10099584
10131584
10163584
10195584
10227584
10259584
10291584
10323584
10355584
10387584
10419584
10451584
10483584
10515584
10547584
10579584
10611584
10643584
10675584
10707584
10739584
10771584
10803584
10835584
10867584
10899584
10931584
10963584
10995584
11027584
11059584
11091584
11123584
11155584
11187584
11219584
11251584
11283584
11315584
11347584
11379584
11411584
11443584
11475584
11507584
11539584
11571584
11603584
11635584
11667584
11699584
11731584
11763584
11795584
11827584
11859584
11891584
11923584
11955584
11987584
12019584
12051584
