3328
5504
7232
8576
10688
11584
13120
13824
16064
16832
17472
20608
21568
22400
24000
26816
27520
28480
29504
30976
31936
32832
34624
36160
38528
39424
42048
42816
44096
47680
48512
50496
51648
52864
56000
57216
58496
59520
62208
63040
64512
67968
69056
71168
73216
74688
76416
77696
79872
80896
81984
83072
85184
86784
87616
88512
89728
92736
93696
94592
96576
98304
99712
100544
101888
103232
104448
105152
108736
110144
111296
113216
113984
117120
119872
121856
126080
127168
128576
130496
132480
133824
135232
138368
139968
140672
143680
144704
145984
148928
152960
153856
155328
156736
158080
159680
160384
164928
166144
167168
168832
169600
170368
171264
173056
174208
175104
178560
179520
182208
187520
188416
189632
192704
194752
197056
199168
202368
204928
206720
208000
209216
210368
212480
215168
217216
219264
220096
221184
223232
224448
225216
225984
227776
229312
230080
231552
233600
234368
236032
236672
237632
238464
239424
241344
244736
246784
248192
249728
250624
252416
254400
255168
259712
261184
265792
267392
269696
271168
277504
279680
282240
288960
291200
295872
298816
302016
305024
308480
310080
311168
312768
313984
316992
320640
324928
329088
331776
334400
335936
338752
340096
341760
344896
346944
347840
353408
356032
357312
358656
359552
360704
361792
364160
365440
372160
377152
378496
379648
384768
385984
390208
398016
400320
403904
407424
409152
412224
417472
420160
425216
428544
435136
442240
444288
445696
449024
451840
464320
474752
478272
479360
481792
482752
487552
489088
492288
493760
501440
504512
506368
507328
522048
531392
537792
545984
552512
554624
563840
569728
573312
577792
584704
587392
596736
598144
604096
613952
614976
618432
619392
621376
628800
636672
640832
642432
648000
660672
664256
672384
677696
678528
687488
691776
700288
708224
718912
736192
742400
747520
755136
764992
772032
792128
803648
813184
818944
835712
857024
867328
878656
889664
902336
905984
919168
931776
943872
968576
985280
999744
1013504
1032832
1047616
1067712
1081408
1109888
1130944
1146944
1175616
1190272
1214080
1241856
1263360
1295360
1321024
1353024
1385024
1417024
1445184
1468032
1500032
1532032
1564032
1587200
1619200
1651200
1683200
1713600
1745600
1777600
1799808
1809600
1841600
1873600
1905600
1917952
1935616
1967616
1999616
2031616
2063616
2095616
2127616
2148096
2180096
2189440
2219456
2248000
2263552
2295552
2327552
2341120
2373120
2405120
2437120
2459712
2491712
2501760
2521088
2553088
2585088
2614208
2646208
2678208
2710208
2742208
2774208
2805312
2822912
2854912
2884544
2916544
2948544
2980544
3012544
3044544
3076544
3108544
3140544
3172544
3204544
3236544
3268544
3300544
3332544
3364544
3396544
3428544
3460544
3488448
3520448
3552448
3584448
3616448
3648448
3680448
3712448
3744448
3776448
3808448
3840448
3872448
3904448
3936448
3968448
4000448
4032448
4064448
4096448
4128448
4160448
4192448
4224448
4256448
4288448
4320448
4352448
4384448
4416448
4448448
4480448
4512448
4544448
4576448
4608448
4640448
4672448
4704448
4736448
4768448
4800448
4832448
4864448
4896448
4928448
4960448
4992448
5024448
5056448
5088448
5120448
5152448
5184448
5216448
5248448
5280448
5312448
5344448
5376448
5408448
5440448
5472448
5504448
5536448
5568448
5600448
5632448
5664448
5696448
5728448
5760448
5792448
5824448
5856448
5888448
5920448
5952448
5984448
6016448
6048448
6080448
6112448
6144448
6176448
6208448
6240448
6272448
6304448
6336448
6368448
6400448
6432448
6464448
6496448
6528448
6560448
6592448
6624448
6656448
6688448
6720448
6752448
6784448
6816448
6848448
6880448
6912448
6944448
6976448
7008448
7040448
7072448
7104448
7136448
7168448
7200448
7232448
7264448
7296448
7328448
7360448
7392448
7424448
7456448
7488448
7520448
7552448
7584448
7616448
7648448
7680448
7712448
7744448
7776448
7808448
7840448
7872448
7904448
7936448
7968448
8000448
8032448
8064448
8096448
8128448
8160448
8192448
8224448
8256448
8288448
8320448
8352448
8384448
8416448
8448448
8480448
8512448
8544448
8576448
8608448
8640448
8672448
8704448
8736448
8768448
8800448
8832448
8864448
8896448
8928448
8960448
8992448
9024448
9056448
9088448
9120448
9152448
9184448
9216448
9248448
9280448
9312448
9344448
9376448
9408448
9440448
9472448
9504448
9536448
9568448
9600448
9632448
9664448
9696448
9728448
9760448
9792448
9824448
9856448
9888448
9920448
9952448
9984448
10016448
10048448
10080448
10112448
10144448
10176448
10208448
10240448
10272448
10304448
10336448
10368448
10400448
10432448
10464448
10496448
10528448
10560448
10592448
10624448
10656448
10688448
10720448
10752448
10784448
10816448
10848448
10880448
10912448
10944448
10976448
11008448
11040448
11072448
11104448
11136448
11168448
11200448
11232448
11264448
11296448
11328448
11360448
11392448
11424448
11456448
11488448
11520448
11552448
11584448
11616448
11648448
11680448
11712448
11744448
11776448
11808448
11840448
11872448
11904448
11936448
11968448
12000448
12032448
