1984
3136
3840
5632
7040
8448
9408
10048
11008
11904
13120
14784
15936
17088
18112
19136
19904
22592
25536
26688
27712
28864
29696
32128
32896
34176
37824
38720
39936
40832
41728
42752
45056
47872
48512
49792
51648
52416
53440
54272
55552
57216
60928
62144
63872
67200
69824
70464
71488
72640
73600
74496
75648
77376
78464
79552
80896
81984
84544
87360
88448
89408
91136
92224
94912
95808
99264
101952
103104
105344
106304
107264
108224
109824
110656
113024
114048
114816
116352
117312
118144
119040
120192
121792
123456
124416
126720
128704
129536
131264
132480
133888
135936
137280
139264
140160
142976
145920
147456
148800
151360
152832
153792
154624
156160
157952
158656
161984
164544
168768
169984
172160
173312
174976
175808
178112
179136
180032
181056
185024
189824
191360
192192
193472
196096
197440
198272
199616
201856
202688
203840
204608
205824
207936
210624
211392
212096
214208
215552
216768
218624
219776
220480
222592
224256
228224
229504
230400
231552
234752
235456
236288
238272
241280
241984
245952
247808
248704
250496
254464
256000
257728
258880
262592
263296
264000
265920
267328
268160
270912
275264
276352
277440
279232
281984
283392
284608
286080
286976
291264
292352
296320
297408
298240
300864
302848
304000
307520
308480
309568
311744
313280
314432
316416
317824
320192
322176
323072
327488
329664
330688
333888
334592
336128
342336
346112
347584
348544
351616
355456
357824
359872
366720
372736
376192
383232
385984
387648
392448
396416
404544
406208
410240
417088
421504
427008
429248
432576
435648
439744
445056
462976
471296
472448
475072
483136
486144
493376
496000
504448
505408
507008
508352
512256
516800
520832
523712
532288
538944
547520
554560
556160
565056
575872
584512
590784
599680
602048
604032
610176
623616
626560
627520
629184
632768
646144
654400
656064
667328
676352
683392
687232
701440
719040
730432
749952
756864
764736
779584
783616
792256
802048
818496
825728
837376
850688
857728
863616
876224
883840
891968
908736
912384
930624
957760
969920
972416
995456
999552
1031552
1060480
1092480
1110272
1128256
1160256
1182528
1214528
1234368
1259712
1291712
1305024
1337024
1369024
1390784
1406656
1438656
1470656
1501376
1533376
1565376
1597376
1629376
1661376
1693376
1725376
1757376
1789376
1821376
1853376
1875584
1901888
1928768
1947904
1979904
2011904
2043904
2075904
2107904
2139904
2171904
2203904
2235904
2267904
2299904
2331904
2363904
2395904
2427904
2459904
2491904
2523904
2555904
2587904
2619904
2651904
2683904
2715904
2747904
2779904
2811904
2843904
2875904
2907904
2939904
2971904
3003904
3035904
3067904
3099904
3131904
3163904
3195904
3227904
3259904
3291904
3323904
3355904
3387904
3419904
3451904
3483904
3515904
3547904
3579904
3611904
3643904
3675904
3707904
3739904
3771904
3803904
3835904
3867904
3899904
3931904
3963904
3995904
4027904
4059904
4091904
4123904
4155904
4187904
4219904
4251904
4283904
4315904
4347904
4379904
4411904
4443904
4475904
4507904
4539904
4571904
4603904
4635904
4667904
4699904
4731904
4763904
4795904
4827904
4859904
4891904
4923904
4955904
4987904
5019904
5051904
5083904
5115904
5147904
5179904
5211904
5243904
5275904
5307904
5339904
5371904
5403904
5435904
5467904
5499904
5531904
5563904
5595904
5627904
5659904
5691904
5723904
5755904
5787904
5819904
5851904
5883904
5915904
5947904
5979904
6011904
6043904
6075904
6107904
6139904
6171904
6203904
6235904
6267904
6299904
6331904
6363904
6395904
6427904
6459904
6491904
6523904
6555904
6587904
6619904
6651904
6683904
6715904
6747904
6779904
6811904
6843904
6875904
6907904
6939904
6971904
7003904
7035904
7067904
7099904
7131904
7163904
7195904
7227904
7259904
7291904
7323904
7355904
7387904
7419904
7451904
7483904
7515904
7547904
7579904
7611904
7643904
7675904
7707904
7739904
7771904
7803904
7835904
7867904
7899904
7931904
7963904
7995904
8027904
8059904
8091904
8123904
8155904
8187904
8219904
8251904
8283904
8315904
8347904
8379904
8411904
8443904
8475904
8507904
8539904
8571904
8603904
8635904
8667904
8699904
8731904
8763904
8795904
8827904
8859904
8891904
8923904
8955904
8987904
9019904
9051904
9083904
9115904
9147904
9179904
9211904
9243904
9275904
9307904
9339904
9371904
9403904
9435904
9467904
9499904
9531904
9563904
9595904
9627904
9659904
9691904
9723904
9755904
9787904
9819904
9851904
9883904
9915904
9947904
9979904
10011904
10043904
10075904
10107904
10139904
10171904
10203904
10235904
10267904
10299904
10331904
10363904
10395904
10427904
10459904
10491904
10523904
10555904
10587904
10619904
10651904
10683904
10715904
10747904
10779904
10811904
10843904
10875904
10907904
10939904
10971904
11003904
11035904
11067904
11099904
11131904
11163904
11195904
11227904
11259904
11291904
11323904
11355904
11387904
11419904
11451904
11483904
11515904
11547904
11579904
11611904
11643904
11675904
11707904
11739904
11771904
11803904
11835904
11867904
11899904
11931904
11963904
11995904
12027904
