24.0
19.5
18.333333333333332
18.5
17.2
16.333333333333332
16.142857142857142
15.875
15.88888888888889
18.5
18.90909090909091
18.166666666666668
19.153846153846153
19.785714285714285
19.333333333333332
19.0
18.58823529411765
18.88888888888889
19.263157894736842
19.25
18.904761904761905
18.5
19.608695652173914
19.458333333333332
19.6
19.346153846153847
19.185185185185187
18.892857142857142
18.689655172413794
20.433333333333334
20.06451612903226
19.90625
19.727272727272727
19.735294117647058
19.942857142857143
19.805555555555557
19.783783783783782
19.736842105263158
19.512820512820515
19.825
19.73170731707317
19.571428571428573
19.53488372093023
19.363636363636363
19.466666666666665
19.434782608695652
19.638297872340427
19.458333333333332
19.489795918367346
20.18
20.19607843137255
20.134615384615383
20.037735849056602
19.925925925925927
19.818181818181817
19.821428571428573
19.666666666666668
19.551724137931036
19.661016949152543
20.016666666666666
20.049180327868854
19.870967741935484
20.142857142857142
19.984375
20.046153846153846
19.90909090909091
20.044776119402986
20.08823529411765
20.10144927536232
20.12857142857143
20.098591549295776
20.0
20.356164383561644
20.33783783783784
20.213333333333335
20.11842105263158
20.07792207792208
19.987179487179485
19.89873417721519
19.825
19.77777777777778
19.682926829268293
20.012048192771083
20.011904761904763
19.96470588235294
19.848837209302324
20.137931034482758
20.15909090909091
20.1123595505618
20.18888888888889
20.186813186813186
20.26086956521739
20.301075268817204
20.372340425531913
20.36842105263158
20.46875
20.412371134020617
20.56122448979592
20.67676767676768
20.83
20.73267326732673
20.65686274509804
20.689320388349515
20.625
20.62857142857143
21.066037735849058
21.46728971962617
21.38888888888889
21.36697247706422
21.28181818181818
21.675675675675677
21.767857142857142
21.884955752212388
21.789473684210527
22.078260869565216
22.017241379310345
21.94871794871795
22.584745762711865
22.537815126050422
22.591666666666665
22.512396694214875
22.65573770491803
22.634146341463413
22.556451612903224
22.52
22.444444444444443
22.62204724409449
22.671875
22.891472868217054
22.915384615384614
23.015267175572518
23.303030303030305
23.30827067669173
23.417910447761194
23.48148148148148
23.573529411764707
23.635036496350367
23.72463768115942
23.66187050359712
23.62142857142857
23.609929078014183
23.830985915492956
23.797202797202797
23.805555555555557
23.813793103448276
23.883561643835616
23.87074829931973
23.83783783783784
23.93288590604027
23.866666666666667
23.86092715231788
23.81578947368421
24.00653594771242
23.928571428571427
24.038709677419355
24.076923076923077
24.02547770700637
23.981012658227847
23.9874213836478
24.13125
24.062111801242235
23.993827160493826
23.901840490797547
24.024390243902438
24.206060606060607
24.259036144578314
24.191616766467067
24.142857142857142
24.532544378698226
24.805882352941175
25.549707602339183
25.77906976744186
26.21965317919075
26.24712643678161
26.417142857142856
26.386363636363637
27.0
26.99438202247191
27.044692737430168
27.205555555555556
27.265193370165747
27.560439560439562
27.76502732240437
27.73913043478261
27.751351351351353
27.897849462365592
28.299465240641712
28.867021276595743
28.92063492063492
28.9
29.083769633507853
29.057291666666668
29.150259067357513
29.077319587628867
29.005128205128205
29.29591836734694
29.482233502538072
29.737373737373737
30.165829145728644
30.155
30.26865671641791
30.22772277227723
30.763546798029555
30.779411764705884
31.71219512195122
31.849514563106798
32.3768115942029
33.07211538461539
33.760765550239235
34.38095238095238
34.507109004739334
34.4622641509434
34.81220657276995
34.78971962616822
35.47441860465116
35.5
35.64055299539171
36.34862385321101
36.821917808219176
37.231818181818184
37.77828054298642
38.8963963963964
39.06726457399103
41.125
42.44444444444444
43.13716814159292
44.44933920704846
44.87719298245614
46.8646288209607
47.88260869565217
49.54978354978355
50.849137931034484
51.51931330472103
52.31623931623932
54.22127659574468
55.605932203389834
57.48101265822785
59.18487394957983
60.7071129707113
62.5375
64.35269709543569
66.15289256198348
67.93827160493827
69.70901639344262
71.46530612244898
73.20731707317073
74.93522267206478
76.6491935483871
78.34939759036145
80.036
81.70916334661355
83.36904761904762
85.01581027667984
86.64960629921259
88.27058823529411
89.87890625
91.47470817120623
93.05813953488372
94.62934362934362
96.18846153846154
97.73563218390805
99.27099236641222
100.79467680608364
102.30681818181819
103.80754716981131
105.296992481203
106.7752808988764
108.24253731343283
109.69888475836431
111.14444444444445
112.57933579335793
114.00367647058823
115.41758241758242
116.82116788321167
118.21454545454546
119.59782608695652
120.971119133574
122.33453237410072
123.68817204301075
125.03214285714286
126.36654804270462
127.69148936170212
129.00706713780917
130.31338028169014
131.61052631578949
132.8986013986014
134.17770034843207
135.44791666666666
136.70934256055364
137.96206896551723
139.20618556701032
140.4417808219178
141.66894197952217
142.8877551020408
144.09830508474576
145.30067567567568
146.4949494949495
147.68120805369128
148.85953177257525
150.03
151.19269102990035
152.3476821192053
153.4950495049505
154.63486842105263
155.7672131147541
156.8921568627451
158.0097719869707
159.12012987012986
160.2233009708738
161.31935483870967
162.40836012861737
163.4903846153846
164.56549520766774
165.63375796178343
166.6952380952381
167.75
168.7981072555205
169.83962264150944
170.8746081504702
171.903125
172.92523364485982
173.94099378881987
174.95046439628484
175.9537037037037
176.95076923076923
177.94171779141104
178.92660550458714
179.90548780487805
180.87841945288753
181.84545454545454
182.80664652567975
183.7620481927711
184.7117117117117
185.6556886227545
186.59402985074627
187.52678571428572
188.4540059347181
189.37573964497042
190.2920353982301
191.20294117647057
192.10850439882697
193.00877192982455
193.90379008746356
194.79360465116278
195.6782608695652
196.55780346820808
197.43227665706053
198.30172413793105
199.16618911174785
200.0257142857143
200.8803418803419
201.73011363636363
202.57507082152975
203.41525423728814
204.2507042253521
205.0814606741573
205.9075630252101
206.7290502793296
207.5459610027855
208.35833333333332
209.16620498614958
209.9696132596685
210.76859504132233
211.5631868131868
212.35342465753425
213.13934426229508
213.92098092643053
214.6983695652174
215.47154471544715
216.24054054054054
217.0053908355795
217.76612903225808
218.52278820375335
219.27540106951872
220.024
220.76861702127658
221.50928381962865
222.24603174603175
222.9788918205805
223.7078947368421
224.43307086614172
225.1544502617801
225.87206266318537
226.5859375
227.2961038961039
228.00259067357513
228.70542635658916
229.40463917525773
230.10025706940874
230.7923076923077
231.48081841432224
232.1658163265306
232.84732824427482
233.5253807106599
234.2
234.87121212121212
235.5390428211587
236.2035175879397
236.86466165413535
237.5225
238.1770573566085
238.82835820895522
239.47642679900744
240.12128712871288
240.76296296296297
241.4014778325123
242.03685503685503
242.6691176470588
243.29828850855745
243.92439024390245
244.54744525547446
245.16747572815535
245.78450363196126
246.3985507246377
247.00963855421688
247.61778846153845
248.22302158273382
248.82535885167465
249.42482100238664
250.02142857142857
250.61520190023754
251.20616113744074
251.79432624113474
252.37971698113208
252.96235294117648
253.54225352112675
254.11943793911007
254.69392523364485
255.26573426573427
255.83488372093024
256.4013921113689
256.96527777777777
257.52655889145495
258.0852534562212
258.6413793103448
259.1949541284404
259.74599542334096
260.2945205479452
260.84054669703875
261.3840909090909
261.9251700680272
262.46380090497735
263.0
263.5337837837838
264.06516853932584
264.59417040358744
265.12080536912754
265.6450892857143
266.1670378619154
266.68666666666667
267.2039911308204
267.71902654867256
268.2317880794702
268.74229074889865
269.25054945054944
269.75657894736844
270.2603938730853
270.76200873362444
271.26143790849676
271.7586956521739
272.25379609544467
272.74675324675326
273.2375809935205
273.72629310344826
274.21290322580643
274.69742489270385
275.1798715203426
275.6602564102564
276.13859275053306
276.61489361702127
277.0891719745223
277.5614406779661
278.03171247357295
278.5
278.9663157894737
279.4306722689076
279.8930817610063
280.3535564853556
280.81210855949894
281.26875
281.7234927234927
282.17634854771785
282.6273291925466
283.0764462809917
283.5237113402062
283.9691358024691
284.4127310061602
284.8545081967213
285.29447852760734
285.7326530612245
286.1690427698574
286.6036585365854
287.03651115618663
287.4676113360324
287.8969696969697
288.32459677419354
288.75050301810865
289.17469879518075
289.59719438877755
290.018
290.437125748503
290.85458167330677
291.2703777335984
291.6845238095238
292.0970297029703
292.50790513833994
292.91715976331363
293.3248031496063
293.7308447937132
294.13529411764705
294.53816046966733
294.939453125
295.3391812865497
295.7373540856031
296.13398058252426
296.52906976744185
296.92263056092844
297.31467181467184
297.70520231213874
298.09423076923076
298.48176583493284
298.867816091954
299.25239005736137
299.6354961832061
300.01714285714286
300.39733840304183
300.7760910815939
301.15340909090907
301.5293005671077
301.90377358490565
302.2768361581921
302.6484962406015
303.0187617260788
303.3876404494382
303.75514018691587
304.12126865671644
304.4860335195531
304.84944237918216
305.21150278293135
305.5722222222222
305.93160813308685
306.28966789667896
306.646408839779
307.00183823529414
307.3559633027523
307.7087912087912
308.0603290676417
308.41058394160586
308.75956284153006
309.10727272727274
309.45372050816695
309.79891304347825
310.14285714285717
310.485559566787
310.82702702702704
311.16726618705036
311.5062836624776
311.8440860215054
312.18067978533094
312.5160714285714
312.85026737967917
313.1832740213523
313.5150976909414
313.84574468085106
314.17522123893804
314.5035335689046
314.83068783068785
315.15669014084506
315.481546572935
315.80526315789473
316.1278458844133
316.4493006993007
316.7696335078534
317.088850174216
317.4069565217391
317.7239583333333
318.03986135181975
318.3546712802768
318.6683937823834
318.9810344827586
319.29259896729775
319.60309278350513
319.91252144082335
320.22089041095893
320.5282051282051
320.8344709897611
321.1396933560477
321.4438775510204
321.74702886247877
322.0491525423729
322.3502538071066
322.6503378378378
322.94940978077574
323.24747474747477
323.54453781512603
323.84060402684565
324.1356783919598
324.4297658862876
324.7228714524207
325.015
325.30615640599
325.59634551495014
325.88557213930346
326.17384105960264
326.4611570247934
326.7475247524753
327.03294892915983
327.3174342105263
327.6009852216749
327.88360655737705
328.16530278232403
328.44607843137254
328.7259380097879
329.00488599348535
329.2829268292683
329.56006493506493
329.8363047001621
330.1116504854369
330.38610662358644
330.65967741935486
330.9323671497585
331.2041800643087
331.47512038523274
331.7451923076923
332.0144
332.28274760383385
332.55023923444975
332.8168789808917
333.0826709062003
333.34761904761905
333.6117274167987
333.875
334.13744075829385
334.3990536277602
334.659842519685
334.9198113207547
335.1789638932496
335.4373040752351
335.69483568075117
335.9515625
336.207488299532
336.4626168224299
336.71695178849143
336.97049689440996
337.2232558139535
337.4752321981424
337.72642967542504
337.97685185185185
338.22650231124805
338.4753846153846
338.7235023041475
338.97085889570553
339.21745788667687
339.4633027522936
339.7083969465649
339.952743902439
340.19634703196346
340.4392097264438
340.6813353566009
340.9227272727273
341.16338880484113
341.4033232628399
341.6425339366516
341.88102409638554
342.1187969924812
342.35585585585585
342.59220389805097
342.82784431137725
343.0627802690583
343.29701492537316
343.53055141579733
343.76339285714283
343.99554234769687
344.22700296735906
344.4577777777778
344.6878698224852
344.917282127031
345.146017699115
345.3740795287187
345.6014705882353
345.82819383259914
346.0542521994135
346.2796486090776
346.5043859649123
346.72846715328467
346.9518950437318
347.174672489083
347.3968023255814
347.61828737300436
347.8391304347826
348.05933429811864
348.27890173410407
348.4978354978355
348.71613832853023
348.9338129496403
349.1508620689655
349.36728837876615
349.5830945558739
349.79828326180257
350.0128571428571
350.2268188302425
350.44017094017096
350.6529160739687
350.8650568181818
351.07659574468084
351.28753541076486
351.4978783592645
351.70762711864404
351.91678420310296
352.12535211267607
352.3333333333333
352.5407303370786
352.7475455820477
352.953781512605
353.15944055944055
353.3645251396648
353.5690376569038
353.77298050139274
353.97635605006957
354.1791666666667
354.38141470180307
354.5831024930748
354.7842323651452
354.9848066298343
355.1848275862069
355.38429752066116
355.58321870701513
355.7815934065934
355.9794238683128
356.1767123287671
356.3734610123119
356.5696721311475
356.76534788540243
356.96049046321525
357.1551020408163
357.3491847826087
357.5427408412483
357.7357723577236
357.9282814614344
358.1202702702703
358.31174089068827
358.50269541778977
358.69313593539704
358.883064516129
359.0724832214765
359.2613941018767
359.4497991967871
359.63770053475935
359.82510013351134
360.012
360.1984021304927
360.3843085106383
360.56972111553785
360.7546419098143
360.9390728476821
361.12301587301585
361.30647291941875
361.4894459102902
361.67193675889325
361.8539473684211
362.0354796320631
362.2165354330709
362.3971166448231
362.57722513089004
362.75686274509803
362.9360313315927
363.11473272490224
363.29296875
363.4707412223667
363.64805194805194
363.8249027237354
364.00129533678756
364.17723156532986
364.35271317829455
364.52774193548385
364.7023195876289
364.87644787644786
365.05012853470436
365.22336328626443
365.3961538461538
365.5685019206146
365.7404092071611
365.911877394636
366.0829081632653
366.2535031847134
366.4236641221374
366.5933926302414
366.76269035532994
366.93155893536124
367.1
367.26801517067
367.43560606060606
367.6027742749054
367.76952141057933
367.9358490566038
368.10175879396985
368.267252195734
368.4323308270677
368.5969962453066
368.76125
368.9250936329588
369.0885286783042
369.25155666251555
369.4141791044776
369.57639751552796
369.7382133995037
369.8996282527881
370.06064356435644
370.221260815822
370.3814814814815
370.54130702836005
370.70073891625617
370.859778597786
371.01842751842753
371.17668711656444
371.3345588235294
371.4920440636475
371.6491442542787
371.8058608058608
371.9621951219512
372.1181485992692
372.27372262773724
372.42891859052247
372.58373786407765
372.73818181818183
372.8922518159806
373.0459492140266
373.1992753623188
373.3522316043426
373.5048192771084
373.6570397111913
373.8088942307692
373.96038415366144
374.1115107913669
374.2622754491018
374.4126794258373
374.56272401433694
374.7124105011933
374.86174016686533
375.0107142857143
375.15933412604045
375.30760095011874
375.4555160142349
375.6030805687204
375.7502958579882
375.89716312056737
376.04368358913814
376.18985849056605
376.3356890459364
376.48117647058825
376.6263219741481
376.7711267605634
376.915592028136
377.05971896955504
377.2035087719298
377.34696261682245
377.49008168028007
377.63286713286715
377.7753201396973
377.9174418604651
378.05923344947735
378.20069605568443
378.3418308227115
378.4826388888889
378.6231213872832
378.7632794457275
378.9031141868512
379.0426267281106
379.1818181818182
379.32068965517243
379.45924225028705
379.5974770642202
379.73539518900344
379.8729977116705
380.0102857142857
380.1472602739726
380.28392246294186
380.42027334851934
380.55631399317406
380.69204545454545
380.82746878547107
380.9625850340136
381.0973952434881
381.2319004524887
381.36610169491524
381.5
381.6335963923337
381.7668918918919
381.89988751406077
382.03258426966295
382.16498316498314
382.2970852017937
382.4288913773796
382.56040268456377
382.6916201117318
382.82254464285717
382.95317725752506
383.08351893095767
383.2135706340378
383.3433333333333
383.472807991121
383.6019955654102
383.7308970099668
383.8595132743363
383.9878453038674
384.1158940397351
384.2436604189636
384.3711453744493
384.4983498349835
384.6252747252747
384.75192096597146
384.8782894736842
385.00438116100764
385.1301969365427
385.25573770491803
385.38100436681225
385.5059978189749
385.6307189542484
385.7551686615887
385.879347826087
386.00325732899023
386.12689804772236
386.25027085590466
386.3733766233766
386.4962162162162
386.61879049676025
386.7411003236246
386.8631465517241
386.98493003229277
387.10645161290324
387.22771213748655
387.34871244635195
387.46945337620576
387.58993576017133
387.71016042780747
387.83012820512823
387.9498399146211
388.0692963752665
388.1884984025559
388.30744680851063
388.4261424017003
388.54458598726114
388.6627783669141
388.78072033898303
388.8984126984127
389.0158562367865
389.13305174234426
389.25
389.36670179135933
389.48315789473685
389.5993690851735
389.71533613445376
389.83105981112277
389.94654088050316
390.06178010471206
390.1767782426778
390.29153605015676
390.40605427974947
390.52033368091764
390.634375
390.74817898022894
390.8617463617464
390.97507788161994
391.0881742738589
391.20103626943006
391.31366459627327
391.4260599793175
391.53822314049586
391.6501547987616
391.7618556701031
391.8733264675592
391.9845679012346
392.0955806783145
392.20636550308006
392.3169230769231
392.42725409836066
392.5373592630502
392.64723926380367
392.75689479060264
392.86632653061224
392.97553516819573
393.08452138492873
393.1932858596134
393.3018292682927
393.410152284264
393.5182555780933
393.62613981762917
393.7338056680162
393.8412537917088
393.94848484848484
394.0554994954591
394.16229838709677
394.26888217522657
394.37525150905435
394.4814070351759
394.58734939759034
394.69307923771316
394.7985971943888
394.9039039039039
395.009
395.1138861138861
395.2185628742515
395.32303090727817
395.4272908366534
395.5313432835821
395.6351888667992
395.73882820258194
395.8422619047619
395.94549058473734
396.04851485148515
396.1513353115727
396.25395256916994
396.3563672260612
396.4585798816568
396.56059113300495
396.66240157480314
396.76401179941
396.86542239685656
396.9666339548577
397.0676470588235
397.1684622918707
397.26908023483367
397.36950146627566
397.4697265625
397.56975609756097
397.66959064327483
397.7692307692308
397.86867704280155
397.9679300291545
398.06699029126213
398.1658583899127
398.26453488372096
398.3630203291384
398.4613152804642
398.5594202898551
398.6573359073359
398.75506268081006
398.85260115606934
398.9499518768046
399.0471153846154
399.1440922190202
399.2408829174664
399.33748801534034
399.43390804597703
399.5301435406699
399.6261950286807
399.72206303724926
399.81774809160305
399.91325071496664
400.00857142857143
400.10371075166506
400.1986692015209
400.2934472934473
400.38804554079695
400.4824644549763
400.57670454545456
400.67076631977295
400.76465028355386
400.8583569405099
400.95188679245285
401.04524033930255
401.138418079096
401.23142050799623
401.32424812030075
401.4169014084507
401.5093808630394
401.60168697282097
401.6938202247191
401.78578110383535
401.87757009345796
401.96918767507003
402.0606343283582
402.1519105312209
402.24301675977654
402.3339534883721
402.4247211895911
402.51532033426184
402.6057513914657
402.69601482854495
402.7861111111111
402.87604070305275
402.96580406654346
403.05540166204986
403.1448339483395
403.23410138248846
403.3232044198895
403.4121435142594
403.5009191176471
403.58953168044076
403.6779816513762
403.7662694775435
403.8543956043956
403.9423604757548
404.0301645338208
404.1178082191781
404.20529197080293
404.2926162260711
404.379781420765
404.46678798908096
404.5536363636364
404.64032697547685
404.7268602540835
404.81323662737987
404.8994565217391
404.98552036199095
405.07142857142856
405.1571815718157
405.24277978339353
405.3282236248873
405.4135135135135
405.4986498649865
405.5836330935252
405.66846361185986
405.7531418312388
405.837668161435
405.9220430107527
406.006266786034
406.0903398926655
406.17426273458443
406.2580357142857
406.34165923282785
406.4251336898396
406.5084594835263
406.59163701067615
406.67466666666667
406.7575488454707
406.8402839396628
406.92287234042556
407.00531443755534
407.08761061946905
407.16976127320953
407.2517667844523
407.333627537511
407.4153439153439
407.4969162995595
407.57834507042253
407.65963060686016
407.74077328646746
407.82177348551363
407.90263157894736
407.9833479404032
408.06392294220666
408.1443569553806
408.22465034965035
408.30480349344975
408.3848167539267
408.46469049694855
