14.0
16.0
18.0
17.25
22.8
20.833333333333332
24.428571428571427
22.625
21.88888888888889
22.2
22.0
24.083333333333332
23.46153846153846
22.928571428571427
22.466666666666665
23.0
23.058823529411764
24.11111111111111
23.526315789473685
23.35
23.19047619047619
23.227272727272727
22.73913043478261
23.166666666666668
22.84
23.307692307692307
23.074074074074073
23.642857142857142
23.17241379310345
22.8
22.612903225806452
22.375
22.393939393939394
22.058823529411764
21.857142857142858
21.694444444444443
21.675675675675677
21.44736842105263
21.82051282051282
21.65
21.536585365853657
21.761904761904763
21.651162790697676
21.454545454545453
21.377777777777776
21.5
21.404255319148938
21.625
21.367346938775512
21.94
21.96078431372549
21.75
21.60377358490566
21.462962962962962
21.345454545454544
21.214285714285715
21.19298245614035
21.224137931034484
21.35593220338983
21.233333333333334
21.327868852459016
21.596774193548388
21.793650793650794
21.59375
21.876923076923077
21.727272727272727
22.208955223880597
22.352941176470587
22.217391304347824
22.085714285714285
22.098591549295776
22.194444444444443
22.068493150684933
21.972972972972972
22.013333333333332
21.92105263157895
21.753246753246753
21.743589743589745
21.632911392405063
21.625
21.839506172839506
21.79268292682927
21.650602409638555
21.773809523809526
21.694117647058825
21.63953488372093
21.885057471264368
22.193181818181817
22.123595505617978
22.38888888888889
22.428571428571427
22.42391304347826
22.43010752688172
22.46808510638298
22.610526315789475
22.625
22.876288659793815
22.959183673469386
22.8989898989899
23.04
23.08910891089109
23.245098039215687
23.320388349514563
23.25
23.4
23.27358490566038
23.16822429906542
23.175925925925927
23.229357798165136
23.29090909090909
23.234234234234233
23.357142857142858
23.256637168141594
23.359649122807017
23.252173913043478
23.5
23.47008547008547
23.45762711864407
23.470588235294116
23.433333333333334
23.760330578512395
23.737704918032787
23.682926829268293
23.741935483870968
23.736
23.682539682539684
23.606299212598426
23.796875
23.88372093023256
23.953846153846154
24.091603053435115
24.007575757575758
24.210526315789473
24.28358208955224
24.2
24.169117647058822
24.240875912408757
24.217391304347824
24.165467625899282
24.40714285714286
24.418439716312058
24.359154929577464
24.32867132867133
24.270833333333332
24.186206896551724
24.19178082191781
24.374149659863946
24.37162162162162
24.65771812080537
24.66
24.788079470198674
24.92763157894737
24.96732026143791
25.12987012987013
25.135483870967743
25.08974358974359
25.006369426751593
25.09493670886076
25.270440251572328
25.2375
25.459627329192546
25.38888888888889
25.441717791411044
25.79268292682927
25.921212121212122
26.698795180722893
27.24550898203593
27.148809523809526
27.218934911242602
27.276470588235295
27.690058479532162
28.098837209302324
28.167630057803468
28.64367816091954
28.605714285714285
28.77840909090909
28.76271186440678
28.915730337078653
28.932960893854748
29.094444444444445
28.994475138121548
28.956043956043956
28.983606557377048
29.847826086956523
29.762162162162163
29.844086021505376
29.941176470588236
29.925531914893618
30.21693121693122
30.326315789473686
30.345549738219894
30.432291666666668
30.523316062176164
30.690721649484537
30.6
30.556122448979593
30.563451776649746
30.565656565656564
30.65326633165829
30.625
30.756218905472636
31.0
31.945812807881772
32.455882352941174
32.58536585365854
33.179611650485434
33.227053140096615
33.44711538461539
33.72248803827751
33.81428571428572
33.92890995260664
34.051886792452834
34.32394366197183
34.55607476635514
34.64186046511628
34.907407407407405
35.55299539170507
36.325688073394495
36.47488584474886
36.59090909090909
36.502262443438916
36.88288288288288
37.874439461883405
38.66517857142857
40.22222222222222
40.78761061946903
41.585903083700444
42.021929824561404
42.46288209606987
42.821739130434786
42.75757575757576
43.83620689655172
44.64377682403433
45.31623931623932
46.340425531914896
47.22457627118644
48.68354430379747
50.46218487394958
51.33054393305439
52.291666666666664
54.149377593360995
55.553719008264466
56.991769547325106
58.44672131147541
59.689795918367345
61.447154471544714
63.22267206477733
64.71774193548387
66.46586345381526
68.2
69.9203187250996
71.62698412698413
73.3201581027668
75.0
76.66666666666667
78.3203125
79.96108949416342
81.5891472868217
83.20463320463321
84.8076923076923
86.3984674329502
87.97709923664122
89.54372623574145
91.09848484848484
92.64150943396227
94.17293233082707
95.69288389513109
97.20149253731343
98.69888475836431
100.18518518518519
101.66051660516605
103.125
104.57875457875458
106.02189781021897
107.45454545454545
108.8768115942029
110.28880866425993
111.69064748201438
113.08243727598567
114.46428571428571
115.83629893238434
117.19858156028369
118.55123674911661
119.8943661971831
121.2280701754386
122.55244755244755
123.86759581881533
125.17361111111111
126.47058823529412
127.75862068965517
129.03780068728523
130.3082191780822
131.56996587030716
132.8231292517007
134.0677966101695
135.30405405405406
136.53198653198652
137.751677852349
138.96321070234114
140.16666666666666
141.36212624584718
142.5496688741722
143.72937293729373
144.90131578947367
146.0655737704918
147.22222222222223
148.371335504886
149.51298701298703
150.6472491909385
151.7741935483871
152.89389067524115
154.00641025641025
155.11182108626198
156.21019108280254
157.3015873015873
158.3860759493671
159.46372239747635
160.53459119496856
161.59874608150471
162.65625
163.70716510903426
164.75155279503105
165.78947368421052
166.820987654321
167.84615384615384
168.86503067484662
169.87767584097858
170.8841463414634
171.88449848024317
172.87878787878788
173.86706948640483
174.84939759036143
175.82582582582583
176.79640718562874
177.76119402985074
178.7202380952381
179.67359050445103
180.62130177514794
181.56342182890856
182.5
183.43108504398828
184.35672514619884
185.27696793002914
186.1918604651163
187.1014492753623
188.0057803468208
188.9048991354467
189.79885057471265
190.68767908309457
191.57142857142858
192.45014245014244
193.32386363636363
194.19263456090653
195.05649717514123
195.91549295774647
196.76966292134833
197.61904761904762
198.46368715083798
199.30362116991643
200.13888888888889
200.96952908587258
201.79558011049724
202.61707988980717
203.43406593406593
204.24657534246575
205.05464480874318
205.858310626703
206.6576086956522
207.45257452574526
208.24324324324326
209.02964959568735
209.81182795698925
210.5898123324397
211.36363636363637
212.13333333333333
212.89893617021278
213.6604774535809
214.41798941798942
215.17150395778364
215.92105263157896
216.66666666666666
217.40837696335078
218.1462140992167
218.88020833333334
219.6103896103896
220.33678756476684
221.0594315245478
221.77835051546393
222.4935732647815
223.2051282051282
223.91304347826087
224.6173469387755
225.31806615776082
226.01522842639594
226.70886075949366
227.3989898989899
228.08564231738035
228.76884422110552
229.44862155388472
230.125
230.79800498753116
231.46766169154228
232.13399503722084
232.7970297029703
233.45679012345678
234.11330049261085
234.76658476658477
235.41666666666666
236.06356968215158
236.70731707317074
237.34793187347933
237.98543689320388
238.61985472154964
239.2512077294686
239.87951807228916
240.50480769230768
241.1270983213429
241.74641148325358
242.36276849642005
242.97619047619048
243.58669833729215
244.19431279620852
244.79905437352247
245.4009433962264
246.0
246.5962441314554
247.18969555035127
247.7803738317757
248.36829836829835
248.95348837209303
249.53596287703016
250.11574074074073
250.69284064665126
251.26728110599078
251.83908045977012
252.40825688073394
252.97482837528605
253.53881278538813
254.1002277904328
254.6590909090909
255.2154195011338
255.76923076923077
256.32054176072234
256.8693693693694
257.4157303370786
257.9596412556054
258.50111856823264
259.04017857142856
259.57683741648106
260.1111111111111
260.6430155210643
261.1725663716814
261.6997792494481
262.2246696035242
262.74725274725273
263.2675438596491
263.7855579868709
264.30131004366814
264.81481481481484
265.32608695652175
265.8351409978308
266.34199134199133
266.84665226781857
267.3491379310345
267.8494623655914
268.3476394849785
268.8436830835118
269.3376068376068
269.8294243070362
270.3191489361702
270.8067940552017
271.29237288135596
271.7758985200846
272.25738396624473
272.7368421052632
273.2142857142857
273.68972746331235
274.163179916318
274.6346555323591
275.1041666666667
275.57172557172555
276.0373443983402
276.5010351966874
276.96280991735534
277.4226804123711
277.880658436214
278.33675564681727
278.7909836065574
279.2433537832311
279.6938775510204
280.142566191446
280.5894308943089
281.0344827586207
281.47773279352225
281.9191919191919
282.35887096774195
282.79678068410465
283.2329317269076
283.6673346693387
284.1
284.5309381237525
284.9601593625498
285.3876739562624
285.81349206349205
286.23762376237624
286.6600790513834
287.0808678500986
287.5
287.91748526522593
288.3333333333333
288.74755381604695
289.16015625
289.5711500974659
289.9805447470817
290.3883495145631
290.79457364341084
291.1992263056093
291.6023166023166
292.0038535645472
292.40384615384613
292.80230326295583
293.1992337164751
293.5946462715105
293.98854961832063
294.3809523809524
294.77186311787074
295.16129032258067
295.54924242424244
295.9357277882798
296.3207547169811
296.7043314500942
297.0864661654135
297.4671669793621
297.84644194756555
298.22429906542055
298.60074626865674
298.97579143389197
299.34944237918216
299.721706864564
300.0925925925926
300.46210720887245
300.83025830258305
301.1970534069982
301.5625
301.92660550458714
302.2893772893773
302.65082266910423
303.0109489051095
303.3697632058288
303.72727272727275
304.08348457350274
304.43840579710144
304.7920433996383
305.14440433212997
305.4954954954955
305.8453237410072
306.19389587073607
306.5412186379928
306.88729874776385
307.23214285714283
307.57575757575756
307.9181494661922
308.259325044405
308.59929078014187
308.9380530973451
309.2756183745583
309.6119929453263
309.94718309859155
310.2811950790861
310.6140350877193
310.94570928196146
311.2762237762238
311.60558464223385
311.93379790940764
312.2608695652174
312.58680555555554
312.9116117850953
313.2352941176471
313.5578583765112
313.87931034482756
314.19965576592085
314.5189003436426
314.8370497427101
315.15410958904107
315.47008547008545
315.7849829351536
316.0988074957411
316.41156462585036
316.723259762309
317.03389830508473
317.3434856175973
317.65202702702703
317.9595278246206
318.26599326599325
318.57142857142856
318.8758389261745
319.17922948073704
319.4816053511706
319.7829716193656
320.0833333333333
320.38269550748754
320.6810631229236
320.97844112769485
321.2748344370861
321.5702479338843
321.8646864686469
322.15815485996706
322.4506578947368
322.74220032840725
323.0327868852459
323.3224222585925
323.6111111111111
323.8988580750408
324.185667752443
324.4715447154472
324.7564935064935
325.04051863857376
325.32362459546925
325.60581583198706
325.88709677419354
326.16747181964575
326.4469453376206
326.7255216693419
327.00320512820514
327.28
327.555910543131
327.8309409888357
328.1050955414013
328.3783783783784
328.6507936507937
328.9223454833597
329.19303797468353
329.46287519747233
329.73186119873816
330.0
330.2672955974843
330.5337519623234
330.79937304075236
331.0641627543036
331.328125
331.591263650546
331.8535825545171
332.11508553654744
332.37577639751555
332.6356589147287
332.89473684210526
333.15301391035547
333.4104938271605
333.66718027734976
333.9230769230769
334.17818740399383
334.4325153374233
334.6860643185299
334.9388379204893
335.19083969465646
335.4420731707317
335.6925418569254
335.94224924012155
336.1911987860395
336.43939393939394
336.6868381240545
336.9335347432024
337.1794871794872
337.42469879518075
337.6691729323308
337.91291291291293
338.1559220389805
338.39820359281435
338.63976083707024
338.8805970149254
339.1207153502235
339.36011904761904
339.5988112927192
339.8367952522255
340.0740740740741
340.31065088757396
340.5465288035451
340.78171091445427
341.0162002945508
341.25
341.48311306901616
341.7155425219941
341.9472913616398
342.17836257309943
342.40875912408757
342.6384839650146
342.8675400291121
343.09593023255815
343.32365747460085
343.5507246376812
343.77713458755426
344.0028901734104
344.2279942279942
344.45244956772336
344.67625899280574
344.89942528735634
345.1219512195122
345.34383954154725
345.5650929899857
345.7857142857143
346.00570613409417
346.22507122507125
346.44381223328594
346.6619318181818
346.87943262411346
347.09631728045326
347.3125884016973
347.5282485875706
347.7433004231312
347.9577464788732
348.1715893108298
348.38483146067415
348.5974754558205
348.8095238095238
349.02097902097904
349.231843575419
349.442119944212
349.65181058495824
349.8609179415855
350.06944444444446
350.2773925104022
350.48476454293626
350.6915629322268
350.8977900552486
351.1034482758621
351.3085399449036
351.5130674002751
351.717032967033
351.920438957476
352.1232876712329
352.3255813953488
352.5273224043716
352.72851296043655
352.9291553133515
353.1292517006803
353.32880434782606
353.527815468114
353.72628726287263
353.92422192151554
354.1216216216216
354.31848852901487
354.5148247978437
354.71063257065947
354.9059139784946
355.1006711409396
355.29490616621985
355.48862115127173
355.6818181818182
355.87449933244324
356.06666666666666
356.2583222370173
356.4494680851064
356.64010624169987
356.83023872679047
357.0198675496689
357.20899470899474
357.3976221928666
357.58575197889184
357.7733860342556
357.9605263157895
358.14717477003944
358.3333333333333
358.519003931848
358.7041884816754
358.8888888888889
359.0731070496084
359.2568448500652
359.4401041666667
359.62288686605984
359.8051948051948
359.9870298313878
360.1683937823834
360.3492884864166
360.5297157622739
360.7096774193548
360.88917525773195
361.06821106821104
361.24678663239075
361.4249037227214
361.6025641025641
361.7797695262484
361.95652173913044
362.13282247765005
362.30867346938777
362.484076433121
362.6590330788804
362.83354510800507
363.007614213198
363.18124207858045
363.3544303797468
363.5271807838179
363.699494949495
363.8713745271122
364.0428211586902
364.2138364779874
364.38442211055275
364.5545796737767
364.72431077694233
364.8936170212766
365.0625
365.23096129837705
365.3990024937656
365.56662515566626
365.73383084577114
365.9006211180124
366.06699751861044
366.23296158612146
366.3985148514852
366.5636588380717
366.7283950617284
366.8927250308261
367.0566502463054
367.220172201722
367.38329238329237
367.5460122699387
367.7083333333333
367.8702570379437
368.0317848410758
368.19291819291817
368.3536585365854
368.5140073081608
368.67396593673965
368.83353584447144
368.99271844660194
369.1515151515151
369.3099273607748
369.46795646916564
369.6256038647343
369.78287092882994
369.93975903614455
370.0962695547533
370.25240384615387
370.40816326530614
370.56354916067147
370.7185628742515
370.8732057416268
371.02747909199525
371.18138424821
371.33492252681765
371.48809523809524
371.640903686088
371.7933491686461
371.94543297746145
372.0971563981043
372.24852071005915
372.39952718676125
372.5501770956316
372.70047169811323
372.8504122497055
373.0
373.14923619271445
373.2981220657277
373.44665885111374
373.59484777517565
373.7426900584795
373.89018691588785
374.03733955659277
374.1841491841492
374.33061699650756
374.4767441860465
374.6225319396051
374.7679814385151
374.9130938586327
375.0578703703704
375.2023121387283
375.3464203233256
375.4901960784314
375.6336405529954
375.77675489067894
375.91954022988506
376.06199770378873
376.20412844036696
376.3459335624284
376.487414187643
376.62857142857143
376.76940639269407
376.90992018244015
377.0501138952164
377.18998862343574
377.32954545454544
377.46878547105564
377.60770975056687
377.7463193657984
377.88461538461536
378.02259887005647
378.16027088036117
378.2976324689966
378.43468468468467
378.57142857142856
378.70786516853934
378.8439955106622
378.97982062780267
379.11534154535275
379.2505592841163
379.3854748603352
379.5200892857143
379.65440356744705
379.78841870824056
379.9221357063404
380.05555555555554
380.188679245283
380.32150776053214
380.45404208194907
380.5862831858407
380.7182320441989
380.8498896247241
380.98125689084895
381.11233480176213
381.24312431243123
381.3736263736264
381.50384193194293
381.63377192982455
381.76341730558596
381.89277899343546
382.0218579234973
382.15065502183404
382.2791712104689
382.4074074074074
382.5353645266594
382.6630434782609
382.7904451682953
382.9175704989154
383.04442036836406
383.1709956709957
383.2972972972973
383.4233261339093
383.54908306364615
383.67456896551727
383.79978471474703
383.9247311827957
384.04940923737917
384.1738197424893
384.2979635584137
384.4218415417559
384.54545454545456
384.6688034188034
384.7918890074707
384.9147121535181
385.03727369542065
385.1595744680851
385.2816153028693
385.4033970276009
385.524920466596
385.646186440678
385.76719576719574
385.88794926004226
386.00844772967264
386.12869198312234
386.2486828240253
386.36842105263156
386.48790746582546
386.60714285714283
386.72612801678906
386.8448637316562
386.9633507853403
387.081589958159
387.1995820271682
387.3173277661795
387.4348279457769
387.5520833333333
387.6690946930281
387.7858627858628
387.9023883696781
388.0186721991701
388.13471502590676
388.25051759834366
388.3660806618407
388.4814049586777
388.5964912280702
388.7113402061856
388.8259526261586
388.940329218107
389.054470709147
389.1683778234086
389.28205128205127
389.3954918032787
389.50870010235417
389.62167689161555
389.7344228804903
389.8469387755102
389.9592252803262
390.071283095723
390.1831129196338
390.2947154471545
390.4060913705584
390.51724137931035
390.62816616008104
390.7388663967611
390.84934277047523
390.95959595959596
391.0696266397578
391.179435483871
391.2890231621349
391.3983903420523
391.5075376884422
391.6164658634538
391.72517552657973
391.8336673346693
391.94194194194193
392.05
392.15784215784214
392.2654690618763
392.3728813559322
392.4800796812749
392.58706467661693
392.69383697813123
392.8003972194638
392.906746031746
393.0128840436075
393.1188118811881
393.22453016815035
393.3300395256917
393.43534057255675
393.5404339250493
393.6453201970443
393.75
393.8544739429695
393.95874263261294
394.062806673209
394.1666666666667
394.2703232125367
394.3737769080235
394.4770283479961
394.580078125
394.6829268292683
394.78557504873294
394.88802336903603
394.99027237354085
395.09232264334304
395.19417475728153
395.2958292919496
395.39728682170545
395.49854791868347
395.59961315280464
395.7004830917874
395.8011583011583
395.9016393442623
396.0019267822736
396.10202117420596
396.2019230769231
396.3016330451489
396.40115163147794
396.50047938638545
396.59961685823754
396.69856459330146
396.7973231357553
396.8958930276982
396.9942748091603
397.09246901811247
397.1904761904762
397.2882968601332
397.38593155893534
397.48338081671415
397.5806451612903
397.6777251184834
397.7746212121212
397.8713339640492
397.9678638941399
398.0642115203022
398.16037735849056
398.2563619227144
398.3521657250471
398.447789275635
398.54323308270676
398.63849765258215
398.73358348968105
398.82849109653233
398.92322097378275
399.0177736202058
399.1121495327103
399.2063492063492
399.30037313432837
399.3942218080149
399.487895716946
399.5813953488372
399.6747211895911
399.76787372330546
399.860853432282
399.9536607970343
400.0462962962963
400.13876040703053
400.2310536044362
400.3231763619575
400.4151291512915
400.5069124423963
400.5985267034991
400.68997240110394
400.78125
400.87235996326905
400.9633027522936
401.05407882676445
401.14468864468864
401.23513266239706
401.3254113345521
401.41552511415523
401.5054744525547
401.59525979945306
401.6848816029144
401.7743403093722
401.8636363636364
401.952770208901
402.04174228675134
402.13055303717135
402.21920289855075
402.3076923076923
402.3960216998192
402.4841915085818
402.572202166065
402.6600541027953
402.7477477477477
402.8352835283528
402.9226618705036
403.0098831985624
403.09694793536806
403.1838565022422
403.27060931899643
403.3572068039391
403.44364937388195
403.5299374441466
403.61607142857144
403.7020517395183
403.7878787878788
403.873552983081
403.9590747330961
404.0444444444444
404.12966252220247
404.21472937000885
404.2996453900709
404.38441098317094
404.46902654867256
404.55349248452694
404.6378091872792
404.7219770520741
404.80599647266314
404.8898678414097
404.97359154929575
405.0571679859279
405.1405975395431
405.2238805970149
405.3070175438597
405.3900087642419
405.47285464098076
405.55555555555554
405.6381118881119
405.72052401746726
405.80279232111695
405.88491717523976
405.9668989547038
406.04873803307225
406.1304347826087
406.2119895742832
406.29340277777777
406.37467476149175
