24.0
16.5
18.0
16.25
16.4
15.833333333333334
15.285714285714286
19.125
18.22222222222222
18.7
18.272727272727273
18.666666666666668
18.153846153846153
17.571428571428573
17.8
18.0625
18.58823529411765
18.555555555555557
19.31578947368421
19.15
18.80952380952381
18.863636363636363
19.695652173913043
19.75
19.32
19.26923076923077
19.51851851851852
19.392857142857142
19.06896551724138
19.566666666666666
20.322580645161292
20.875
20.666666666666668
20.5
20.428571428571427
20.333333333333332
20.10810810810811
20.026315789473685
20.0
19.8
19.634146341463413
19.904761904761905
19.88372093023256
20.0
20.333333333333332
20.108695652173914
19.93617021276596
19.895833333333332
19.959183673469386
19.82
19.627450980392158
19.826923076923077
20.09433962264151
19.944444444444443
19.818181818181817
19.839285714285715
19.912280701754387
20.43103448275862
20.423728813559322
20.283333333333335
20.491803278688526
20.451612903225808
20.41269841269841
20.28125
20.138461538461538
20.181818181818183
20.19402985074627
20.191176470588236
20.304347826086957
20.32857142857143
20.295774647887324
20.375
20.45205479452055
20.513513513513512
20.6
20.63157894736842
20.532467532467532
20.46153846153846
20.31645569620253
20.4625
20.51851851851852
20.4390243902439
20.433734939759034
20.642857142857142
20.529411764705884
20.488372093023255
20.436781609195403
20.329545454545453
20.51685393258427
20.655555555555555
20.560439560439562
20.5
20.548387096774192
20.925531914893618
20.91578947368421
21.114583333333332
21.02061855670103
21.29591836734694
21.80808080808081
21.82
21.801980198019802
21.764705882352942
21.83495145631068
21.740384615384617
21.63809523809524
21.78301886792453
21.869158878504674
21.89814814814815
22.01834862385321
22.427272727272726
22.52252252252252
22.741071428571427
22.63716814159292
22.95614035087719
22.94782608695652
22.844827586206897
22.82905982905983
22.923728813559322
23.0
23.708333333333332
23.801652892561982
23.901639344262296
23.926829268292682
23.903225806451612
23.84
23.817460317460316
23.73228346456693
23.6796875
23.627906976744185
23.96153846153846
23.984732824427482
24.083333333333332
24.18045112781955
24.253731343283583
24.22222222222222
24.139705882352942
24.175182481751825
24.159420289855074
24.12230215827338
24.27857142857143
24.30496453900709
24.218309859154928
24.314685314685313
24.42361111111111
24.50344827586207
24.595890410958905
24.564625850340136
24.655405405405407
24.624161073825505
24.566666666666666
24.688741721854306
24.664473684210527
24.758169934640524
24.850649350649352
24.961290322580645
25.256410256410255
25.56687898089172
25.50632911392405
25.427672955974842
25.33125
25.279503105590063
25.271604938271604
25.521472392638035
25.621951219512194
25.721212121212123
25.897590361445783
26.46706586826347
26.56547619047619
26.65680473372781
26.658823529411766
26.736842105263158
26.825581395348838
27.23121387283237
27.166666666666668
27.074285714285715
27.142045454545453
27.322033898305083
27.43820224719101
27.636871508379887
27.572222222222223
27.900552486187845
28.071428571428573
28.185792349726775
28.21195652173913
28.18918918918919
28.634408602150536
28.705882352941178
29.01595744680851
29.555555555555557
29.521052631578947
29.486910994764397
29.494791666666668
29.502590673575128
29.649484536082475
29.71794871794872
29.729591836734695
29.690355329949238
29.747474747474747
29.71356783919598
29.9
29.82089552238806
29.85148514851485
29.93103448275862
30.887254901960784
30.965853658536584
31.533980582524272
31.579710144927535
31.79326923076923
32.25837320574163
32.647619047619045
33.161137440758296
34.193396226415096
34.44131455399061
35.257009345794394
35.37674418604651
35.351851851851855
35.963133640552996
36.20183486238532
36.406392694063925
36.5
36.8552036199095
37.891891891891895
38.70403587443946
39.61607142857143
40.49777777777778
41.98672566371681
43.3215859030837
44.33771929824562
45.23144104803494
45.93478260869565
46.67965367965368
48.28879310344828
49.832618025751074
50.65384615384615
51.99574468085106
53.03813559322034
54.924050632911396
56.31512605042017
57.79497907949791
59.07083333333333
60.88796680497925
62.70247933884298
64.04938271604938
65.45901639344262
67.2326530612245
68.99186991869918
70.73684210526316
72.46774193548387
74.18473895582329
75.888
77.57768924302789
79.25396825396825
80.91699604743083
82.56692913385827
84.20392156862745
85.828125
87.43968871595331
89.03875968992249
90.62548262548262
92.2
93.7624521072797
95.31297709923665
96.85171102661597
98.37878787878788
99.89433962264151
101.3984962406015
102.89138576779027
104.3731343283582
105.84386617100371
107.3037037037037
108.75276752767527
110.19117647058823
111.61904761904762
113.03649635036497
114.44363636363636
115.84057971014492
117.2274368231047
118.60431654676259
119.97132616487455
121.32857142857142
122.67615658362989
124.01418439716312
125.34275618374558
126.66197183098592
127.9719298245614
129.27272727272728
130.56445993031357
131.84722222222223
133.12110726643598
134.38620689655173
135.6426116838488
136.8904109589041
138.1296928327645
139.36054421768708
140.58305084745763
141.7972972972973
143.003367003367
144.2013422818792
145.3913043478261
146.57333333333332
147.74750830564784
148.91390728476821
150.07260726072607
151.22368421052633
152.3672131147541
153.5032679738562
154.63192182410424
155.75324675324674
156.8673139158576
157.9741935483871
159.07395498392282
160.16666666666666
161.2523961661342
162.3312101910828
163.4031746031746
164.46835443037975
165.52681388012618
166.57861635220127
167.62382445141066
168.6625
169.69470404984423
170.72049689440993
171.73993808049536
172.7530864197531
173.76
174.76073619631902
175.7553516819572
176.7439024390244
177.72644376899697
178.7030303030303
179.67371601208458
180.63855421686748
181.5975975975976
182.55089820359282
183.49850746268658
184.4404761904762
185.37685459940653
186.30769230769232
187.2330383480826
188.1529411764706
189.0674486803519
189.9766081871345
190.8804664723032
191.77906976744185
192.67246376811593
193.56069364161849
194.44380403458214
195.32183908045977
196.1948424068768
197.06285714285715
197.92592592592592
198.7840909090909
199.6373937677054
200.4858757062147
201.32957746478874
202.1685393258427
203.00280112044817
203.83240223463687
204.6573816155989
205.4777777777778
206.29362880886427
207.1049723756906
207.91184573002755
208.71428571428572
209.51232876712328
210.30601092896174
211.09536784741144
211.8804347826087
212.66124661246613
213.43783783783783
214.21024258760107
214.9784946236559
215.7426273458445
216.50267379679144
217.25866666666667
218.01063829787233
218.75862068965517
219.5026455026455
220.24274406332455
220.97894736842105
221.71128608923885
222.43979057591622
223.1644908616188
223.88541666666666
224.6025974025974
225.31606217616581
226.02583979328165
226.7319587628866
227.4344473007712
228.13333333333333
228.82864450127877
229.5204081632653
230.2086513994911
230.89340101522842
231.5746835443038
232.25252525252526
232.92695214105794
233.59798994974875
234.265664160401
234.93
235.59102244389027
236.24875621890547
236.90322580645162
237.55445544554456
238.20246913580246
238.84729064039408
239.48894348894348
240.12745098039215
240.76283618581908
241.39512195121952
242.0243309002433
242.6504854368932
243.27360774818402
243.89371980676327
244.51084337349397
245.125
245.73621103117506
246.3444976076555
246.94988066825775
247.55238095238096
248.15201900237528
248.74881516587678
249.34278959810874
249.93396226415095
250.52235294117648
251.10798122065728
251.69086651053865
252.2710280373832
252.84848484848484
253.4232558139535
253.9953596287703
254.5648148148148
255.13163972286375
255.69585253456222
256.25747126436784
256.8165137614679
257.3729977116705
257.9269406392694
258.4783599088838
259.0272727272727
259.5736961451247
260.11764705882354
260.65914221218964
261.1981981981982
261.7348314606742
262.2690582959641
262.80089485458615
263.33035714285717
263.8574610244989
264.3822222222222
264.90465631929044
265.42477876106193
265.94260485651216
266.45814977973566
266.9714285714286
267.4824561403509
267.99124726477027
268.49781659388645
269.00217864923746
269.504347826087
270.00433839479393
270.5021645021645
270.9978401727862
271.4913793103448
271.98279569892475
272.47210300429185
272.9593147751606
273.44444444444446
273.9275053304904
274.40851063829786
274.8874734607219
275.364406779661
275.83932346723043
276.3122362869198
276.78315789473686
277.25210084033614
277.7190775681342
278.18410041841
278.6471816283925
279.10833333333335
279.56756756756755
280.0248962655602
280.48033126293996
280.93388429752065
281.3855670103093
281.83539094650206
282.2833675564682
282.7295081967213
283.1738241308793
283.61632653061224
284.0570264765784
284.4959349593496
284.93306288032454
285.36842105263156
285.8020202020202
286.23387096774195
286.6639839034205
287.09236947791163
287.5190380761523
287.944
288.36726546906186
288.78884462151393
289.20874751491056
289.62698412698415
290.04356435643564
290.45849802371544
290.87179487179486
291.2834645669291
291.6935166994106
292.10196078431375
292.5088062622309
292.9140625
293.317738791423
293.7198443579766
294.12038834951454
294.51937984496124
294.91682785299804
295.3127413127413
295.7071290944123
296.1
296.49136276391556
296.88122605363986
297.2695984703633
297.6564885496183
298.0419047619048
298.42585551330797
298.80834914611006
299.18939393939394
299.56899810964086
299.94716981132075
300.3239171374765
300.69924812030075
301.0731707317073
301.4456928838951
301.81682242990655
302.1865671641791
302.55493482309123
302.92193308550185
303.28756957328386
303.65185185185186
304.0147874306839
304.3763837638376
304.7366482504604
305.09558823529414
305.4532110091743
305.8095238095238
306.164533820841
306.51824817518246
306.87067395264114
307.2218181818182
307.5716878402904
307.92028985507244
308.26763110307417
308.6137184115523
308.95855855855854
309.3021582733813
309.64452423698384
309.98566308243727
310.3255813953488
310.6642857142857
311.0017825311943
311.33807829181495
311.67317939609234
312.0070921985816
312.3398230088496
312.6713780918728
313.0017636684303
313.33098591549293
313.6590509666081
313.9859649122807
314.3117338003503
314.6363636363636
314.95986038394415
315.2822299651568
315.60347826086957
315.9236111111111
316.2426343154246
316.560553633218
316.87737478411054
317.19310344827585
317.5077452667814
317.8213058419244
318.1337907375643
318.44520547945206
318.75555555555553
319.06484641638224
319.37308347529813
319.68027210884355
319.9864176570458
320.2915254237288
320.59560067681895
320.89864864864865
321.2006745362563
321.5016835016835
321.8016806722689
322.1006711409396
322.39865996649917
322.69565217391306
322.991652754591
323.2866666666667
323.5806988352745
323.8737541528239
324.1658374792703
324.4569536423841
324.74710743801654
325.036303630363
325.32454695222407
325.6118421052632
325.8981937602627
326.18360655737706
326.468085106383
326.7516339869281
327.0342577487765
327.3159609120521
327.5967479674797
327.8766233766234
328.15559157212317
328.4336569579288
328.7108239095315
328.98709677419356
329.2624798711755
329.5369774919614
329.81059390048154
330.0833333333333
330.3552
330.6261980830671
330.896331738437
331.1656050955414
331.43402225755165
331.7015873015873
331.96830427892235
332.23417721518985
332.4992101105845
332.7634069400631
333.02677165354334
333.28930817610063
333.55102040816325
333.8119122257053
334.07198748043817
334.33125
334.58970358814355
334.84735202492215
335.104199066874
335.360248447205
335.615503875969
335.86996904024767
336.1236476043277
336.37654320987656
336.6286594761171
336.88
337.1305683563748
337.3803680981595
337.6294027565084
337.8776758409786
338.12519083969465
338.3719512195122
338.6179604261796
338.8632218844985
339.10773899848255
339.3515151515152
339.5945537065053
339.8368580060423
340.078431372549
340.3192771084337
340.5593984962406
340.79879879879877
341.03748125937034
341.2754491017964
341.51270553064273
341.7492537313433
341.9850968703428
342.2202380952381
342.4546805349183
342.6884272997033
342.92148148148146
343.15384615384613
343.3855243722304
343.6165191740413
343.8468335787923
344.0764705882353
344.30543318649046
344.533724340176
344.7613469985359
344.98830409356725
345.21459854014597
345.4402332361516
345.66521106259097
345.88953488372096
346.1132075471698
346.33623188405795
346.5586107091172
346.78034682080926
347.001443001443
347.2219020172911
347.44172661870505
347.6609195402299
347.87948350071736
348.0974212034384
348.3147353361946
348.5314285714286
348.7475035663338
348.962962962963
349.17780938833573
349.39204545454544
349.60567375886524
349.8186968838527
350.031117397454
350.2429378531073
350.4541607898449
350.66478873239436
350.8748241912799
351.0842696629214
351.29312762973353
351.5014005602241
351.7090909090909
351.91620111731845
352.12273361227335
352.32869080779943
352.53407510431157
352.7388888888889
352.94313453536756
353.1468144044321
353.3499308437068
353.5524861878453
353.75448275862067
353.95592286501375
354.15680880330126
354.35714285714283
354.55692729766804
354.75616438356167
354.9548563611491
355.1530054644809
355.3506139154161
355.54768392370573
355.7442176870748
355.9402173913044
356.1356852103121
356.33062330623306
356.5250338294993
356.7189189189189
356.9122807017544
357.10512129380055
357.29744279946163
357.48924731182797
357.6805369127517
357.87131367292227
358.0615796519411
358.2513368983957
358.4405874499332
358.6293333333333
358.8175765645806
359.00531914893617
359.19256308100927
359.37931034482756
359.5655629139073
359.75132275132273
359.93659180977545
360.12137203166225
360.3056653491436
360.4894736842105
360.6727989487516
360.8556430446194
361.03800786369595
361.21989528795814
361.4013071895425
361.5822454308094
361.76271186440675
361.9427083333333
362.1222366710013
362.3012987012987
362.4798962386511
362.6580310880829
362.83570504527813
363.0129198966408
363.18967741935484
363.3659793814433
363.54182754182756
363.7172236503856
363.8921694480103
364.06666666666666
364.2407170294494
364.4143222506394
364.58748403575987
364.76020408163265
364.9324840764331
365.1043256997456
365.2757306226175
365.4467005076142
365.617237008872
365.7873417721519
365.9570164348925
366.12626262626264
366.2950819672131
366.46347607052894
366.6314465408805
366.79899497487435
366.96612296110413
367.1328320802005
367.2991239048811
367.465
367.63046192259674
367.79551122194516
367.9601494396015
368.1243781094527
368.28819875776395
368.4516129032258
368.6146220570012
368.7772277227723
368.9394313967862
369.10123456790126
369.26263871763257
369.42364532019707
369.58425584255843
369.74447174447175
369.9042944785276
370.0637254901961
370.22276621787023
370.38141809290954
370.53968253968253
370.69756097560975
370.85505481120583
371.01216545012164
371.1688942891859
371.3252427184466
371.48121212121214
371.636803874092
371.79201934703747
371.94685990338166
372.1013268998794
372.255421686747
372.4091456077016
372.5625
372.7154861944778
372.86810551558756
373.02035928143715
373.17224880382776
373.3237753882915
373.47494033412886
373.6257449344458
373.7761904761905
373.92627824019024
374.0760095011876
374.22538552787665
374.3744075829384
374.5230769230769
374.6713947990544
374.8193624557261
374.9669811320755
375.1142520612485
375.2611764705882
375.40775558166865
375.55399061032864
375.69988276670574
375.8454332552693
375.9906432748538
376.1355140186916
376.2800466744457
376.42424242424244
376.56810244470313
376.71162790697673
376.8548199767712
376.99767981438515
377.1402085747393
377.2824074074074
377.4242774566474
377.56581986143186
377.70703575547867
377.8479262672811
377.9884925201381
378.1287356321839
378.2686567164179
378.408256880734
378.5475372279496
378.6864988558352
378.82514285714285
378.9634703196347
379.10148232611175
379.2391799544419
379.37656427758816
379.51363636363635
379.6503972758229
379.78684807256235
379.9229898074745
380.05882352941177
380.19435028248586
380.3295711060948
380.4644870349493
380.5990990990991
380.7334083239595
380.8674157303371
381.00112233445566
381.13452914798205
381.26763717805153
381.40044742729305
381.53296089385475
381.66517857142856
381.7971014492754
381.92873051224944
382.0600667408231
382.1911111111111
382.3218645948946
382.4523281596452
382.58250276854926
382.71238938053096
382.84198895027623
382.9713024282561
383.1003307607497
383.22907488986783
383.35753575357535
383.48571428571427
383.61361141602634
383.74122807017545
383.86856516976997
383.9956236323851
384.1224043715847
384.2489082969432
384.3751363140676
384.50108932461876
384.62676822633296
384.75217391304346
384.8773072747014
385.00216919739694
385.1267605633803
385.25108225108227
385.3751351351351
385.49892008639307
385.62243797195254
385.74568965517244
385.8686759956943
385.9913978494624
386.1138560687433
386.2360515021459
386.35798499464096
386.4796573875803
386.6010695187166
386.72222222222223
386.8431163287086
386.9637526652452
387.08413205537806
387.20425531914896
387.3241232731137
387.4437367303609
387.5630965005302
387.68220338983053
387.8010582010582
387.9196617336152
388.03801478352693
388.15611814345993
388.2739726027397
388.39157894736843
388.50893796004203
388.62605042016804
388.74291710388246
388.85953878406707
388.97591623036647
389.092050209205
389.20794148380355
389.3235908141962
389.4389989572471
389.5541666666667
389.6690946930281
389.7837837837838
389.89823468328143
390.0124481327801
390.12642487046634
390.24016563147
390.35367114788005
390.4669421487603
390.5799793601651
390.69278350515464
390.80535530381053
390.917695473251
391.0298047276465
391.1416837782341
391.25333333333333
391.36475409836066
391.4759467758444
391.58691206543966
391.6976506639428
391.8081632653061
391.9184505606524
392.0285132382892
392.1383519837233
392.2479674796748
392.35736040609135
392.46653144016227
392.5754812563323
392.6842105263158
392.7927199191102
392.9010101010101
393.0090817356206
393.116935483871
393.2245720040282
393.3319919517103
393.4391959798995
393.54618473895584
393.6529588766299
393.7595190380762
393.8658658658659
393.972
394.0779220779221
394.18363273453093
394.28913260219343
394.39442231075697
394.4995024875622
394.6043737574553
394.7090367428004
394.81349206349205
394.9177403369673
395.02178217821785
395.1256181998022
395.2292490118577
395.3326752221125
395.43589743589746
395.5389162561576
395.6417322834646
395.74434611602754
395.8467583497053
395.9489695780177
396.0509803921569
396.152791380999
396.25440313111545
396.355816226784
396.45703125
396.5580487804878
396.6588693957115
396.75949367088606
396.8599221789883
396.96015549076776
397.06019417475727
397.1600387972842
397.2596899224806
397.3591481122943
397.458413926499
397.5574879227053
397.65637065637065
397.75506268081006
397.8535645472062
397.9518768046198
398.05
398.147934678194
398.24568138195775
398.34324065196546
398.4406130268199
398.5377990430622
398.6347992351816
398.7316141356256
398.82824427480915
398.9246901811249
399.0209523809524
399.11703139866796
399.212927756654
399.30864197530866
399.404174573055
399.4995260663507
399.594696969697
399.68968779564807
399.7844990548204
399.87913125590177
399.9735849056604
400.0678605089538
400.1619585687382
400.2558795860771
400.3496240601504
400.4431924882629
400.5365853658537
400.6298031865042
400.7228464419476
400.8157156220767
400.9084112149533
401.00093370681606
401.09328358208955
401.18546132339236
401.2774674115456
401.3693023255814
401.46096654275095
401.55246053853296
401.6437847866419
401.73493975903614
401.8259259259259
401.9167437557817
402.00739371534195
402.0978762696214
402.18819188191884
402.2783410138249
402.36832412523023
402.45814167433304
402.5477941176471
402.63728191000916
402.72660550458716
402.81576535288724
402.9047619047619
402.9935956084172
403.08226691042046
403.1707762557078
403.25912408759126
403.34731084776666
403.43533697632057
403.52320291173794
403.6109090909091
403.69845594913716
403.78584392014517
403.8730734360834
403.96014492753625
404.0470588235294
404.13381555153705
404.2204155374887
404.30685920577616
404.3931469792606
404.4792792792793
404.56525652565256
404.65107913669067
404.7367475292004
404.82226211849195
404.9076233183857
404.99283154121866
405.0778871978514
405.16279069767444
405.2475424486148
405.33214285714286
405.41659232827834
405.50089126559715
405.58504007123776
405.66903914590745
405.7528888888889
405.83658969804617
405.92014196983143
406.00354609929076
406.08680248007084
406.16991150442476
406.2528735632184
406.3356890459364
406.4183583406884
406.5008818342152
406.5832599118943
406.6654929577465
406.74758135444154
406.82952548330405
406.91132572431957
406.99298245614034
407.07449605609116
407.1558669001751
407.2370953630796
407.3181818181818
407.39912663755456
407.4799301919721
407.56059285091544
407.6411149825784
407.72149695387293
407.8017391304348
