14.0
15.5
15.0
14.5
14.2
16.666666666666668
19.428571428571427
19.125
18.333333333333332
18.7
18.545454545454547
20.833333333333332
21.384615384615383
23.0
23.2
22.5
24.823529411764707
24.166666666666668
25.0
24.35
24.714285714285715
24.272727272727273
23.869565217391305
23.541666666666668
23.24
23.423076923076923
23.11111111111111
22.892857142857142
22.724137931034484
22.633333333333333
22.387096774193548
22.53125
23.242424242424242
22.970588235294116
23.057142857142857
23.444444444444443
23.16216216216216
23.07894736842105
23.0
22.7
22.70731707317073
22.666666666666668
22.837209302325583
22.977272727272727
22.77777777777778
23.130434782608695
23.085106382978722
23.104166666666668
22.979591836734695
22.82
22.647058823529413
22.596153846153847
22.452830188679247
22.25925925925926
22.545454545454547
22.5
22.42105263157895
22.362068965517242
22.322033898305083
22.183333333333334
22.40983606557377
22.306451612903224
22.317460317460316
22.140625
22.246153846153845
22.12121212121212
22.104477611940297
21.926470588235293
22.10144927536232
22.228571428571428
22.35211267605634
22.26388888888889
22.08219178082192
22.2027027027027
22.906666666666666
23.013157894736842
22.98701298701299
22.871794871794872
23.27848101265823
23.1375
23.074074074074073
23.146341463414632
23.180722891566266
23.273809523809526
23.623529411764707
23.61627906976744
23.57471264367816
23.75
23.651685393258425
23.57777777777778
23.956043956043956
24.02173913043478
24.408602150537636
24.606382978723403
24.705263157894738
24.614583333333332
24.484536082474225
24.357142857142858
24.262626262626263
24.26
24.26732673267327
24.274509803921568
24.533980582524272
24.5
24.752380952380953
24.68867924528302
24.570093457943926
24.63888888888889
24.706422018348626
24.7
24.65765765765766
24.678571428571427
24.716814159292035
25.00877192982456
24.973913043478262
25.0
25.11965811965812
25.110169491525422
25.176470588235293
25.075
25.024793388429753
24.92622950819672
24.910569105691057
25.008064516129032
25.128
25.03968253968254
24.929133858267715
24.9375
24.852713178294575
24.861538461538462
24.977099236641223
25.083333333333332
25.157894736842106
25.14179104477612
25.17037037037037
25.147058823529413
25.32116788321168
25.268115942028984
25.18705035971223
25.178571428571427
25.19148936170213
25.514084507042252
25.482517482517483
25.54861111111111
25.455172413793104
25.458904109589042
25.68027210884354
26.02027027027027
26.181208053691275
26.14
26.410596026490065
26.592105263157894
26.65359477124183
26.61038961038961
26.683870967741935
26.916666666666668
27.32484076433121
27.740506329113924
27.647798742138363
27.69375
27.795031055900623
27.75925925925926
27.70552147239264
27.71951219512195
27.715151515151515
27.981927710843372
28.04191616766467
28.31547619047619
28.597633136094675
28.523529411764706
28.71345029239766
28.767441860465116
28.872832369942195
29.385057471264368
29.89142857142857
30.119318181818183
30.056497175141242
30.15730337078652
30.391061452513966
31.02777777777778
31.12154696132597
31.39010989010989
31.311475409836067
31.22826086956522
31.313513513513513
31.392473118279568
31.406417112299465
31.70212765957447
31.70899470899471
31.705263157894738
31.984293193717278
32.145833333333336
32.170984455958546
32.51030927835052
32.55384615384615
32.474489795918366
32.93908629441624
32.89393939393939
33.27638190954774
33.48
33.74626865671642
34.32178217821782
35.19211822660098
35.818627450980394
36.4
36.58252427184466
36.64734299516908
36.82211538461539
37.301435406698566
38.0
38.60663507109005
40.070754716981135
40.53521126760563
41.56542056074766
42.58139534883721
43.245370370370374
44.21198156682028
45.15596330275229
45.986301369863014
46.92272727272727
47.86425339366516
49.04054054054054
49.847533632286996
50.870535714285715
52.43555555555555
52.9070796460177
54.17180616740088
55.6578947368421
57.0
58.8304347826087
60.63636363636363
62.375
64.25321888412017
65.7008547008547
67.35744680851064
68.90677966101696
70.72573839662448
72.52941176470588
74.31799163179916
76.09166666666667
77.850622406639
79.59504132231405
81.32510288065843
83.04098360655738
84.74285714285715
86.4308943089431
88.10526315789474
89.76612903225806
91.4136546184739
93.048
94.66932270916335
96.27777777777777
97.87351778656127
99.45669291338582
101.02745098039216
102.5859375
104.13229571984436
105.66666666666667
107.1891891891892
108.7
110.19923371647509
111.68702290076335
113.16349809885932
114.62878787878788
116.08301886792452
117.52631578947368
118.95880149812734
120.38059701492537
121.7918215613383
123.19259259259259
124.58302583025831
125.96323529411765
127.33333333333333
128.6934306569343
130.04363636363635
131.3840579710145
132.71480144404333
134.0359712230216
135.34767025089604
136.65
137.94306049822063
139.22695035460993
140.5017667844523
141.76760563380282
143.02456140350878
144.27272727272728
145.5121951219512
146.74305555555554
147.96539792387543
149.1793103448276
150.3848797250859
151.58219178082192
152.77133105802048
153.95238095238096
155.12542372881356
156.29054054054055
157.44781144781146
158.59731543624162
159.7391304347826
160.87333333333333
162.0
163.11920529801324
164.23102310231022
165.33552631578948
166.4327868852459
167.52287581699346
168.6058631921824
169.6818181818182
170.75080906148867
171.81290322580645
172.86816720257235
173.91666666666666
174.95846645367413
175.9936305732484
177.0222222222222
178.04430379746836
179.05993690851736
180.0691823899371
181.07210031347964
182.06875
183.05919003115264
184.04347826086956
185.02167182662538
185.99382716049382
186.96
187.920245398773
188.87461773700306
189.8231707317073
190.7659574468085
191.7030303030303
192.63444108761328
193.56024096385542
194.48048048048048
195.39520958083833
196.30447761194029
197.20833333333334
198.10682492581603
199.0
199.88790560471978
200.77058823529413
201.64809384164224
202.5204678362573
203.3877551020408
204.25
205.1072463768116
205.95953757225433
206.80691642651297
207.6494252873563
208.487106017192
209.32
210.14814814814815
210.9715909090909
211.79036827195466
212.6045197740113
213.41408450704225
214.2191011235955
215.01960784313727
215.81564245810057
216.60724233983288
217.39444444444445
218.17728531855957
218.95580110497238
219.73002754820936
220.5
221.26575342465753
222.02732240437157
222.78474114441417
223.53804347826087
224.28726287262873
225.03243243243244
225.77358490566039
226.51075268817203
227.24396782841822
227.97326203208556
228.69866666666667
229.42021276595744
230.13793103448276
230.85185185185185
231.56200527704485
232.26842105263157
232.9711286089239
233.67015706806282
234.36553524804177
235.05729166666666
235.74545454545455
236.4300518134715
237.11111111111111
237.78865979381445
238.46272493573264
239.13333333333333
239.80051150895142
240.46428571428572
241.12468193384223
241.78172588832487
242.4354430379747
243.08585858585857
243.7329974811083
244.37688442211055
245.01754385964912
245.655
246.28927680798006
246.92039800995025
247.5483870967742
248.17326732673268
248.79506172839507
249.41379310344828
250.02948402948402
250.6421568627451
251.2518337408313
251.85853658536584
252.46228710462287
253.0631067961165
253.66101694915255
254.256038647343
254.84819277108434
255.4375
256.0239808153477
256.60765550239233
257.1885441527446
257.76666666666665
258.34204275534444
258.91469194312793
259.48463356973997
260.0518867924528
260.6164705882353
261.17840375586854
261.73770491803276
262.2943925233645
262.8484848484849
263.4
263.9489559164733
264.4953703703704
265.0392609699769
265.5806451612903
266.11954022988505
266.6559633027523
267.1899313501144
267.72146118721463
268.250569476082
268.7772727272727
269.3015873015873
269.8235294117647
270.3431151241535
270.86036036036035
271.3752808988764
271.88789237668163
272.39821029082776
272.90625
273.4120267260579
273.91555555555556
274.4168514412417
274.9159292035398
275.4128035320088
275.90748898678413
276.4
276.890350877193
277.3785557986871
277.8646288209607
278.3485838779956
278.8304347826087
279.31019522776575
279.7878787878788
280.2634989200864
280.73706896551727
281.2086021505376
281.6781115879828
282.1456102783726
282.6111111111111
283.07462686567163
283.53617021276597
283.99575371549895
284.45338983050846
284.90909090909093
285.36286919831224
285.8147368421053
286.2647058823529
286.7127882599581
287.1589958158996
287.60334029227556
288.04583333333335
288.4864864864865
288.9253112033195
289.3623188405797
289.797520661157
290.23092783505155
290.6625514403292
291.0924024640657
291.5204918032787
291.9468302658487
292.37142857142857
292.79429735234214
293.2154471544715
293.6348884381339
294.05263157894734
294.46868686868686
294.883064516129
295.2957746478873
295.7068273092369
296.11623246492985
296.524
296.9301397205589
297.33466135458167
297.7375745526839
298.1388888888889
298.5386138613861
298.9367588932806
299.3333333333333
299.7283464566929
300.1218074656189
300.51372549019607
300.90410958904107
301.29296875
301.6803118908382
302.0661478599222
302.4504854368932
302.8333333333333
303.2147001934236
303.5945945945946
303.9730250481696
304.35
304.72552783109404
305.09961685823754
305.472275334608
305.8435114503817
306.2133333333333
306.5817490494297
306.94876660341555
307.31439393939394
307.67863894139884
308.0415094339623
308.4030131826742
308.7631578947368
309.1219512195122
309.47940074906364
309.8355140186916
310.19029850746267
310.5437616387337
310.89591078066917
311.24675324675326
311.5962962962963
311.9445471349353
312.29151291512915
312.63720073664825
312.98161764705884
313.3247706422018
313.6666666666667
314.0073126142596
314.34671532846716
314.6848816029144
315.02181818181816
315.35753176043556
315.69202898550725
316.0253164556962
316.3574007220217
316.6882882882883
317.01798561151077
317.34649910233395
317.673835125448
318.0
318.325
318.6488413547237
318.97153024911034
319.2930728241563
319.61347517730496
319.93274336283184
320.25088339222617
320.5679012345679
320.88380281690144
321.1985940246046
321.5122807017544
321.8248686514886
322.1363636363636
322.44677137870855
322.7560975609756
323.06434782608693
323.37152777777777
323.6776429809359
323.98269896193773
324.286701208981
324.5896551724138
324.89156626506025
325.192439862543
325.49228130360206
325.791095890411
326.0888888888889
326.3856655290102
326.6814310051107
326.9761904761905
327.26994906621394
327.56271186440677
327.8544839255499
328.14527027027026
328.43507588532884
328.7239057239057
329.01176470588234
329.2986577181208
329.58458961474037
329.8695652173913
330.1535893155259
330.43666666666667
330.7188019966722
331.0
331.28026533996683
331.55960264900665
331.8380165289256
332.1155115511551
332.39209225700165
332.66776315789474
332.9425287356322
333.216393442623
333.48936170212767
333.76143790849676
334.03262642740617
334.3029315960912
334.5723577235772
334.84090909090907
335.1085899513776
335.37540453074433
335.64135702746364
335.90645161290325
336.170692431562
336.43408360128615
336.69662921348316
336.9583333333333
337.2192
337.47923322683704
337.7384370015949
337.9968152866242
338.2543720190779
338.5111111111111
338.7670364500792
339.0221518987342
339.27646129541864
339.52996845425866
339.78267716535436
340.0345911949685
340.2857142857143
340.5360501567398
340.78560250391234
341.034375
341.28237129485177
341.5295950155763
341.77604976671853
342.0217391304348
342.26666666666665
342.5108359133127
342.7542503863988
342.99691358024694
343.2388289676425
343.48
343.7204301075269
343.9601226993865
344.1990811638591
344.43730886850153
344.67480916030536
344.9115853658537
345.1476407914764
345.3829787234043
345.6176024279211
345.8515151515152
346.08472012102874
346.3172205438066
346.54901960784315
346.7801204819277
347.0105263157895
347.24024024024027
347.4692653673163
347.6976047904192
347.9252615844544
348.15223880597017
348.3785394932936
348.6041666666667
348.8291233283804
349.053412462908
349.277037037037
349.5
349.72230428360416
349.9439528023599
350.16494845360825
350.38529411764705
350.6049926578561
350.8240469208211
351.0424597364568
351.2602339181287
351.4773722627737
351.6938775510204
351.9097525473071
352.125
352.33962264150944
352.5536231884058
352.767004341534
352.9797687861272
353.19191919191917
353.4034582132565
353.61438848920864
353.82471264367814
354.03443328550935
354.243553008596
354.45207439198856
354.66
354.86733238231096
355.0740740740741
355.2802275960171
355.48579545454544
355.69078014184396
355.89518413597733
356.0990099009901
356.3022598870057
356.5049365303244
356.70704225352114
356.9085794655415
357.10955056179773
357.3099579242637
357.5098039215686
357.7090909090909
357.9078212290503
358.1059972105997
358.3036211699164
358.50069541029205
358.6972222222222
358.8932038834951
359.0886426592798
359.283540802213
359.4779005524862
359.67172413793105
359.8650137741047
360.0577716643741
360.25
360.44170096021946
360.63287671232877
360.8235294117647
361.0136612021858
361.20327421555254
361.3923705722071
361.5809523809524
361.76902173913044
361.95658073270016
362.14363143631437
362.3301759133965
362.5162162162162
362.70175438596493
362.8867924528302
363.07133243607
363.255376344086
363.43892617449666
363.6219839142091
363.8045515394913
363.9866310160428
364.1682242990654
364.34933333333333
364.5299600532623
364.7101063829787
364.8897742363878
365.0689655172414
365.2476821192053
365.4259259259259
365.6036988110964
365.7810026385224
365.95783926218706
366.13421052631577
366.3101182654402
366.48556430446195
366.6605504587156
366.8350785340314
367.0091503267974
367.18276762402087
367.35593220338984
367.5286458333333
367.70091027308194
367.8727272727273
368.0440985732815
368.2150259067358
368.385510996119
368.55555555555554
368.7251612903226
368.8943298969072
369.06306306306305
369.23136246786635
369.3992297817715
369.56666666666666
369.7336747759283
369.9002557544757
370.066411238825
370.23214285714283
370.39745222929935
370.5623409669211
370.7268106734435
370.89086294416245
371.05449936628645
371.21772151898733
371.3805309734513
371.5429292929293
371.7049180327869
371.86649874055416
372.0276729559748
372.1884422110553
372.34880803011293
372.50877192982455
372.6683354192741
372.8275
372.98626716604247
373.14463840399003
373.30261519302616
373.46019900497515
373.61739130434785
373.7741935483871
373.93060718711274
374.08663366336634
374.24227441285535
374.3975308641975
374.55240443896423
374.7068965517241
374.8610086100861
375.014742014742
375.1680981595092
375.32107843137254
375.4736842105263
375.62591687041567
375.77777777777777
375.92926829268293
376.0803897685749
376.23114355231144
376.3815309842041
376.53155339805824
376.6812121212121
376.8305084745763
376.9794437726723
377.1280193236715
377.276236429433
377.42409638554216
377.5716004813478
377.71875
377.8655462184874
378.01199040767386
378.1580838323353
378.3038277511962
378.44922341696537
378.5942720763723
378.7389749702026
378.8833333333333
379.0273483947681
379.1710213776722
379.3143534994069
379.457345971564
379.6
379.74231678486996
379.88429752066116
380.0259433962264
380.16725559481745
380.30823529411765
380.448883666275
380.5892018779343
380.72919109026964
380.8688524590164
381.0081871345029
381.14719626168227
381.28588098016337
381.42424242424244
381.5622817229336
381.7
381.8373983739837
381.97447795823666
382.11123986095015
382.24768518518516
382.3838150289017
382.51963048498845
382.6551326412918
382.7903225806452
382.9252013808976
383.0597701149425
383.1940298507463
383.32798165137615
383.4616265750286
383.5949656750572
383.728
383.8607305936073
383.99315849486885
384.125284738041
384.25711035267346
384.38863636363635
384.5198637911464
384.6507936507937
384.7814269535674
384.9117647058824
385.04180790960453
385.17155756207677
385.30101465614433
385.4301801801802
385.5590551181102
385.6876404494382
385.8159371492705
385.9439461883408
386.0716685330347
386.19910514541385
386.3262569832402
386.453125
386.57971014492756
386.70601336302894
386.83203559510565
386.9577777777778
387.0832408435072
387.2084257206208
387.3333333333333
387.4579646017699
387.58232044198894
387.70640176600443
387.83020948180814
387.9537444933921
388.0770077007701
388.2
388.3227222832053
388.4451754385965
388.5673603504929
388.68927789934355
388.81092896174863
388.93231441048033
389.0534351145038
389.17429193899784
389.2948857453754
389.41521739130434
389.5352877307275
389.65509761388284
389.77464788732397
389.8939393939394
390.012972972973
390.1317494600432
390.25026968716287
390.3685344827586
390.48654467169
390.60430107526884
390.7218045112782
390.8390557939914
390.9560557341908
391.0728051391863
391.1893048128342
391.30555555555554
391.42155816435434
391.53731343283584
391.6528221512247
391.76808510638296
391.88310308182787
391.9978768577495
392.11240721102865
392.22669491525426
392.3407407407407
392.45454545454544
392.56810982048574
392.6814345991561
392.7945205479452
392.90736842105264
393.01997896950576
393.13235294117646
393.2444910807975
393.35639412997904
393.46806282722514
393.5794979079498
393.6907001044932
393.8016701461378
393.9124087591241
394.0229166666667
394.13319458896984
394.2432432432432
394.35306334371757
394.4626556016598
394.5720207253886
394.6811594202899
394.79007238883145
394.8987603305785
395.00722394220844
395.1154639175258
395.22348094747684
395.3312757201646
395.43884892086334
395.54620123203284
395.6533333333333
395.76024590163934
395.86693961105425
395.97341513292434
396.0796731358529
396.1857142857143
396.2915392456677
396.39714867617107
396.5025432349949
396.6077235772358
396.7126903553299
396.81744421906694
396.92198581560285
397.0263157894737
397.1304347826087
397.23434343434343
397.3380423814329
397.4415322580645
397.5448136958711
397.6478873239437
397.7507537688442
397.85341365461846
397.95586760280844
398.05811623246495
398.16016016016016
398.262
398.3636363636364
398.4650698602794
398.5663010967099
398.66733067729086
398.7681592039801
398.86878727634195
398.9692154915591
399.06944444444446
399.16947472745295
399.26930693069306
399.36894164193865
399.4683794466403
399.56762092793684
399.6666666666667
399.7655172413793
399.86417322834643
399.9626352015733
400.06090373280944
400.15897939156037
400.25686274509803
400.3545543584721
400.45205479452056
400.54936461388075
400.646484375
400.74341463414635
400.8401559454191
400.9367088607595
401.03307392996106
401.1292517006803
401.2252427184466
401.3210475266731
401.4166666666667
401.51210067763793
401.6073500967118
401.7024154589372
401.7972972972973
401.8919961427194
401.9865125240848
402.0808469682387
402.175
402.268972142171
402.362763915547
402.4563758389262
402.5498084291188
402.64306220095693
402.73613766730404
402.829035339064
402.92175572519085
403.0142993326978
403.1066666666667
403.1988582302569
403.2908745247148
403.38271604938274
403.4743833017078
403.56587677725116
403.657196969697
403.74834437086093
403.8393194706994
403.9301227573182
404.0207547169811
404.11121583411875
404.2015065913371
404.29162746942615
404.38157894736844
404.4713615023474
404.5609756097561
404.65042174320524
404.7397003745318
404.8288119738073
404.9177570093458
405.0065359477124
405.09514925373134
405.18359739049396
405.27188081936686
405.36
405.4479553903346
405.53574744661097
405.6233766233766
405.71084337349396
405.79814814814813
405.88529139685477
405.97227356746765
406.05909510618653
406.1457564575646
406.23225806451615
406.3186003683241
406.40478380864766
406.4908088235294
406.5766758494031
406.66238532110094
406.74793767186065
406.8333333333333
406.91857273559015
407.0036563071298
407.08858447488586
407.17335766423355
407.2579762989973
407.3424408014572
407.4267515923567
407.5109090909091
407.5949137148047
407.6787658802178
407.7624660018132
407.8460144927536
407.9294117647059
408.0126582278481
408.09575429087624
408.17870036101084
408.2614968440036
408.34414414414414
408.4266426642664
408.5089928057554
408.59119496855345
408.673249551167
408.75515695067264
408.836917562724
408.91853178155776
409.0
409.08132260947275
409.1625
409.2435325602141
409.32442067736184
409.40516473731077
409.48576512455514
409.5662222222222
409.64653641207815
409.72670807453414
409.8067375886525
409.88662533215233
409.9663716814159
410.04597701149424
410.12544169611306
410.2047661076787
410.28395061728395
410.36299559471365
410.4419014084507
410.5206684256816
410.59929701230226
410.6777875329236
410.7561403508772
410.83435582822085
