16.0
24.0
21.666666666666668
18.75
21.8
21.666666666666668
25.714285714285715
25.125
24.88888888888889
24.8
24.0
23.25
22.692307692307693
22.714285714285715
22.6
22.0
22.235294117647058
22.5
22.473684210526315
22.2
22.61904761904762
22.136363636363637
23.73913043478261
24.5
24.44
24.692307692307693
24.296296296296298
24.785714285714285
24.689655172413794
24.566666666666666
24.29032258064516
24.09375
25.636363636363637
25.264705882352942
25.34285714285714
25.11111111111111
26.324324324324323
26.026315789473685
26.05128205128205
25.75
26.024390243902438
25.714285714285715
25.86046511627907
25.59090909090909
25.266666666666666
25.608695652173914
25.48936170212766
25.270833333333332
25.142857142857142
25.36
25.764705882352942
25.76923076923077
25.660377358490567
25.90740740740741
25.672727272727272
25.517857142857142
25.350877192982455
25.310344827586206
25.10169491525424
25.0
24.80327868852459
24.838709677419356
24.96825396825397
24.765625
24.692307692307693
24.545454545454547
24.62686567164179
24.470588235294116
24.36231884057971
24.2
24.154929577464788
24.01388888888889
23.82191780821918
23.7972972972973
23.68
23.763157894736842
23.974025974025974
23.833333333333332
23.734177215189874
23.5875
23.45679012345679
23.329268292682926
23.349397590361445
23.38095238095238
23.28235294117647
23.5
23.49425287356322
23.477272727272727
23.46067415730337
23.38888888888889
23.36263736263736
24.934782608695652
25.21505376344086
25.393617021276597
25.53684210526316
25.4375
25.515463917525775
25.367346938775512
25.474747474747474
25.35
25.594059405940595
25.519607843137255
25.49514563106796
25.432692307692307
25.323809523809523
25.650943396226417
25.598130841121495
25.462962962962962
25.44954128440367
25.427272727272726
25.52252252252252
25.392857142857142
25.336283185840706
25.24561403508772
25.2
25.25
25.247863247863247
25.127118644067796
25.294117647058822
25.175
25.082644628099175
25.049180327868854
25.333333333333332
25.419354838709676
25.456
25.373015873015873
25.330708661417322
25.484375
25.4031007751938
25.453846153846154
25.519083969465647
25.681818181818183
25.60902255639098
25.582089552238806
25.466666666666665
25.669117647058822
25.78832116788321
26.384057971014492
26.388489208633093
26.32857142857143
26.21276595744681
26.302816901408452
26.27972027972028
26.21527777777778
26.2
26.089041095890412
26.08843537414966
26.385135135135137
26.516778523489933
26.566666666666666
27.019867549668874
26.980263157894736
27.575163398692812
27.642857142857142
27.625806451612902
27.608974358974358
27.770700636942674
28.272151898734176
28.264150943396228
28.3
28.571428571428573
28.51851851851852
28.69325153374233
29.091463414634145
29.272727272727273
29.216867469879517
29.21556886227545
29.11904761904762
29.224852071005916
29.223529411764705
29.146198830409357
29.343023255813954
29.421965317919074
29.396551724137932
29.365714285714287
29.72159090909091
29.72316384180791
29.65730337078652
30.18435754189944
30.144444444444446
30.23204419889503
30.5989010989011
30.792349726775956
31.141304347826086
31.248648648648647
31.193548387096776
31.13368983957219
31.148936170212767
31.142857142857142
31.4
31.408376963350786
31.395833333333332
31.352331606217618
31.95360824742268
31.923076923076923
31.882653061224488
32.29441624365482
32.57070707070707
33.48743718592965
34.225
34.691542288557216
34.777227722772274
35.399014778325125
36.127450980392155
36.11219512195122
36.70873786407767
37.35748792270532
37.36538461538461
37.38277511961722
37.904761904761905
38.43127962085308
38.613207547169814
39.4037558685446
40.81308411214953
41.46511627906977
43.02777777777778
43.8479262672811
44.5045871559633
45.342465753424655
45.79090909090909
46.70135746606335
48.252252252252255
49.856502242152466
50.714285714285715
52.71111111111111
54.690265486725664
56.647577092511014
58.37280701754386
60.301310043668124
61.447826086956525
63.34632034632035
65.22844827586206
67.09442060085837
68.72649572649573
70.56170212765957
72.38135593220339
74.18565400843882
75.97478991596638
77.7489539748954
79.50833333333334
81.25311203319502
82.98347107438016
84.69958847736625
86.40163934426229
88.08979591836734
89.76422764227642
91.4251012145749
93.0725806451613
94.70682730923694
96.328
97.93625498007968
99.53174603174604
101.11462450592886
102.68503937007874
104.24313725490197
105.7890625
107.32295719844358
108.84496124031008
110.35521235521236
111.85384615384615
113.34099616858238
114.81679389312977
116.28136882129277
117.73484848484848
119.17735849056604
120.60902255639098
122.02996254681648
123.44029850746269
124.84014869888476
126.22962962962963
127.60885608856088
128.97794117647058
130.33699633699635
131.68613138686132
133.02545454545455
134.35507246376812
135.67509025270758
136.98561151079136
138.28673835125448
139.57857142857142
140.8612099644128
142.13475177304966
143.3992932862191
144.6549295774648
145.90175438596492
147.13986013986013
148.36933797909407
149.59027777777777
150.80276816608998
152.00689655172414
153.20274914089347
154.3904109589041
155.56996587030716
156.74149659863946
157.9050847457627
159.0608108108108
160.20875420875421
161.3489932885906
162.48160535117057
163.60666666666665
164.72425249169436
165.83443708609272
166.93729372937293
168.0328947368421
169.12131147540984
170.20261437908496
171.27687296416937
172.34415584415584
173.40453074433657
174.45806451612904
175.5048231511254
176.5448717948718
177.57827476038338
178.60509554140128
179.62539682539682
180.63924050632912
181.64668769716087
182.64779874213838
183.6426332288401
184.63125
185.61370716510905
186.59006211180125
187.56037151702787
188.52469135802468
189.48307692307694
190.43558282208588
191.3822629969419
192.3231707317073
193.25835866261397
194.1878787878788
195.1117824773414
196.03012048192772
196.94294294294295
197.85029940119762
198.75223880597014
199.64880952380952
200.540059347181
201.42603550295857
202.30678466076697
203.18235294117648
204.05278592375367
204.91812865497076
205.7784256559767
206.63372093023256
207.4840579710145
208.32947976878611
209.1700288184438
210.00574712643677
210.83667621776505
211.66285714285715
212.48433048433048
213.30113636363637
214.11331444759207
214.92090395480227
215.72394366197184
216.52247191011236
217.31652661064425
218.10614525139664
218.89136490250695
219.67222222222222
220.4487534626039
221.22099447513813
221.98898071625345
222.75274725274724
223.51232876712328
224.26775956284152
225.0190735694823
225.7663043478261
226.50948509485096
227.24864864864864
227.98382749326146
228.71505376344086
229.44235924932977
230.1657754010695
230.88533333333334
231.60106382978722
232.3129973474801
233.02116402116403
233.72559366754618
234.42631578947368
235.1233595800525
235.81675392670158
236.5065274151436
237.19270833333334
237.87532467532466
238.5544041450777
239.22997416020672
239.9020618556701
240.5706940874036
241.23589743589744
241.89769820971867
242.55612244897958
243.21119592875317
243.86294416243655
244.5113924050633
245.15656565656565
245.79848866498742
246.43718592964825
247.07268170426065
247.705
248.33416458852867
248.96019900497512
249.58312655086849
250.2029702970297
250.81975308641975
251.43349753694582
252.04422604422604
252.65196078431373
253.25672371638143
253.85853658536584
254.45742092457422
255.05339805825244
255.64648910411623
256.2367149758454
256.8240963855422
257.40865384615387
257.9904076738609
258.5693779904306
259.145584725537
259.7190476190476
260.28978622327793
260.85781990521326
261.4231678486998
261.9858490566038
262.5458823529412
263.1032863849765
263.6580796252927
264.2102803738318
264.75990675990676
265.30697674418604
265.85150812064967
266.39351851851853
266.93302540415704
267.4700460829493
268.0045977011494
268.5366972477064
269.06636155606407
269.5936073059361
270.11845102505697
270.6409090909091
271.1609977324263
271.6787330316742
272.1941309255079
272.7072072072072
273.2179775280899
273.72645739910314
274.2326621923937
274.73660714285717
275.23830734966594
275.73777777777775
276.2350332594235
276.7300884955752
277.22295805739515
277.7136563876652
278.2021978021978
278.68859649122805
279.17286652078775
279.65502183406113
280.1350762527233
280.61304347826086
281.0889370932755
281.56277056277054
282.0345572354212
282.50431034482756
282.9720430107527
283.43776824034336
283.9014989293362
284.36324786324786
284.8230277185501
285.2808510638298
285.7367303609342
286.1906779661017
286.6427061310782
287.09282700421943
287.54105263157896
287.9873949579832
288.43186582809227
288.8744769874477
289.3152400835073
289.75416666666666
290.1912681912682
290.62655601659753
291.0600414078675
291.4917355371901
291.9216494845361
292.3497942386831
292.77618069815196
293.20081967213116
293.62372188139057
294.0448979591837
294.46435845213847
294.8821138211382
295.29817444219066
295.7125506072874
296.1252525252525
296.53629032258067
296.9456740442656
297.35341365461846
297.7595190380762
298.164
298.56686626746506
298.9681274900398
299.36779324055664
299.765873015873
300.1623762376238
300.55731225296444
300.9506903353057
301.34251968503935
301.73280943025543
302.121568627451
302.5088062622309
302.89453125
303.27875243664715
303.66147859922177
304.04271844660195
304.42248062015506
304.8007736943907
305.17760617760615
305.55298651252406
305.92692307692306
306.29942418426106
306.6704980842912
307.0401529636711
307.4083969465649
307.7752380952381
308.1406844106464
308.5047438330171
308.86742424242425
309.2287334593573
309.588679245283
309.9472693032015
310.3045112781955
310.66041275797375
311.01498127340824
311.36822429906545
311.72014925373134
312.0707635009311
312.42007434944236
312.76808905380335
313.1148148148148
313.46025878003695
313.8044280442804
314.1473296500921
314.4889705882353
314.8293577981651
315.16849816849816
315.50639853747714
315.8430656934307
316.1785063752277
316.51272727272726
316.8457350272232
317.17753623188406
317.50813743218805
317.8375451263538
318.16576576576574
318.4928057553957
318.81867145421904
319.14336917562724
319.46690518783544
319.7892857142857
320.11051693404636
320.43060498220643
320.7495559502664
321.0673758865248
321.38407079646015
321.69964664310953
322.0141093474427
322.3274647887324
322.6397188049209
322.95087719298243
323.26094570928194
323.5699300699301
323.8778359511344
324.18466898954705
324.4904347826087
324.7951388888889
325.0987868284229
325.401384083045
325.7029360967185
326.00344827586207
326.302925989673
326.60137457044675
326.8987993138937
327.19520547945206
327.4905982905983
327.7849829351536
328.0783645655877
328.3707482993197
328.6621392190153
328.95254237288134
329.2419627749577
329.5304054054054
329.8178752107926
330.1043771043771
330.3899159663866
330.6744966442953
330.95812395309883
331.24080267558526
331.5225375626043
331.80333333333334
332.08319467554077
332.36212624584715
332.6401326699834
332.9172185430464
333.1933884297521
333.4686468646865
333.74299835255357
334.01644736842104
334.28899835796386
334.5606557377049
334.8314238952537
335.10130718954247
335.37030995106034
335.63843648208467
335.90569105691054
336.1720779220779
336.4376012965964
336.7022653721683
336.96607431340874
337.22903225806454
337.4911433172303
337.7524115755627
338.01284109149276
338.2724358974359
338.5312
338.7891373801917
339.0462519936204
339.30254777070064
339.55802861685214
339.8126984126984
340.0665610142631
340.31962025316454
340.57187993680884
340.82334384858046
341.0740157480315
341.32389937106916
341.5729984301413
341.8213166144201
342.06885758998436
342.315625
342.5616224648986
342.80685358255454
343.05132192846037
343.2950310559006
343.537984496124
343.78018575851394
344.02163833075736
344.26234567901236
344.50231124807397
344.7415384615385
344.9800307219662
345.2177914110429
345.45482388973966
345.69113149847095
345.9267175572519
346.1615853658537
346.39573820395736
346.629179331307
346.86191198786037
347.0939393939394
347.3252647503782
347.5558912386707
347.78582202111613
348.01506024096386
348.24360902255637
348.4714714714715
348.69865067466264
348.9251497005988
349.1509715994021
349.37611940298507
349.6005961251863
349.82440476190476
350.0475482912333
350.2700296735905
350.49185185185183
350.7130177514793
350.9335302806499
351.1533923303835
351.3726067746686
351.5911764705882
351.8091042584435
352.0263929618768
352.24304538799413
352.4590643274854
352.6744525547445
352.88921282798833
353.1033478893741
353.3168604651163
353.5297532656023
353.74202898550726
353.95369030390736
354.16473988439304
354.3751803751804
354.5850144092219
354.79424460431653
355.0028735632184
355.2109038737446
355.4183381088825
355.6251788268956
355.83142857142855
356.037089871612
356.24216524216524
356.44665718349927
356.6505681818182
356.8539007092199
357.05665722379604
357.2588401697313
357.46045197740114
357.66149506346966
357.8619718309859
358.0618846694796
358.2612359550562
358.4600280504909
358.6582633053221
358.85594405594406
359.05307262569835
359.24965132496516
359.4456824512535
359.6411682892907
359.8361111111111
360.03051317614427
360.22437673130196
360.417704011065
360.61049723756906
360.80275862068964
360.9944903581267
361.1856946354883
361.3763736263736
361.5665294924554
361.75616438356167
361.9452804377565
362.1338797814208
362.3219645293315
362.50953678474116
362.6965986394558
362.88315217391306
363.0691994572592
363.25474254742545
363.4397834912043
363.62432432432433
363.80836707152497
363.9919137466307
364.1749663526245
364.35752688172045
364.53959731543625
364.7211796246649
364.90227576974564
365.08288770053474
365.2630173564753
365.44266666666664
365.62183754993345
365.8005319148936
365.97875166002655
366.15649867374003
366.33377483443707
366.510582010582
366.68692206076616
366.8627968337731
367.03820816864294
367.21315789473687
367.3876478318003
367.56167979002623
367.73525557011794
367.9083769633508
368.081045751634
368.2532637075718
368.4250325945241
368.5963541666667
368.7672301690507
368.93766233766235
369.1076523994812
369.27720207253884
369.4463130659767
369.61498708010333
369.78322580645164
369.95103092783506
370.1184041184041
370.2853470437018
370.45186136071885
370.6179487179487
370.7836107554417
370.94884910485933
371.11366538952745
371.2780612244898
371.4420382165605
371.6055979643766
371.7687420584498
371.93147208121826
372.0937896070976
372.2556962025316
372.41719342604296
372.57828282828285
372.7389659520807
372.8992443324937
373.0591194968554
373.2185929648241
373.37766624843164
373.5363408521303
373.69461827284107
373.8525
374.0099875156055
374.16708229426433
374.32378580323785
374.4800995024876
374.6360248447205
374.79156327543427
374.9467162329616
375.1014851485148
375.2558714462299
375.40987654320986
375.5635018495684
375.7167487684729
375.869618696187
376.02211302211305
376.1742331288344
376.32598039215685
376.4773561811505
376.6283618581907
376.77899877899875
376.92926829268293
377.07917174177834
377.2287104622871
377.3778857837181
377.52669902912623
377.6751515151515
377.8232445520581
377.97097944377265
378.1183574879227
378.26537997587457
378.41204819277107
378.5583634175692
378.7043269230769
378.8499399759904
378.99520383693044
379.140119760479
379.28468899521533
379.4289127837515
379.5727923627685
379.71632896305124
379.8595238095238
380.0023781212842
380.14489311163896
380.2870699881376
380.42890995260666
380.57041420118344
380.7115839243499
380.85242030696577
380.9929245283019
381.133097762073
381.27294117647057
381.41245593419507
381.55164319248826
381.6905041031653
381.8290398126464
381.9672514619883
382.1051401869159
382.242707117853
382.3799533799534
382.51688009313153
382.653488372093
382.7897793263647
382.92575406032483
383.0614136732329
383.19675925925924
383.33179190751446
383.46651270207855
383.60092272202996
383.7350230414747
383.86881472957424
384.00229885057473
384.13547646383466
384.2683486238532
384.4009163802978
384.53318077803203
384.6651428571429
384.79680365296804
384.92816419612313
385.0592255125285
385.18998862343574
385.32045454545454
385.4506242905789
385.58049886621313
385.7100792751982
385.8393665158371
385.96836158192093
386.09706546275396
386.22547914317926
386.35360360360363
386.4814398200225
386.60898876404497
386.73625140291807
386.86322869955154
386.989921612542
387.11633109619686
387.2424581005587
387.36830357142856
387.4938684503902
387.61915367483294
387.7441601779755
387.8688888888889
387.9933407325194
388.11751662971176
388.24141749723145
388.36504424778764
388.4883977900553
388.61147902869754
388.7342888643881
388.8568281938326
388.979097909791
389.1010989010989
389.22283205268934
389.344298245614
389.46549835706463
389.58643326039385
389.7071038251366
389.82751091703057
389.94765539803706
390.0675381263617
390.18715995647443
390.30652173913046
390.4256243213898
390.54446854663775
390.66305525460456
390.78138528138527
390.8994594594595
391.0172786177106
391.1348435814455
391.2521551724138
391.3692142088267
391.48602150537636
391.6025778732546
391.71888412017165
391.8349410503751
391.9507494646681
392.0663101604278
392.1816239316239
392.2966915688367
392.41151385927503
392.52609158679445
392.6404255319149
392.7545164718385
392.8683651804671
392.9819724284199
393.09533898305085
393.2084656084656
393.3213530655391
393.43400211193244
393.5464135021097
393.65858798735513
393.7705263157895
393.882229232387
393.9936974789916
394.1049317943337
394.2159329140461
394.32670157068065
394.43723849372384
394.54754440961335
394.65762004175366
394.7674661105318
394.87708333333336
394.98647242455775
395.09563409563407
395.20456905503636
395.31327800829877
395.4217616580311
395.53002070393376
395.63805584281283
395.745867768595
395.85345717234264
395.960824742268
396.0679711637487
396.17489711934155
396.28160328879756
396.388090349076
396.494358974359
396.6004098360656
396.7062436028659
396.8118609406953
396.9172625127681
397.02244897959184
397.12742099898065
397.23217922606926
397.33672431332656
397.4410569105691
397.54517766497463
397.64908722109533
397.7527862208713
397.8562753036437
397.95955510616784
398.0626262626263
398.1654894046418
398.2681451612903
398.3705941591138
398.4728370221328
398.5748743718593
398.67670682730926
398.77833500501504
398.8797595190381
398.980980980981
399.082
399.1828171828172
399.28343313373256
399.3838484546361
399.4840637450199
399.58407960199
399.68389662027835
399.78351539225423
399.8829365079365
399.98216055500495
400.0811881188119
400.1800197823937
400.2786561264822
400.37709772951627
400.47534516765285
400.5733990147783
400.6712598425197
400.76892822025565
400.8664047151277
400.96368989205104
401.0607843137255
401.1576885406464
401.25440313111545
401.35092864125124
401.447265625
401.54341463414636
401.6393762183236
401.73515092502436
401.8307392996109
401.92614188532553
402.021359223301
402.1163918525703
402.2112403100775
402.30590513068734
402.40038684719536
402.49468599033816
402.5888030888031
402.6827386692382
402.77649325626203
402.87006737247356
402.96346153846156
403.0566762728146
403.1497120921305
403.24256951102586
403.3352490421456
403.42775119617227
403.5200764818356
403.61222540592166
403.7041984732824
403.7959961868446
403.88761904761907
403.9790675547098
404.0703422053232
404.16144349477685
404.25237191650854
404.3431279620853
404.4337121212121
404.52412488174076
404.61436672967864
404.70443814919736
404.79433962264153
404.8840716305372
404.9736346516008
405.06302916274694
405.15225563909775
405.2413145539906
405.3302063789869
405.41893158388
405.5074906367041
405.5958840037418
405.6841121495327
405.77217553688143
405.8600746268657
405.94780987884434
406.03538175046555
406.1227906976744
406.2100371747212
406.297121634169
406.3840445269017
406.4708063021316
406.5574074074074
406.64384828862165
406.7301293900185
406.81625115420127
406.90221402214024
406.9880184331797
407.073664825046
407.15915363385466
407.2444852941176
407.32966023875116
407.41467889908256
407.4995417048579
407.5842490842491
407.6688014638609
407.75319926873857
407.8374429223744
407.9215328467153
408.0054694621696
408.08925318761385
408.17288444040037
408.25636363636363
408.3396911898274
408.4228675136116
408.505893019039
408.588768115942
408.6714932126697
408.754068716094
408.836495031617
408.9187725631769
409.0009017132552
409.08288288288287
409.1647164716472
409.24640287769785
409.32794249775384
409.4093357271095
409.49058295964124
409.5716845878136
409.65264100268575
409.7334525939177
409.8141197497766
409.89464285714286
409.9750223015165
410.0552584670232
410.1353517364203
410.2153024911032
410.2951111111111
410.3747779751332
410.45430346051467
410.5336879432624
410.61293179805136
410.6920353982301
410.7709991158267
410.84982332155477
410.92850838481905
411.0070546737213
411.0854625550661
411.1637323943662
411.24186455584874
411.31985940246045
411.3977172958736
