1717110244.6721394
1717110244.6820595
1717110244.6940725
1717110244.7023582
1717110244.7270555
1717110244.7331016
1717110244.7583125
1717110244.7638113
1717110244.772601
1717110244.7876644
1717110244.8001478
1717110244.8292813
1717110244.8392196
1717110244.849183
1717110244.8591297
1717110244.878507
1717110244.8935277
1717110244.9205234
1717110244.9291947
1717110244.9417913
1717110244.9543488
1717110244.9693162
1717110244.9767592
1717110244.9974728
1717110245.0068543
1717110245.028587
1717110245.0392451
1717110245.0634642
1717110245.069732
1717110245.0772262
1717110245.0877483
1717110245.0970097
1717110245.1113405
1717110245.118197
1717110245.1287014
1717110245.1399102
1717110245.1544383
1717110245.163255
1717110245.1887538
1717110245.2000294
1717110245.212722
1717110245.2353334
1717110245.2464616
1717110245.254945
1717110245.2666714
1717110245.2841337
1717110245.2943916
1717110245.312734
1717110245.3176458
1717110245.3443272
1717110245.3564565
1717110245.362253
1717110245.3696709
1717110245.3770487
1717110245.3849971
1717110245.3924131
1717110245.40304
1717110245.415218
1717110245.4306364
1717110245.4381073
1717110245.452443
1717110245.4725645
1717110245.490564
1717110245.4953153
1717110245.5165107
1717110245.522884
1717110245.5515482
1717110245.5684628
1717110245.5753875
1717110245.5822852
1717110245.594529
1717110245.6099002
1717110245.6168041
1717110245.6248755
1717110245.6380641
1717110245.6465898
1717110245.651807
1717110245.6632357
1717110245.6702178
1717110245.681385
1717110245.7021334
1717110245.7116556
1717110245.7170463
1717110245.734124
1717110245.7420816
1717110245.751106
1717110245.7738953
1717110245.7999668
1717110245.8084984
1717110245.8328857
1717110245.846678
1717110247.26118
1717110247.2731934
1717110247.2867599
1717110247.3055398
1717110247.3180332
1717110247.3427389
1717110247.359046
1717110247.3678913
1717110247.3873913
1717110247.4020858
1717110247.4226842
1717110247.4390676
1717110247.4474945
1717110247.4680226
1717110247.473315
1717110247.4796345
1717110247.4923108
1717110247.5075917
1717110247.5234368
1717110247.5324507
1717110247.5519068
1717110247.5581312
1717110247.5766153
1717110247.582414
1717110247.609816
1717110247.620388
1717110247.6319623
1717110247.645115
1717110247.655112
1717110247.6881528
1717110247.6992564
1717110247.7081923
1717110247.724618
1717110247.7378328
1717110247.7470324
1717110247.7544687
1717110247.779729
1717110247.7981918
1717110247.8155181
1717110247.8376188
1717110247.844459
1717110247.8712597
1717110247.889234
1717110247.8961303
1717110247.906644
1717110247.9246066
1717110247.9356942
1717110247.9446702
1717110247.9751143
1717110247.9887874
1717110247.9971712
1717110248.0076966
1717110248.016119
1717110248.0223582
1717110248.0355823
1717110248.0625021
1717110248.0770419
1717110248.117293
1717110248.1322439
1717110248.1584473
1717110248.1857784
1717110248.2021303
1717110248.2285178
1717110248.2422268
1717110248.252389
1717110248.2592516
1717110248.2800562
1717110248.308034
1717110248.3185763
1717110249.6429975
1717110249.650242
1717110249.6678758
1717110249.7104833
1717110249.734717
1717110249.8160498
1717110249.877637
1717110249.8833368
1717110249.9036121
1717110249.923718
1717110249.9747813
1717110250.025868
1717110250.0467858
1717110250.1046839
1717110250.1162076
1717110250.1469862
1717110250.160521
1717110250.1897523
1717110250.2068295
1717110250.2379127
1717110250.2438474
1717110250.2556937
1717110250.2739215
1717110250.3801877
1717110250.3877368
1717110250.4118636
1717110250.4374497
1717110250.4518464
1717110250.497189
1717110250.5244308
1717110250.542558
1717110250.5677629
1717110250.5935485
1717110250.6272295
1717110250.634262
1717110250.6460743
1717110250.6631954
1717110250.6797307
1717110250.7056065
1717110250.7190418
1717110252.102423
1717110252.1433432
1717110252.2604
1717110252.3326209
1717110252.3638487
1717110252.447545
1717110252.4704423
1717110252.5122366
1717110252.5603802
1717110252.588429
1717110252.619262
1717110252.6510792
1717110252.6997857
1717110252.7479036
1717110252.7758288
1717110252.8244803
1717110252.9166133
1717110253.0258682
1717110253.062307
1717110253.0951724
1717110253.1041818
1717110253.167869
1717110254.6979065
1717110254.8076658
1717110255.0088913
1717110255.1012552
1717110255.2150834
1717110255.28891
1717110255.3637037
1717110255.4292836
1717110255.4439495
1717110255.607518
1717110257.1209269
1717110257.2252665
1717110257.3756359
1717110257.5093038
1717110257.7203612
1717110257.968176
1717110258.1037116
1717110259.625886
1717110259.8893301
1717110260.0965817
1717110260.3094156
1717110260.5269563
1717110262.0980718
1717110262.3633199
1717110262.6307929
1717110262.861995
1717110264.5071857
1717110264.7754588
1717110265.0486636
1717110265.3142333
1717110266.9646146
1717110267.2339325
1717110267.5022135
1717110267.7724514
1717110269.4382062
1717110269.711319
1717110269.9840074
1717110270.2472785
1717110271.8885489
1717110272.1480827
1717110272.4162385
1717110272.6830807
1717110272.9560814
1717110274.54543
1717110274.8116887
1717110275.088296
1717110275.3515894
1717110276.9972703
1717110277.2626584
1717110277.5311584
1717110277.7955854
1717110279.4530356
1717110279.7192159
1717110279.9813683
1717110280.2494144
1717110281.8966897
1717110282.156173
1717110282.427808
1717110282.6950877
1717110284.335921
1717110284.60327
1717110284.876005
1717110285.1439364
1717110286.79486
1717110287.0636475
1717110287.327316
1717110287.588919
1717110289.2703652
1717110289.5320053
1717110289.7929747
1717110290.0563653
1717110291.7282968
1717110291.9881215
1717110292.2545424
1717110292.5202477
1717110294.1490133
1717110294.4132025
1717110294.6788523
1717110294.9468744
1717110296.5778842
1717110296.8516324
1717110297.1188436
1717110297.3932083
1717110297.6659322
1717110299.3248987
1717110299.5986068
1717110299.8722715
1717110300.1395953
1717110301.8190126
1717110302.0856109
1717110302.348973
1717110302.6220365
1717110304.2821462
1717110304.5541155
1717110304.8228674
1717110305.0916607
1717110306.7512274
1717110307.025945
1717110307.2951
1717110307.5545805
1717110309.2262928
1717110309.5149996
1717110309.777871
1717110310.051087
1717110311.72368
1717110312.0139384
1717110312.29714
1717110312.5687413
1717110314.2370217
1717110314.5002425
1717110314.770218
1717110315.0492487
1717110316.7390735
1717110316.9999483
1717110317.262976
1717110317.531592
1717110319.2234342
1717110319.490714
1717110319.7589629
1717110320.0315914
1717110321.6794238
1717110321.9409654
1717110322.2021456
1717110322.4697688
1717110324.1389823
1717110324.402172
1717110324.6745317
1717110324.9436607
1717110325.211536
1717110326.8716145
1717110327.14291
1717110327.4058292
1717110327.6666818
1717110329.3402421
1717110329.5994823
1717110329.8603222
1717110330.1215296
1717110331.7852867
1717110332.055814
1717110332.3310556
1717110332.5989535
1717110334.2517648
1717110334.520565
1717110334.7877715
1717110335.0613804
1717110336.7282941
1717110336.9955742
1717110337.2623277
1717110337.523321
1717110339.1788797
1717110339.4419944
1717110339.7087243
1717110339.9710567
1717110341.640397
1717110341.9019697
1717110342.1731815
1717110342.4429364
1717110344.0982547
1717110344.3649359
1717110344.6321824
1717110344.903419
1717110346.5522192
1717110346.811872
1717110347.0785086
1717110347.3399787
1717110349.0043738
1717110349.2637367
1717110349.5314193
1717110349.7991438
1717110350.0717738
1717110351.7233737
1717110351.9899647
1717110352.2698028
1717110352.5335228
1717110354.1770685
1717110354.4503257
1717110354.7188954
1717110354.9904134
1717110356.650974
1717110356.9191935
1717110357.181967
1717110357.4497201
1717110359.136503
1717110359.4019513
1717110359.6831043
1717110359.9519825
1717110361.610735
1717110361.878033
1717110362.1597066
1717110362.4306233
1717110364.09996
1717110364.3748531
1717110364.6481586
1717110364.9185216
1717110366.602037
1717110366.8726282
1717110367.1453943
1717110367.4207017
1717110369.1254156
1717110369.4101427
1717110369.6793168
1717110369.9535415
1717110371.6277552
1717110371.896408
1717110372.166928
1717110372.435933
1717110374.1403952
1717110374.4084084
1717110374.6878338
1717110374.9656997
1717110376.6579604
1717110376.9253364
1717110377.1860564
1717110377.4485419
1717110377.7160807
1717110379.3674252
1717110379.6352093
1717110379.9041111
1717110380.1771646
1717110381.8244035
1717110382.0950682
1717110382.373059
1717110382.6386313
1717110384.3220146
1717110384.589289
1717110384.8523765
1717110385.1234841
1717110386.7909443
1717110387.0537953
1717110387.3180163
1717110387.5884347
1717110389.2694733
1717110389.537311
1717110389.810848
1717110390.0823817
1717110391.7413182
1717110392.0175583
1717110392.2862287
1717110392.5513334
1717110394.240101
1717110394.5100474
1717110394.7730749
1717110395.058122
1717110396.749961
1717110397.0130463
1717110397.2751915
1717110397.5444615
1717110399.2382715
1717110399.5062766
1717110399.7759898
1717110400.0414095
1717110401.7218883
1717110401.996201
1717110402.2756283
1717110402.5404923
1717110402.8124585
1717110404.4387202
1717110404.7005157
1717110404.9692056
1717110405.2314758
1717110406.893911
1717110407.1603003
1717110407.4236708
1717110407.6938045
1717110409.358589
1717110409.6218297
1717110409.8835042
1717110410.1522121
1717110411.8164098
1717110412.0783715
1717110412.3455117
1717110412.6135755
1717110414.267476
1717110414.528977
1717110414.797572
1717110415.0610502
1717110416.7324681
1717110417.0114217
1717110417.2722175
1717110417.5394204
1717110419.1988378
1717110419.466933
1717110419.728396
1717110419.9901855
1717110421.665992
1717110421.9281042
1717110422.1907728
1717110422.4520414
1717110424.1341805
1717110424.4085603
1717110424.6702812
1717110424.939599
1717110426.5971484
1717110426.8712661
1717110427.1337295
1717110427.4013946
1717110427.663269
1717110429.3417428
1717110429.613361
1717110429.8751888
1717110430.1436954
1717110431.815095
1717110432.0792046
1717110432.3408706
1717110432.6084266
1717110434.2855847
1717110434.5633118
1717110434.8363469
1717110435.118426
1717110436.800135
1717110437.0750933
1717110437.3564851
1717110437.627859
1717110439.3242977
1717110439.5953598
1717110439.868215
1717110440.1464999
1717110441.8558645
1717110442.1354365
1717110442.4228442
1717110442.6984227
1717110444.384514
1717110444.657865
1717110444.9312935
1717110445.2085707
1717110446.8983765
1717110447.171118
1717110447.443109
1717110447.7161853
1717110449.3913019
1717110449.66323
1717110449.9382174
1717110450.212873
1717110451.9183686
1717110452.1910253
1717110452.4649491
1717110452.7387934
1717110454.4105065
1717110454.6809464
1717110454.959813
1717110455.2322993
1717110455.5104349
1717110457.1762915
1717110457.4481213
1717110457.725233
1717110457.996986
1717110459.683466
1717110459.957072
1717110460.2402227
1717110460.5135393
1717110462.2126734
1717110462.4928257
1717110462.7670457
1717110463.0408468
1717110464.7344248
1717110465.0093782
1717110465.2818925
1717110465.5565267
1717110467.2823682
1717110467.5689454
1717110467.8419719
1717110468.1219206
1717110469.8210483
1717110470.1072874
1717110470.3871129
1717110470.6674938
1717110472.316085
1717110472.58843
1717110472.8617408
1717110473.1225405
1717110474.8079686
1717110475.0694845
1717110475.3359358
1717110475.6010182
1717110477.2595003
1717110477.5269687
1717110477.7936463
1717110478.0651994
1717110479.7389896
1717110480.016805
1717110480.2851179
1717110480.554704
1717110480.815616
1717110482.5078595
1717110482.7698255
1717110483.0301301
1717110483.2915974
1717110484.9337654
1717110485.194795
1717110485.4602842
1717110485.7279549
1717110487.3876896
1717110487.6532457
1717110487.9209948
1717110488.1877642
1717110489.8293715
1717110490.1036632
1717110490.3717196
1717110490.6360803
1717110492.3150368
1717110492.5788708
1717110492.843017
1717110493.1100674
1717110494.7840936
1717110495.0460455
1717110495.3131928
1717110495.5774453
1717110497.2347348
1717110497.4956038
1717110497.7639508
1717110498.031577
1717110499.6618128
1717110499.9306672
1717110500.1978726
1717110500.4721618
1717110502.0998292
1717110502.359131
1717110502.6327295
1717110502.9035745
1717110504.5856256
1717110504.8453066
1717110505.1094155
1717110505.369895
1717110507.032687
1717110507.3020473
1717110507.56566
1717110507.8385653
1717110508.1060114
1717110509.7478428
1717110510.015458
1717110510.2833862
1717110510.5472293
1717110512.2149923
1717110512.4823587
1717110512.7422068
1717110513.0037956
1717110514.6701336
1717110514.9306526
1717110515.1919029
1717110515.4518924
1717110517.0981698
1717110517.362416
1717110517.6325834
1717110517.8995113
1717110519.557953
1717110519.8261907
1717110520.0943677
1717110520.380879
1717110521.9816213
1717110522.2474453
1717110522.5146775
1717110522.775733
1717110524.4524953
1717110524.712933
1717110524.976283
1717110525.2374258
1717110526.8804653
1717110527.141432
1717110527.4020278
1717110527.6691728
1717110529.3225658
1717110529.5894544
1717110529.8562272
1717110530.1267214
1717110531.7615952
1717110532.0215204
1717110532.2884817
1717110532.5505655
1717110532.823295
1717110534.4930553
1717110534.7602963
1717110535.0344737
1717110535.3007896
1717110536.9287107
1717110537.1888888
1717110537.455347
1717110537.7218528
1717110539.3531194
1717110539.6221025
1717110539.9003098
1717110540.176256
1717110541.8434644
1717110542.111302
1717110542.3840315
1717110542.6547034
1717110544.3310845
1717110544.5952172
1717110544.8617678
1717110545.1250987
1717110546.7850938
1717110547.0465713
1717110547.3067284
1717110547.5752501
1717110549.2349956
1717110549.4967794
1717110549.763887
1717110550.0410573
1717110551.700021
1717110551.966985
1717110552.2445905
1717110552.5178523
1717110554.1466691
1717110554.4203324
1717110554.686862
1717110554.9697235
1717110556.7100809
1717110556.9724343
1717110557.2352746
1717110557.5086138
1717110559.1828637
1717110559.446215
1717110559.7089655
1717110559.9812317
1717110560.243672
1717110561.8978915
1717110562.1589434
1717110562.4298086
1717110562.7011611
1717110564.3537679
1717110564.6220152
1717110564.8883426
1717110565.1598082
1717110566.8082743
1717110567.0755138
1717110567.3489032
1717110567.6142113
1717110569.2635813
1717110569.5394082
1717110569.8111532
1717110570.0864656
1717110571.7414935
1717110572.0095606
1717110572.2725043
1717110572.541077
1717110574.201238
1717110574.463188
1717110574.7359607
1717110575.0221045
1717110576.6918309
1717110576.9521067
1717110577.213875
1717110577.4744115
1717110579.1390505
1717110579.3999386
1717110579.6641052
1717110579.9371867
1717110581.5903676
1717110581.858345
1717110582.1250155
1717110582.393409
1717110584.005707
1717110584.2650373
1717110584.5312588
1717110584.7985384
1717110585.0767708
1717110586.6937888
1717110586.9544845
1717110587.2213497
1717110587.4819643
1717110589.14404
1717110589.4048557
1717110589.670048
1717110589.9398904
1717110591.5575655
1717110591.8258135
1717110592.093767
1717110592.375536
1717110594.0172439
1717110594.2788632
1717110594.5423331
1717110594.8117132
1717110596.4286482
1717110596.6943624
1717110596.9689467
1717110597.2378676
1717110598.830752
1717110599.093888
1717110599.3595717
1717110599.6297524
1717110601.3120184
1717110601.5756288
1717110601.846788
1717110602.1334512
1717110603.7439544
1717110604.018945
1717110604.2835512
1717110604.5465906
1717110606.2009497
1717110606.4699097
1717110606.7369905
1717110607.0077422
1717110608.6215756
1717110608.8839939
1717110609.1534157
1717110609.4161015
1717110609.6835086
1717110611.3086762
1717110611.5793674
1717110611.8487685
1717110612.1195366
1717110613.793046
1717110614.0555186
1717110614.3247197
1717110614.5879664
1717110616.2973297
1717110616.560308
1717110616.8302972
1717110617.0932798
1717110618.7680178
1717110619.0322647
1717110619.2952466
1717110619.5595036
1717110621.2506282
1717110621.514932
1717110621.7776446
1717110622.045068
1717110623.7139597
1717110623.9767127
1717110624.2497785
1717110624.5121388
1717110626.1738434
1717110626.4438553
1717110626.720028
1717110626.986679
1717110628.6652007
1717110628.9329107
1717110629.1958237
1717110629.465324
1717110631.1560984
1717110631.4310899
1717110631.701837
1717110631.9657638
1717110633.6570065
1717110633.9193199
1717110634.1842418
1717110634.4473836
1717110636.1450777
1717110636.4059987
1717110636.6692193
1717110636.931275
1717110637.2049441
1717110638.8553665
1717110639.1271844
1717110639.3984575
1717110639.6677485
1717110641.3849936
1717110641.6542537
1717110641.9357412
1717110642.204978
1717110643.8923867
1717110644.1697936
1717110644.435803
1717110644.6983855
1717110646.3633015
1717110646.6283655
1717110646.8942568
1717110647.1767642
1717110648.8675666
1717110649.1375165
1717110649.4059806
1717110649.6762552
1717110651.3362074
1717110651.6045473
1717110651.874877
1717110652.1435773
1717110653.78395
1717110654.0521853
1717110654.3223555
1717110654.5916927
1717110656.2489674
1717110656.5287564
1717110656.797793
1717110657.0721574
1717110658.8044662
1717110659.0899513
1717110659.36174
1717110659.6345062
1717110661.3362043
1717110661.6033533
1717110661.8728738
1717110662.1419346
1717110662.4101567
1717110664.0837202
1717110664.357436
1717110664.6254592
1717110664.8955476
1717110666.5791626
1717110666.849357
1717110667.1182325
1717110667.3885937
1717110669.0213516
1717110669.2895908
1717110669.5645456
1717110669.8327389
1717110671.521177
1717110671.7894852
1717110672.0648916
1717110672.3501382
1717110674.0464892
1717110674.3288405
1717110674.6048555
1717110674.8892386
1717110676.5354805
1717110676.8103802
1717110677.083988
1717110677.376821
1717110679.0481114
1717110679.3216937
1717110679.5966141
1717110679.871089
1717110681.6141005
1717110681.8955288
1717110682.1706805
1717110682.4440587
1717110684.1449592
1717110684.4175274
1717110684.69221
1717110684.966064
1717110686.7140806
1717110686.986417
1717110687.2611587
1717110687.5343874
1717110689.2673242
1717110689.5574038
1717110689.839937
1717110690.1147068
1717110690.3892503
1717110692.0499227
1717110692.32299
1717110692.6029162
1717110692.8755836
1717110694.5911732
1717110694.8642933
1717110695.139203
1717110695.3999286
1717110697.0956016
1717110697.3561618
1717110697.6207407
1717110697.914005
1717110699.6075563
1717110699.8848248
1717110700.1570263
1717110700.4344475
1717110702.1065135
1717110702.379885
1717110702.6520374
1717110702.9254014
1717110704.5930061
1717110704.8732266
1717110705.152401
1717110705.4201622
1717110707.114017
1717110707.3890138
1717110707.6571221
1717110707.9239178
1717110709.5553696
1717110709.8215554
1717110710.089829
1717110710.3583956
1717110712.0129495
1717110712.285214
1717110712.5529504
1717110712.816398
1717110714.451519
1717110714.7243712
1717110715.0041971
1717110715.2730691
1717110715.5539567
1717110717.2096868
1717110717.4728734
1717110717.7366445
1717110718.007899
1717110719.6429875
1717110719.9126532
1717110720.185702
1717110720.4517488
1717110722.0698667
1717110722.3430634
1717110722.6098197
1717110722.882752
1717110724.530946
1717110724.7952425
1717110725.0631862
1717110725.3362534
1717110726.987849
1717110727.2543201
1717110727.5265758
1717110727.7903183
1717110729.4396884
1717110729.7250066
1717110730.0016756
1717110730.2618153
1717110731.9273422
1717110732.1876607
1717110732.4467607
1717110732.707459
1717110734.365255
1717110734.6247764
1717110734.8899174
1717110735.1676712
1717110736.8278558
1717110737.0877233
1717110737.3530576
1717110737.6451836
1717110739.3388762
1717110739.5990553
1717110739.88038
1717110740.1593597
1717110740.4274366
1717110742.0845792
1717110742.3509357
1717110742.6233451
1717110742.884753
1717110744.5297272
1717110744.8001082
1717110745.0630803
1717110745.324806
1717110746.9898477
1717110747.2503674
1717110747.5098736
1717110747.7721543
1717110749.4452448
1717110749.7057056
1717110749.97572
1717110750.2426088
1717110751.9101903
1717110752.1780005
1717110752.4509013
1717110752.7179556
1717110754.3629792
1717110754.6357598
1717110754.8974779
1717110755.1644273
1717110756.8589208
1717110757.1199086
1717110757.3801148
1717110757.6409369
1717110759.3059149
1717110759.565675
1717110759.8298593
1717110760.0975227
1717110761.742822
1717110762.011018
1717110762.278001
1717110762.546827
1717110764.2223928
1717110764.4903815
1717110764.7705994
1717110765.0340466
1717110766.6620965
1717110766.9229808
1717110767.1838074
1717110767.4432788
1717110767.709655
1717110769.3826735
1717110769.6604407
1717110769.9336107
1717110770.2074254
1717110771.8839223
1717110772.1559446
1717110772.4343684
1717110772.7064226
1717110774.378816
1717110774.6509268
1717110774.9307253
1717110775.2036746
1717110776.8449414
1717110777.1216335
1717110777.3935835
1717110777.6719182
1717110779.3565745
1717110779.629143
1717110779.900284
1717110780.1789389
1717110781.8084621
1717110782.07947
1717110782.356591
1717110782.628457
1717110784.365953
1717110784.6430564
1717110784.9323692
1717110785.214593
1717110786.8709033
1717110787.130233
1717110787.3924446
1717110787.6526556
1717110789.3139956
1717110789.5796113
1717110789.8416123
1717110790.1324406
1717110791.6798515
1717110791.9453058
1717110792.2210665
1717110792.4942272
1717110792.7676105
1717110794.412818
1717110794.680715
1717110794.9443147
1717110795.20461
1717110796.8850012
1717110797.1451113
1717110797.4098828
1717110797.6697917
1717110799.3359222
1717110799.6028068
1717110799.8662548
1717110800.140018
1717110801.7815762
1717110802.0543487
1717110802.321568
1717110802.5944958
1717110804.2563212
1717110804.5133538
1717110804.7713504
1717110805.0354693
1717110806.695122
1717110806.9588494
1717110807.2239952
1717110807.4885333
1717110809.1363952
1717110809.4058342
1717110809.669658
1717110809.9343004
1717110811.6069326
1717110811.8835719
1717110812.1776984
1717110812.4466414
1717110814.1110024
1717110814.3708596
1717110814.6557612
1717110814.9209368
