1024
3072
4160
4800
6976
8320
11520
12864
14336
15872
16896
17856
18880
20352
21696
22528
24192
25920
27328
28416
30400
31168
34944
37632
39104
41088
41984
44416
45824
47168
48192
49344
54144
54976
56768
57856
62336
63296
65024
65920
68288
69120
71168
72064
72768
75392
76672
77632
78848
81152
84096
85760
87040
89536
90368
91456
92480
93952
94784
96000
96832
98560
100672
101440
102720
103680
105600
106496
107584
108416
109760
110656
111296
112704
113664
115584
118144
118976
120000
120768
121600
122432
124032
125696
126656
129344
130816
132224
133632
134720
136064
146816
150080
152768
155264
156288
158400
159104
161408
162240
165440
166592
168064
169280
170176
174016
175296
176000
177536
179008
181312
182016
183232
184192
185472
187456
189056
189760
192640
193344
194240
195584
199424
201728
203648
204608
205888
208768
209728
211776
213952
216960
217984
219392
220032
223424
226112
233024
234752
235904
236544
239040
240512
241600
243136
243776
245440
249920
252864
255040
261120
262464
270016
272448
274048
275648
279040
285888
287616
289792
294400
295680
299328
305344
309120
310400
312256
313088
316096
317952
318976
323008
325760
327360
328896
334784
336704
337856
345792
347264
350208
356416
360640
366720
369984
371328
372608
374784
376704
381824
383936
385792
387264
396736
398400
399936
407168
412736
426496
438080
446272
449600
459904
471680
473792
483968
494912
497408
500032
509440
518976
523904
537152
558976
570560
594816
608960
620928
635520
644736
660544
685568
711552
727040
759040
791040
822976
851776
883776
904512
936512
968512
1000512
1029248
1061248
1093248
1125248
1157248
1189248
1221248
1253248
1285248
1317248
1349248
1381248
1413248
1445248
1477248
1509248
1541248
1573248
1605248
1637248
1669248
1701248
1733248
1765248
1797248
1829248
1861248
1893248
1925248
1957248
1989248
2021248
2053248
2085248
2117248
2149248
2181248
2213248
2245248
2277248
2309248
2341248
2373248
2405248
2437248
2469248
2501248
2533248
2565248
2597248
2629248
2661248
2693248
2725248
2757248
2789248
2821248
2853248
2885248
2917248
2949248
2981248
3013248
3045248
3077248
3109248
3141248
3173248
3205248
3237248
3269248
3301248
3333248
3365248
3397248
3429248
3461248
3493248
3525248
3557248
3589248
3621248
3653248
3685248
3717248
3749248
3781248
3813248
3845248
3877248
3909248
3941248
3973248
4005248
4037248
4069248
4101248
4133248
4165248
4197248
4229248
4261248
4293248
4325248
4357248
4389248
4421248
4453248
4485248
4517248
4549248
4581248
4613248
4645248
4677248
4709248
4741248
4773248
4805248
4837248
4869248
4901248
4933248
4965248
4997248
5029248
5061248
5093248
5125248
5157248
5189248
5221248
5253248
5285248
5317248
5349248
5381248
5413248
5445248
5477248
5509248
5541248
5573248
5605248
5637248
5669248
5701248
5733248
5765248
5797248
5829248
5861248
5893248
5925248
5957248
5989248
6021248
6053248
6085248
6117248
6149248
6181248
6213248
6245248
6277248
6309248
6341248
6373248
6405248
6437248
6469248
6501248
6533248
6565248
6597248
6629248
6661248
6693248
6725248
6757248
6789248
6821248
6853248
6885248
6917248
6949248
6981248
7013248
7045248
7077248
7109248
7141248
7173248
7205248
7237248
7269248
7301248
7333248
7365248
7397248
7429248
7461248
7493248
7525248
7557248
7589248
7621248
7653248
7685248
7717248
7749248
7781248
7813248
7845248
7877248
7909248
7941248
7973248
8005248
8037248
8069248
8101248
8133248
8165248
8197248
8229248
8261248
8293248
8325248
8357248
8389248
8421248
8453248
8485248
8517248
8549248
8581248
8613248
8645248
8677248
8709248
8741248
8773248
8805248
8837248
8869248
8901248
8933248
8965248
8997248
9029248
9061248
9093248
9125248
9157248
9189248
9221248
9253248
9285248
9317248
9349248
9381248
9413248
9445248
9477248
9509248
9541248
9573248
9605248
9637248
9669248
9701248
9733248
9765248
9797248
9829248
9861248
9893248
9925248
9957248
9989248
10021248
10053248
10085248
10117248
10149248
10181248
10213248
10245248
10277248
10309248
10341248
10373248
10405248
10437248
10469248
10501248
10533248
10565248
10597248
10629248
10661248
10693248
10725248
10757248
10789248
10821248
10853248
10885248
10917248
10949248
10981248
11013248
11045248
11077248
11109248
11141248
11173248
11205248
11237248
11269248
11301248
11333248
11365248
11397248
11429248
11461248
11493248
11525248
11557248
11589248
11621248
11653248
11685248
11717248
11749248
11781248
11813248
11845248
11877248
11909248
11941248
11973248
12005248
12037248
12069248
12101248
12133248
12165248
12197248
12229248
12261248
12293248
12325248
12357248
12389248
12421248
12453248
12485248
12517248
12549248
12581248
12613248
12645248
12677248
12709248
12741248
12773248
12805248
12837248
12869248
12901248
12933248
12965248
12997248
13029248
13061248
13093248
13125248
13157248
13189248
13221248
13253248
13285248
13317248
13349248
13381248
13413248
13445248
13477248
13509248
13541248
13573248
13605248
13637248
13669248
13701248
13733248
13765248
13797248
13829248
13861248
13893248
13925248
13957248
13989248
14021248
14053248
14085248
14117248
14149248
14181248
14213248
14245248
14277248
14309248
14341248
14373248
14405248
14437248
14469248
14501248
14533248
14565248
14597248
14629248
14661248
14693248
14725248
14757248
14789248
14821248
14853248
14885248
14917248
14949248
14981248
15013248
15045248
15077248
15109248
15141248
15173248
15205248
15237248
15269248
15301248
15333248
15365248
15397248
15429248
15461248
15493248
15525248
15557248
15589248
15621248
15653248
15685248
15717248
15749248
15781248
15813248
15845248
15877248
15909248
15941248
15973248
16005248
16037248
16069248
16101248
16133248
16165248
16197248
16229248
16261248
16293248
16325248
16357248
16389248
16421248
16453248
16485248
16517248
16549248
16581248
16613248
16645248
16677248
16709248
16741248
16773248
16805248
16837248
16869248
16901248
16933248
16965248
16997248
17029248
17061248
17093248
17125248
17157248
17189248
17221248
17253248
17285248
17317248
17349248
17381248
17413248
17445248
17477248
17509248
17541248
17573248
17605248
17637248
17669248
17701248
17733248
17765248
17797248
17829248
17861248
17893248
17925248
17957248
17989248
18021248
18053248
18085248
18117248
18149248
18181248
18213248
18245248
18277248
18309248
18341248
18373248
18405248
18437248
18469248
18501248
18533248
18565248
18597248
18629248
18661248
18693248
18725248
18757248
18789248
18821248
18853248
18885248
18917248
18949248
18981248
19013248
19045248
19077248
19109248
19141248
19173248
19205248
19237248
19269248
19301248
19333248
19365248
19397248
19429248
19461248
19493248
19525248
19557248
19589248
19621248
19653248
19685248
19717248
19749248
19781248
19813248
19845248
19877248
19909248
19941248
19973248
20005248
20037248
20069248
20101248
20133248
20165248
20197248
20229248
20261248
20293248
20325248
20357248
20389248
20421248
20453248
20485248
20517248
20549248
20581248
20613248
20645248
20677248
20709248
20741248
20773248
20805248
20837248
20869248
20901248
20933248
20965248
20997248
21029248
21061248
21093248
21125248
21157248
21189248
21221248
21253248
21285248
21317248
21349248
21381248
21413248
21445248
21477248
21509248
21541248
21573248
21605248
21637248
21669248
21701248
21733248
21765248
21797248
21829248
21861248
21893248
21925248
21957248
21989248
22021248
22053248
22085248
22117248
22149248
22181248
22213248
22245248
22277248
22309248
22341248
22373248
22405248
22437248
22469248
22501248
22533248
22565248
22597248
22629248
22661248
22693248
22725248
22757248
22789248
22821248
22853248
22885248
22917248
22949248
22981248
23013248
23045248
23077248
23109248
23141248
23173248
23205248
23237248
23269248
23301248
23333248
23365248
23397248
23429248
23461248
23493248
23525248
23557248
23589248
23621248
23653248
23685248
23717248
23749248
23781248
23813248
23845248
23877248
23909248
23941248
23973248
24005248
24037248
24069248
24101248
24133248
24165248
24197248
24229248
24261248
24293248
24325248
24357248
24389248
24421248
24453248
24485248
24517248
24549248
24581248
24613248
24645248
24677248
24709248
24741248
24773248
24805248
24837248
24869248
24901248
24933248
24965248
24997248
25029248
25061248
25093248
25125248
25157248
25189248
25221248
25253248
25285248
25317248
25349248
25381248
25413248
25445248
25477248
25509248
25541248
25573248
25605248
25637248
25669248
25701248
25733248
25765248
25797248
25829248
25861248
25893248
25925248
25957248
25989248
26021248
26053248
26085248
26117248
26149248
26181248
26213248
26245248
26277248
26309248
26341248
26373248
26405248
26437248
26469248
26501248
26533248
26565248
26597248
26629248
26661248
26693248
26725248
26757248
26789248
26821248
26853248
26885248
26917248
26949248
26981248
27013248
27045248
27077248
27109248
27141248
27173248
27205248
27237248
27269248
27301248
27333248
27365248
27397248
27429248
27461248
27493248
27525248
27557248
27589248
27621248
27653248
27685248
27717248
27749248
27781248
27813248
27845248
27877248
27909248
27941248
27973248
28005248
28037248
28069248
28101248
28133248
28165248
28197248
28229248
28261248
28293248
28325248
28357248
28389248
28421248
28453248
28485248
28517248
28549248
28581248
28613248
28645248
28677248
28709248
28741248
28773248
28805248
28837248
28869248
28901248
28933248
28965248
28997248
29029248
29061248
29093248
29125248
29157248
29189248
29221248
29253248
29285248
29317248
29349248
29381248
29413248
29445248
29477248
29509248
29541248
29573248
29605248
29637248
29669248
29701248
29733248
29765248
29797248
29829248
29861248
29893248
29925248
29957248
29989248
