1536
2496
3520
4736
5504
6272
7232
8128
9152
11840
13312
13952
15936
17728
18560
19456
20224
21760
23424
24640
25408
26048
28864
29888
31360
32192
33152
33856
34688
39232
39808
40768
41664
42944
44672
45632
46848
48000
48704
50752
51776
52608
53760
54528
56064
57216
59072
59776
61120
64576
65920
67008
67968
68864
69760
71040
71744
72576
74240
76864
78272
78848
81216
81856
83392
84096
85952
87424
88768
90176
91328
92160
95104
96320
97024
97856
98944
99776
100608
101504
102528
103296
106304
107584
108608
109248
112128
113536
114560
116288
117568
119296
120832
122560
123840
125760
126720
128960
131008
133312
134016
134848
136384
137280
138624
142912
147008
147840
149056
149824
153984
156032
158272
158976
162496
163456
164352
170560
171648
173504
174336
176896
178176
179008
180160
180992
183872
185728
188992
190656
192960
196864
198400
200832
202880
205184
207232
209536
210496
211648
213056
216576
217792
219392
220992
223168
224576
225792
228224
229120
230592
231680
235072
235840
238464
240384
241408
242496
244096
247104
247936
248768
249344
252160
255616
257728
258560
259584
265344
269888
279616
283776
290304
292288
295872
297216
305856
307520
309824
313408
315840
321024
325184
326656
328576
332096
338688
347328
349824
351424
355520
357056
360064
361024
361984
367488
371712
376832
384192
385984
389376
390784
399680
401856
416064
419904
428928
440256
451584
462080
465984
467584
474560
476480
488128
490752
494976
507136
516096
524224
534336
552640
557568
589568
611200
623936
645760
654848
686848
704832
732544
755008
768256
783488
815488
839872
871872
901504
928576
960576
992576
1024576
1056576
1088576
1120576
1152576
1184576
1216576
1248576
1280576
1312576
1344576
1376576
1408576
1440576
1472576
1504576
1536576
1568576
1600576
1632576
1664576
1696576
1728576
1760576
1792576
1824576
1856576
1888576
1920576
1952576
1984576
2016576
2048576
2080576
2112576
2144576
2176576
2208576
2240576
2272576
2304576
2336576
2368576
2400576
2432576
2464576
2496576
2528576
2560576
2592576
2624576
2656576
2688576
2720576
2752576
2784576
2816576
2848576
2880576
2912576
2944576
2976576
3008576
3040576
3072576
3104576
3136576
3168576
3200576
3232576
3264576
3296576
3328576
3360576
3392576
3424576
3456576
3488576
3520576
3552576
3584576
3616576
3648576
3680576
3712576
3744576
3776576
3808576
3840576
3872576
3904576
3936576
3968576
4000576
4032576
4064576
4096576
4128576
4160576
4192576
4224576
4256576
4288576
4320576
4352576
4384576
4416576
4448576
4480576
4512576
4544576
4576576
4608576
4640576
4672576
4704576
4736576
4768576
4800576
4832576
4864576
4896576
4928576
4960576
4992576
5024576
5056576
5088576
5120576
5152576
5184576
5216576
5248576
5280576
5312576
5344576
5376576
5408576
5440576
5472576
5504576
5536576
5568576
5600576
5632576
5664576
5696576
5728576
5760576
5792576
5824576
5856576
5888576
5920576
5952576
5984576
6016576
6048576
6080576
6112576
6144576
6176576
6208576
6240576
6272576
6304576
6336576
6368576
6400576
6432576
6464576
6496576
6528576
6560576
6592576
6624576
6656576
6688576
6720576
6752576
6784576
6816576
6848576
6880576
6912576
6944576
6976576
7008576
7040576
7072576
7104576
7136576
7168576
7200576
7232576
7264576
7296576
7328576
7360576
7392576
7424576
7456576
7488576
7520576
7552576
7584576
7616576
7648576
7680576
7712576
7744576
7776576
7808576
7840576
7872576
7904576
7936576
7968576
8000576
8032576
8064576
8096576
8128576
8160576
8192576
8224576
8256576
8288576
8320576
8352576
8384576
8416576
8448576
8480576
8512576
8544576
8576576
8608576
8640576
8672576
8704576
8736576
8768576
8800576
8832576
8864576
8896576
8928576
8960576
8992576
9024576
9056576
9088576
9120576
9152576
9184576
9216576
9248576
9280576
9312576
9344576
9376576
9408576
9440576
9472576
9504576
9536576
9568576
9600576
9632576
9664576
9696576
9728576
9760576
9792576
9824576
9856576
9888576
9920576
9952576
9984576
10016576
10048576
10080576
10112576
10144576
10176576
10208576
10240576
10272576
10304576
10336576
10368576
10400576
10432576
10464576
10496576
10528576
10560576
10592576
10624576
10656576
10688576
10720576
10752576
10784576
10816576
10848576
10880576
10912576
10944576
10976576
11008576
11040576
11072576
11104576
11136576
11168576
11200576
11232576
11264576
11296576
11328576
11360576
11392576
11424576
11456576
11488576
11520576
11552576
11584576
11616576
11648576
11680576
11712576
11744576
11776576
11808576
11840576
11872576
11904576
11936576
11968576
12000576
12032576
12064576
12096576
12128576
12160576
12192576
12224576
12256576
12288576
12320576
12352576
12384576
12416576
12448576
12480576
12512576
12544576
12576576
12608576
12640576
12672576
12704576
12736576
12768576
12800576
12832576
12864576
12896576
12928576
12960576
12992576
13024576
13056576
13088576
13120576
13152576
13184576
13216576
13248576
13280576
13312576
13344576
13376576
13408576
13440576
13472576
13504576
13536576
13568576
13600576
13632576
13664576
13696576
13728576
13760576
13792576
13824576
13856576
13888576
13920576
13952576
13984576
14016576
14048576
14080576
14112576
14144576
14176576
14208576
14240576
14272576
14304576
14336576
14368576
14400576
14432576
14464576
14496576
14528576
14560576
14592576
14624576
14656576
14688576
14720576
14752576
14784576
14816576
14848576
14880576
14912576
14944576
14976576
15008576
15040576
15072576
15104576
15136576
15168576
15200576
15232576
15264576
15296576
15328576
15360576
15392576
15424576
15456576
15488576
15520576
15552576
15584576
15616576
15648576
15680576
15712576
15744576
15776576
15808576
15840576
15872576
15904576
15936576
15968576
16000576
16032576
16064576
16096576
16128576
16160576
16192576
16224576
16256576
16288576
16320576
16352576
16384576
16416576
16448576
16480576
16512576
16544576
16576576
16608576
16640576
16672576
16704576
16736576
16768576
16800576
16832576
16864576
16896576
16928576
16960576
16992576
17024576
17056576
17088576
17120576
17152576
17184576
17216576
17248576
17280576
17312576
17344576
17376576
17408576
17440576
17472576
17504576
17536576
17568576
17600576
17632576
17664576
17696576
17728576
17760576
17792576
17824576
17856576
17888576
17920576
17952576
17984576
18016576
18048576
18080576
18112576
18144576
18176576
18208576
18240576
18272576
18304576
18336576
18368576
18400576
18432576
18464576
18496576
18528576
18560576
18592576
18624576
18656576
18688576
18720576
18752576
18784576
18816576
18848576
18880576
18912576
18944576
18976576
19008576
19040576
19072576
19104576
19136576
19168576
19200576
19232576
19264576
19296576
19328576
19360576
19392576
19424576
19456576
19488576
19520576
19552576
19584576
19616576
19648576
19680576
19712576
19744576
19776576
19808576
19840576
19872576
19904576
19936576
19968576
20000576
20032576
20064576
20096576
20128576
20160576
20192576
20224576
20256576
20288576
20320576
20352576
20384576
20416576
20448576
20480576
20512576
20544576
20576576
20608576
20640576
20672576
20704576
20736576
20768576
20800576
20832576
20864576
20896576
20928576
20960576
20992576
21024576
21056576
21088576
21120576
21152576
21184576
21216576
21248576
21280576
21312576
21344576
21376576
21408576
21440576
21472576
21504576
21536576
21568576
21600576
21632576
21664576
21696576
21728576
21760576
21792576
21824576
21856576
21888576
21920576
21952576
21984576
22016576
22048576
22080576
22112576
22144576
22176576
22208576
22240576
22272576
22304576
22336576
22368576
22400576
22432576
22464576
22496576
22528576
22560576
22592576
22624576
22656576
22688576
22720576
22752576
22784576
22816576
22848576
22880576
22912576
22944576
22976576
23008576
23040576
23072576
23104576
23136576
23168576
23200576
23232576
23264576
23296576
23328576
23360576
23392576
23424576
23456576
23488576
23520576
23552576
23584576
23616576
23648576
23680576
23712576
23744576
23776576
23808576
23840576
23872576
23904576
23936576
23968576
24000576
24032576
24064576
24096576
24128576
24160576
24192576
24224576
24256576
24288576
24320576
24352576
24384576
24416576
24448576
24480576
24512576
24544576
24576576
24608576
24640576
24672576
24704576
24736576
24768576
24800576
24832576
24864576
24896576
24928576
24960576
24992576
25024576
25056576
25088576
25120576
25152576
25184576
25216576
25248576
25280576
25312576
25344576
25376576
25408576
25440576
25472576
25504576
25536576
25568576
25600576
25632576
25664576
25696576
25728576
25760576
25792576
25824576
25856576
25888576
25920576
25952576
25984576
26016576
26048576
26080576
26112576
26144576
26176576
26208576
26240576
26272576
26304576
26336576
26368576
26400576
26432576
26464576
26496576
26528576
26560576
26592576
26624576
26656576
26688576
26720576
26752576
26784576
26816576
26848576
26880576
26912576
26944576
26976576
27008576
27040576
27072576
27104576
27136576
27168576
27200576
27232576
27264576
27296576
27328576
27360576
27392576
27424576
27456576
27488576
27520576
27552576
27584576
27616576
27648576
27680576
27712576
27744576
27776576
27808576
27840576
27872576
27904576
27936576
27968576
28000576
28032576
28064576
28096576
28128576
28160576
28192576
28224576
28256576
28288576
28320576
28352576
28384576
28416576
28448576
28480576
28512576
28544576
28576576
28608576
28640576
28672576
28704576
28736576
28768576
28800576
28832576
28864576
28896576
28928576
28960576
28992576
29024576
29056576
29088576
29120576
29152576
29184576
29216576
29248576
29280576
29312576
29344576
29376576
29408576
29440576
29472576
29504576
29536576
29568576
29600576
29632576
29664576
29696576
29728576
29760576
29792576
29824576
29856576
29888576
29920576
29952576
29984576
