nan
-622.0125
-1221.634375
-944.8104166666667
-926.5250000000001
-882.425
-902.5052083333334
-889.3776785714286
-847.97265625
-873.9395833333333
-861.9081249999999
-841.3289772727272
-808.6942708333332
-800.1600961538461
-813.5227678571428
-788.2754166666666
-798.3726562500001
-798.2077205882354
-793.8569444444445
-765.0947368421054
-758.72625
-777.8568452380953
-787.2926136363636
-763.8673913043478
-763.9783854166666
-770.7235
-758.9134615384614
-773.5587962962962
-781.9825892857142
-773.4025862068964
-785.4531249999999
-790.8497983870967
-781.8345703125001
-778.6130681818183
-767.1323529411766
-774.0883928571429
-776.0258680555557
-782.7048986486489
-775.9075657894739
-772.7615384615386
-779.853125
-779.2184451219512
-772.4059523809524
-806.9030523255815
-805.2987215909092
-846.6561111111112
-844.4220108695652
-888.4001329787235
-876.9782552083334
-871.9928571428571
-863.617875
-856.0595588235295
-853.1361778846154
-842.3713443396226
-833.7432870370371
-832.6092045454546
-831.9488839285714
-823.6305921052631
-814.4922413793103
-806.476906779661
-796.3494791666667
-789.1392418032788
-781.7578629032258
-775.896626984127
-766.66806640625
-756.335
-748.2587121212122
-742.5136194029851
-735.519393382353
-728.4407608695653
-722.8685714285715
-714.5257042253522
-707.3302083333333
-698.9097602739726
-692.1775337837837
-685.7410833333332
-677.900082236842
-670.5359577922077
-664.1570512820512
-658.2150316455695
-653.026640625
-646.7064814814814
-639.7608231707317
-633.6701054216867
-627.8610119047619
-622.706544117647
-617.3344476744186
-611.7969109195402
-605.7394176136364
-601.483988764045
-596.2442361111111
-592.2374313186814
-587.6420516304348
-581.7155241935484
-576.9708111702129
-571.7884210526316
-567.3466796875
-563.0171391752577
-558.5679846938775
-553.7429292929293
-549.9458125
-545.019306930693
-540.9589460784314
-536.7916262135922
-533.1799278846154
-530.1955357142857
-526.6531839622642
-522.6134345794393
-519.0376157407408
-516.0301032110092
-512.5757386363638
-508.5515202702703
-505.2107142857143
-501.2836836283186
-498.0143092105263
-494.265
-490.87947198275856
-487.77393162393156
-484.78474576271185
-481.5473739495798
-478.17953124999997
-475.04240702479336
-472.91962090163935
-470.0206300813008
-467.2985887096774
-464.21795000000003
-461.80605158730157
-458.8324803149606
-456.47807617187505
-454.1018410852713
-451.4048557692308
-448.70906488549616
-445.7161931818182
-443.3299812030075
-440.62378731343284
-438.03912037037037
-435.9141544117647
-433.42691605839417
-431.4085144927536
-429.5099370503597
-427.7714732142857
-425.6933953900709
-423.92777288732395
-422.06805069930067
-420.1829427083333
-418.8543103448276
-416.68908390410957
-414.46717687074835
-412.3978462837838
-410.4208053691275
-408.59833333333336
-407.8587748344371
-406.5912828947368
-405.04603758169935
-403.15523538961037
-402.023064516129
-400.1230769230769
-398.5771496815287
-397.16740506329114
-395.84992138364777
-394.44953125
-393.1874611801242
-392.1564429012346
-390.57085889570556
-388.84009146341464
-387.7519318181818
-386.20180722891564
-384.7993263473054
-383.93909970238093
-382.6229289940828
-380.82525735294115
-379.4127192982456
-378.2346293604651
-376.56640173410403
-375.077658045977
-373.3927142857143
-371.99005681818187
-370.17436440677966
-368.48254915730337
-367.21487430167605
-366.11052083333334
-365.35642265193377
-364.4260989010989
-363.23750000000007
-361.9231317934783
-360.9468243243244
-360.055309139785
-358.91677807486633
-358.98670212765956
-358.21299603174606
-357.51200657894736
-356.470942408377
-355.3130208333334
-354.1441386010363
-353.51617268041235
-353.0400961538462
-352.1733418367347
-350.82845812182745
-349.5204545454546
-348.42456030150754
