nan
-736.725
-876.975
-970.3854166666666
-1165.2890625
-1050.10375
-1038.8166666666668
-992.4241071428572
-1044.6171875
-1020.1756944444444
-977.2706249999999
-929.4573863636364
-933.5145833333332
-935.9004807692307
-942.0834821428571
-915.4116666666666
-900.2578125
-875.8073529411765
-859.1138888888889
-852.2243421052632
-836.7943750000001
-835.5154761904762
-823.2644886363637
-802.0687500000001
-780.9614583333333
-756.427
-740.7382211538461
-728.7113425925926
-714.4377232142857
-703.8157327586207
-698.12875
-682.7159274193548
-672.4136718750001
-659.9695075757576
-651.5430147058823
-642.5412500000001
-629.5440972222223
-623.1260135135136
-611.7861842105264
-598.053685897436
-590.2315625
-579.8724085365853
-569.9488095238095
-559.7783430232558
-552.2856534090909
-542.5769444444444
-534.4388586956521
-527.7267287234042
-521.30703125
-514.4596938775511
-508.24050000000005
-500.4909313725491
-494.6680288461539
-487.8030660377359
-488.99421296296305
-485.44011363636366
-484.3868303571429
-483.57785087719304
-479.8443965517242
-481.1171610169492
-480.92906250000004
-480.48719262295083
-477.8329637096774
-472.98809523809524
-469.62880859375
-468.28365384615387
-463.952178030303
-459.3372201492537
-456.2901654411765
-453.10235507246375
-450.5136607142857
-447.77464788732397
-444.88758680555554
-441.7797945205479
-439.09484797297296
-439.47841666666665
-436.8724506578948
-434.39358766233767
-432.970592948718
-430.9550632911393
-428.62882812500004
-427.05308641975313
-425.3871951219512
-427.0181475903614
-426.2145089285714
-425.2987499999999
-425.188590116279
-424.9474137931034
-423.25134943181814
-422.41165730337076
-420.77090277777774
-421.92534340659336
-419.8210597826087
-419.0993951612903
-420.8986037234043
-422.6188157894737
-419.73821614583335
-421.3245489690722
-420.0697066326531
-417.96868686868686
-417.3575
-415.65754950495045
-413.9540441176471
-411.8857402912621
-409.72902644230777
-408.2770833333334
-405.8758844339623
-403.001343457944
-400.0112268518519
-397.2370986238533
-394.7652840909092
-392.58716216216226
-389.95664062500003
-387.2677544247788
-385.10411184210534
-382.5261413043479
-380.73572198275866
-379.0674145299146
-377.0829449152543
-375.05021008403367
-373.90932291666667
-372.7357438016529
-370.9302766393443
-369.5442073170732
-368.8968245967742
-367.80055000000004
-365.93134920634924
-363.8356299212599
-362.1486328125
-360.52354651162796
-361.49788461538463
-360.4178435114504
-359.16122159090907
-357.6901315789474
-356.7756529850746
-355.42018518518523
-354.01084558823527
-352.1853558394161
-350.15865036231884
-348.0837230215827
-347.2603571428571
-345.2779698581561
-343.95066021126763
-341.9898601398602
-341.1120659722222
-339.1630603448276
-337.89503424657534
-336.44740646258504
-335.49531249999995
-334.2816275167785
-333.8
-334.6836920529801
-334.56965460526317
-334.662704248366
-334.9706168831169
-335.2260483870968
-334.6870592948718
-334.7515525477707
-333.56617879746835
-332.53915094339624
-332.2103515625
-331.5388586956522
-330.3937885802469
-329.04520705521475
-328.18906250000003
-327.24087121212125
-327.26381777108435
-326.4924401197605
-325.67105654761906
-325.08809171597636
-328.0661397058824
-330.5275584795322
-334.98026889534884
-341.23536849710985
-340.7454022988506
-340.3688928571429
-339.10170454545454
-338.62203389830506
-337.3040730337079
-337.01993715083796
-335.6276041666667
-333.9782113259668
-333.1054258241758
-332.34357923497265
-330.88821331521734
-329.91172297297294
-328.82442876344084
-327.98499331550795
-326.7425531914893
-325.43346560846555
-324.3973684210526
-323.16128926701566
-322.3065104166667
-321.0862046632124
-320.2944265463918
-319.5451282051282
-318.0590880102041
-317.1942258883249
-316.20776515151516
-314.7879396984925
