-936.1625
-547.80625
-773.375
-1212.56875
-1087.8625
-694.55625
-2375.41875
-1897.0375
-625.25
-615.925
-1770.0
-925.7
-1121.33125
-654.43125
-531.725
-725.1625
-4084.96875
-452.2875
-1250.1375
-488.93125
-565.9
-413.3
-774.43125
-986.31875
-766.44375
-641.06875
-484.13125
-279.50625
-1156.0875
-314.725
-584.0875
-257.325
-183.7875
-309.06875
-370.13125
-502.13125
-391.75
-395.98125
-498.7375
-510.16875
-505.7375
-605.65
-242.70625
-542.25
-421.3
-501.93125
-387.175
-445.9125
-297.2625
-295.25625
-330.8625
-332.53125
-618.35625
-1000.1
-584.275
-424.1
-357.65625
-370.65
-423.8625
-264.4125
-326.48125
-312.9125
-240.70625
-259.31875
-418.53125
-481.94375
-320.2875
-434.15
-367.4625
-443.05
-340.9
-295.78125
-284.01875
-300.15625
-267.16875
-270.98125
-302.4875
-308.34375
-187.5875
-263.125
-357.5125
-291.1625
-322.71875
-274.88125
-532.10625
-433.3375
-327.8125
-291.78125
-294.01875
-274.59375
-535.81875
-299.96875
-296.875
-346.1875
-470.9375
-224.8625
-205.2
-233.6625
-198.81875
-383.5
-178.1625
-139.13125
-221.1
-219.48125
-149.18125
-177.69375
-189.1625
-174.98125
-629.725
-541.7625
-1290.25
-282.45
-686.85
-147.2875
-167.09375
-121.2625
-218.86875
-107.54375
-130.8625
-52.41875
-88.2625
-123.68125
-180.275
-91.30625
-81.11875
-76.125
-129.63125
-33.6625
-103.1125
-109.91875
-88.45625
-101.25625
-75.8875
-73.88125
-93.30625
-130.00625
-149.33125
-329.90625
-316.58125
-240.6625
-265.65
-361.9375
-299.01875
-211.81875
-709.6
-541.86875
-197.3
-131.375
-342.1875
-450.71875
-271.3625
-372.03125
-308.10625
-367.75
-416.875
-435.74375
-89.35
-122.475
-71.45
-96.775
-82.59375
-68.55
-266.0375
-131.575
-179.2125
-56.79375
-114.1
-50.60625
-179.7375
-305.825
-303.20625
-237.00625
-208.44375
-213.05625
-239.61875
-382.65
-203.3
-205.0625
-147.65625
-444.83125
-140.0875
-249.6625
-211.81875
-144.23125
-40.275
-92.0125
-220.1
-257.65625
-215.5375
-84.925
-110.1
-111.00625
-145.6625
-260.09375
-161.6
-256.46875
-1499.525
-278.5125
-177.075
-158.89375
