-740.2
-886.6125
-534.43125
-885.46875
-1624.39375
-1701.31875
-1299.2
-1044.7875
-1199.675
-439.6625
-575.94375
-1036.65625
-539.05
-476.13125
-958.6375
-815.4125
-364.8
-397.55
-624.6375
-551.76875
-289.11875
-535.4875
-402.825
-287.2625
-293.45
-740.16875
-267.3625
-393.075
-275.6
-269.26875
-230.43125
-569.525
-419.6875
-286.26875
-278.075
-365.55625
-353.575
-220.1
-475.2375
-444.9125
-286.6875
-199.5375
-234.3375
-308.93125
-287.4125
-109.1125
-128.525
-195.06875
-302.5
-207.44375
-227.475
-310.16875
-177.98125
-391.9375
-150.75625
-239.76875
-199.4
-313.35
-201.40625
-241.1
-419.01875
-221.0625
-316.13125
-229.64375
-221.39375
-164.89375
-404.14375
-259.1875
-225.9625
-306.7875
-308.55
-369.1875
-192.21875
-191.925
-122.2
-114.91875
-163.28125
-102.0625
-150.46875
-118.39375
-161.74375
-232.0
-206.1125
-148.05
-171.4125
-99.4
-357.1375
-216.34375
-154.0375
-198.1125
-339.575
-180.2125
-204.4875
-169.50625
-198.2125
-118.3875
-130.6625
-216.11875
-159.50625
-323.9125
-256.89375
-301.01875
-228.525
-257.36875
-147.275
-265.175
-285.83125
-207.725
-146.0375
-232.81875
-103.0625
-114.90625
-148.9875
-162.69375
-212.95625
-136.8
-119.2375
-181.1625
-189.5375
-349.94375
-183.44375
-197.4875
-170.2625
-139.41875
-127.33125
-129.6625
-132.5625
-172.64375
-235.99375
-98.675
-158.8875
-112.95625
-36.8
-82.73125
-140.75
-86.44375
-66.35625
-115.0
-204.58125
-60.45625
-66.5
-167.64375
-69.59375
-115.525
-38.65625
-135.94375
-117.85625
-75.01875
-93.25
-218.90625
-71.45
-79.6375
-38.0375
-175.1625
-98.3875
-104.1
-144.225
-31.85
-193.0125
-132.0875
-80.5875
-70.2125
-73.2125
-70.6875
-128.80625
-55.8375
-31.85
-63.025
-74.06875
-26.9
-56.175
-43.4625
-92.91875
-47.03125
-88.15625
-15.0
-15.0
-54.125
-94.4875
-63.2625
-46.55625
-77.49375
-46.55625
-68.83125
-82.96875
-127.51875
-79.35
-21.80625
-60.8375
-67.45
-59.55
-93.2
-44.7
-101.15
-49.65
-101.53125
-20.56875
-74.4
-93.10625
-19.95
