12.213393468
13.594720322
14.695371308
17.575653225
19.771895375
20.900015785
23.176060828
24.32642872
26.174398582
27.774868403
30.118442368
35.549081983
39.627319989
45.988161004
49.073787474
50.020623525
51.264748216
53.219769395
54.818302466
56.111467654
58.667234902
59.90466278
60.904632418
62.385066699
63.222557239
64.293308071
65.097174945
66.214507115
66.869208575
69.126749083
70.870626926
71.962733671
73.322545192
75.407790816
76.745928783
78.327883522
80.001517895
81.666639407
83.406863949
85.681933134
87.249379866
88.856443056
90.012779721
91.749286709
93.763745142
96.02886328
101.381589339
103.919364928
108.432095354
111.311291643
120.081540378
123.722988979
127.420326485
130.068768858
132.961983294
135.189216918
138.057869184
142.391024759
153.486306639
155.169144726
157.362409457
158.747530145
160.427244622
162.323913437
163.978929663
165.288429722
167.679807903
168.972524819
170.244496215
171.606168061
173.145438418
174.812311185
176.620550264
177.651184134
178.875252024
180.599026796
181.616036059
182.769308547
184.238243157
186.146821884
189.342464268
190.828772235
193.011360415
194.583624894
196.372442042
197.598560928
200.601608165
203.064761457
204.700766273
206.064140005
207.590268797
209.831620459
211.725497709
213.311074651
216.545268914
218.764746384
220.127224464
221.389693658
224.12226993
226.886497705
229.12886248
230.545926801
232.014473718
234.183600242
236.525961557
238.075651559
239.405323485
241.136834494
242.758923487
244.887910856
246.296358824
247.957207167
249.589985107
251.61667071
253.205517287
254.274131445
256.453470119
257.957079279
259.300324118
262.807207206
264.671284727
266.700061432
268.749032943
270.417045108
272.606270023
274.253435927
275.433241098
278.51411985
280.359146234
283.627927446
287.205252946
289.076755044
290.259806117
295.2113136
296.091570561
297.405781163
298.771922363
300.157935593
301.839325624
304.274494875
305.459618391
306.816149679
308.64493337
310.073072201
311.135032766
312.379752172
314.005059855
315.375926997
317.247551479
319.222416445
322.249537977
323.656087686
326.541079839
328.01693745
329.995026739
331.515000486
332.831754543
335.430466774
337.010358121
338.712760072
340.833486865
341.916765548
342.812037776
343.785142102
345.30090107
346.496910569
348.550512493
349.448050629
350.96278402
352.123772894
354.781500415
356.320626697
358.14877618
359.680189169
361.58690244
363.484369698
366.143382446
367.295500091
370.439101606
372.821604544
374.138741305
375.943228033
377.959218088
379.231847748
380.981960122
382.020163811
384.596819165
386.172653373
387.95757987
390.408588084
392.250342599
393.46807557
395.517536716
398.741581067
403.811869201
415.280631469
420.614750662
426.704575979
432.425527424
435.43673819
