12.139809651
12.865768424
14.059991959
16.02981854
17.914397406
19.214119452
24.234174982
27.904463465
28.960256806
30.242678815
34.145850705
36.438981331
39.267489156
40.688975832
42.049410271
43.900175213
55.163462771
56.745692538
60.925698305
62.278916272
63.940159146
65.281957722
67.719657946
72.400777446
75.428676806
78.175658785
80.264541714
81.616911558
86.275517243
87.542465327
89.858004375
91.185683084
92.470640989
94.266341605
95.850465595
98.610340937
100.97902184
102.989597238
104.771463621
107.216088974
109.264581766
112.237288782
113.259924418
115.873428827
117.910869894
120.130398905
122.229742837
124.663941287
126.567231259
127.969519495
129.655957506
131.670078496
134.45655483
139.093962488
141.659416987
143.199934995
144.76722702
146.392658855
147.949790704
149.273457542
150.895585698
152.212850517
153.311124729
154.523673548
156.407377803
159.193930985
160.355973926
162.579332053
164.467636246
166.65392733
168.17852548
169.807619897
170.974464212
172.237114616
173.290853691
174.818781004
176.092697267
177.55292047
178.556017538
179.797208052
181.411204779
183.012156537
184.581293296
185.839375541
188.556750653
190.660567603
192.348106916
193.994657932
195.679140776
196.796170718
199.496989253
201.240119354
202.96410242
204.978631126
207.000371135
208.743709298
209.991947555
211.286017729
212.234595506
214.080337531
215.120939297
215.922490089
217.516360918
219.035168423
220.573333191
222.682879664
224.226855603
226.051990941
228.890013176
231.265020165
237.695532659
239.221184779
248.308239126
251.044687927
254.476630941
258.282833263
260.705031781
263.384926521
265.773667185
267.46273603
269.546476114
272.527458989
275.773730834
277.690417796
279.372662234
281.565391715
284.661022847
286.060852114
288.286925136
290.500530964
293.135035616
295.397937852
297.729829148
299.156755241
301.247263475
303.719788928
306.37949605
308.540545069
310.834336735
312.788171739
314.699686127
316.735911948
319.081190659
321.500535189
325.999544838
330.266261357
331.97579541
333.189803717
335.540906895
339.365236248
341.520895435
344.081349773
346.194491977
349.033726765
352.631106113
358.777904767
360.349725505
361.674172706
362.705784717
364.279640496
366.177134626
367.697376578
370.767579099
373.312768487
375.067203612
376.588794083
378.161910929
379.694409841
381.632117374
384.323330222
386.837730266
390.283061809
393.036374393
395.21611066
397.922417365
401.377922758
403.77305448
406.350284097
408.14794432
414.471875382
416.128633538
418.989942511
421.243726171
423.339891406
424.525589124
425.793499411
427.938915882
430.503625585
433.674411148
435.600112576
436.994229267
438.745998076
441.325695313
445.393998914
447.018888352
450.092258889
472.862899632
477.037003041
479.57148331
482.214056048
