12.0
22.0
22.0
20.0
19.0
17.833333333333332
16.714285714285715
17.0
18.666666666666668
18.9
22.818181818181817
21.833333333333332
21.615384615384617
21.071428571428573
20.733333333333334
20.4375
20.294117647058822
21.055555555555557
20.789473684210527
21.0
21.333333333333332
21.318181818181817
21.91304347826087
21.541666666666668
21.4
21.576923076923077
21.444444444444443
21.678571428571427
21.620689655172413
21.366666666666667
21.129032258064516
20.875
20.818181818181817
20.705882352941178
20.457142857142856
20.194444444444443
20.08108108108108
19.842105263157894
19.743589743589745
19.7
19.682926829268293
19.595238095238095
19.488372093023255
20.113636363636363
20.08888888888889
20.565217391304348
21.29787234042553
21.145833333333332
20.959183673469386
21.2
21.235294117647058
21.03846153846154
20.88679245283019
21.166666666666668
21.272727272727273
21.214285714285715
21.0
20.948275862068964
20.93220338983051
20.9
20.78688524590164
20.677419354838708
20.49206349206349
20.59375
20.43076923076923
20.545454545454547
20.73134328358209
20.88235294117647
21.231884057971016
21.257142857142856
21.338028169014084
21.51388888888889
21.698630136986303
21.85135135135135
21.933333333333334
21.789473684210527
21.649350649350648
21.91025641025641
21.810126582278482
21.825
21.71604938271605
21.634146341463413
21.89156626506024
21.857142857142858
21.776470588235295
21.732558139534884
21.632183908045977
21.545454545454547
22.202247191011235
22.288888888888888
22.197802197802197
22.17391304347826
22.204301075268816
22.117021276595743
22.347368421052632
22.229166666666668
22.185567010309278
22.214285714285715
22.262626262626263
22.19
22.643564356435643
22.519607843137255
22.57281553398058
22.557692307692307
22.571428571428573
22.471698113207548
22.60747663551402
22.62962962962963
22.63302752293578
22.672727272727272
22.594594594594593
22.5
22.97345132743363
22.94736842105263
23.069565217391304
23.112068965517242
23.034188034188034
23.135593220338983
23.159663865546218
23.183333333333334
23.123966942148762
23.540983606557376
23.54471544715447
23.612903225806452
23.52
23.49206349206349
23.62204724409449
23.578125
23.62015503875969
23.807692307692307
23.908396946564885
24.045454545454547
24.2406015037594
24.67910447761194
24.59259259259259
24.566176470588236
24.48905109489051
24.41304347826087
24.33093525179856
24.271428571428572
24.21985815602837
24.161971830985916
24.482517482517483
24.46527777777778
24.351724137931033
24.32191780821918
24.35374149659864
24.25
24.248322147651006
24.213333333333335
24.14569536423841
24.05921052631579
24.03267973856209
24.136363636363637
24.083870967741934
24.044871794871796
24.063694267515924
24.025316455696203
24.18867924528302
24.20625
24.142857142857142
24.358024691358025
24.374233128834355
24.304878048780488
24.30909090909091
24.234939759036145
24.305389221556887
24.398809523809526
24.349112426035504
24.31764705882353
24.28654970760234
24.238372093023255
24.184971098265898
24.333333333333332
24.28
24.210227272727273
24.1864406779661
24.213483146067414
24.189944134078214
24.394444444444446
24.34254143646409
24.36263736263736
24.333333333333332
24.429347826086957
24.416216216216217
24.79032258064516
24.74866310160428
24.835106382978722
25.03174603174603
25.04736842105263
25.12565445026178
25.244791666666668
25.191709844559586
25.314432989690722
25.446153846153845
25.387755102040817
25.507614213197968
25.59090909090909
25.628140703517587
25.635
25.601990049751244
25.56930693069307
25.798029556650246
25.99019607843137
26.082926829268292
26.063106796116504
26.198067632850243
26.240384615384617
26.210526315789473
26.19047619047619
26.251184834123222
26.212264150943398
26.248826291079812
27.074766355140188
27.176744186046513
27.73611111111111
27.65437788018433
27.587155963302752
27.5662100456621
27.672727272727272
27.737556561085974
27.765765765765767
27.690582959641254
27.629464285714285
27.715555555555557
28.07079646017699
28.45814977973568
28.605263157894736
28.943231441048034
29.27391304347826
29.242424242424242
29.185344827586206
29.532188841201716
29.478632478632477
29.557446808510637
29.52542372881356
29.514767932489452
29.747899159663866
29.84100418410042
30.05
30.08298755186722
30.107438016528924
30.106995884773664
30.049180327868854
30.248979591836736
30.69918699186992
30.967611336032387
31.5
31.76706827309237
31.908
32.19521912350598
32.13095238095238
32.22529644268775
32.28346456692913
32.4
32.41796875
32.447470817120625
32.74031007751938
32.95752895752896
33.4
33.53639846743295
33.541984732824424
33.60456273764259
33.81060606060606
34.241509433962264
34.37593984962406
34.325842696629216
34.6455223880597
34.6728624535316
35.01481481481481
34.99261992619926
34.981617647058826
34.96336996336996
34.93065693430657
35.261818181818185
35.391304347826086
35.34657039711191
35.802158273381295
35.83512544802868
35.917857142857144
36.12811387900356
36.09574468085106
36.51943462897526
36.566901408450704
36.90877192982456
37.29370629370629
37.616724738675956
37.86805555555556
38.134948096885815
38.56551724137931
38.52577319587629
38.58561643835616
38.94539249146758
38.89115646258504
38.84406779661017
39.37837837837838
39.38047138047138
39.647651006711406
40.10033444816054
40.49333333333333
40.89036544850498
41.41721854304636
41.51155115511551
41.86842105263158
42.324590163934424
42.71895424836601
43.36807817589577
43.67857142857143
44.080906148867314
44.21612903225807
44.92282958199357
45.01282051282051
45.65495207667732
46.37898089171974
46.91111111111111
47.322784810126585
48.08832807570978
48.79245283018868
49.18181818181818
49.578125
50.5202492211838
50.82608695652174
51.85448916408669
52.117283950617285
52.4
53.012269938650306
53.64525993883792
54.16158536585366
54.8936170212766
55.733333333333334
56.45921450151057
56.8644578313253
57.3033033033033
57.691616766467064
58.211940298507464
59.205357142857146
59.8486646884273
60.73372781065089
62.02949852507375
62.86176470588235
64.14369501466275
64.83040935672514
66.09912536443149
66.39825581395348
66.9072463768116
67.48554913294798
68.11239193083574
68.63793103448276
69.87392550143267
71.10285714285715
71.45299145299145
72.36931818181819
73.34277620396601
74.40395480225989
75.02535211267606
76.21910112359551
77.406162464986
78.58659217877096
79.76044568245125
80.45833333333333
81.62049861495845
82.01657458563535
83.16804407713498
84.14835164835165
85.28767123287672
86.4207650273224
87.54768392370572
88.66847826086956
89.78319783197831
90.89189189189189
91.99460916442048
93.09139784946237
94.1823056300268
95.26737967914438
96.34666666666666
97.42021276595744
98.3262599469496
99.38888888888889
100.0
101.05263157894737
102.0997375328084
103.1413612565445
104.177545691906
105.20833333333333
106.23376623376623
106.82642487046633
107.8423772609819
108.85309278350516
109.8586118251928
110.85897435897436
111.8542199488491
112.84438775510205
113.8295165394402
114.80964467005076
115.78481012658227
116.7550505050505
117.72040302267003
118.24120603015075
119.19799498746868
120.15
121.09725685785536
122.03980099502488
122.97766749379653
123.91089108910892
124.8395061728395
125.76354679802955
126.68304668304668
127.59803921568627
128.5085574572127
129.41463414634146
130.31630170316302
131.2135922330097
132.10653753026634
132.9951690821256
133.87951807228916
134.7596153846154
135.63549160671462
136.5071770334928
137.37470167064438
138.23809523809524
139.09738717339667
139.95260663507108
140.80378250591016
141.6509433962264
142.49411764705883
143.33333333333334
144.1686182669789
145.0
145.82750582750583
146.65116279069767
147.4709976798144
148.28703703703704
149.09930715935334
149.9078341013825
150.71264367816093
151.5137614678899
152.3112128146453
153.10502283105023
153.89521640091115
154.6818181818182
155.46485260770976
156.2443438914027
157.02031602708803
157.7927927927928
158.56179775280899
159.3273542600897
160.08948545861298
160.84821428571428
161.60356347438753
162.35555555555555
163.1042128603104
163.8495575221239
164.5916114790287
165.33039647577093
166.06593406593407
166.7982456140351
167.52735229759298
168.25327510917032
168.9760348583878
169.69565217391303
170.412147505423
171.12554112554113
171.83585313174947
172.54310344827587
173.247311827957
173.94849785407726
174.64668094218416
175.34188034188034
176.03411513859274
176.72340425531914
177.40976645435245
178.09322033898306
178.7737843551797
179.45147679324896
180.1263157894737
180.7983193277311
181.46750524109015
182.13389121338912
182.79749478079333
183.45833333333334
184.11642411642413
184.77178423236515
185.42443064182194
186.07438016528926
186.72164948453607
187.36625514403292
188.00821355236138
188.64754098360655
189.28425357873212
189.91836734693877
190.54989816700612
191.1788617886179
191.8052738336714
192.42914979757086
193.05050505050505
193.66935483870967
194.28571428571428
194.8995983935743
195.51102204408818
196.12
196.72654690618762
197.33067729083666
197.9324055666004
198.53174603174602
199.12871287128712
199.72332015810278
200.3155818540434
200.90551181102362
201.49312377210217
202.07843137254903
202.6614481409002
203.2421875
203.82066276803118
204.39688715953307
204.97087378640776
205.54263565891472
206.11218568665376
206.67953667953668
207.24470134874758
207.80769230769232
208.36852207293666
208.9272030651341
209.48374760994264
210.0381679389313
210.59047619047618
211.1406844106464
211.6888045540797
212.2348484848485
212.7788279773157
213.32075471698113
213.86064030131826
214.3984962406015
214.9343339587242
215.4681647940075
216.0
216.52985074626866
217.05772811918064
217.5836431226766
218.10760667903526
218.62962962962962
219.1497227356747
219.6678966789668
220.18416206261512
220.6985294117647
221.21100917431193
221.7216117216117
222.23034734917732
222.73722627737226
223.2422586520947
223.74545454545455
224.24682395644282
224.7463768115942
225.24412296564196
225.74007220216606
226.23423423423424
226.72661870503597
227.21723518850987
227.70609318996415
228.1932021466905
228.67857142857142
229.16221033868092
229.644128113879
230.12433392539964
230.60283687943263
231.0796460176991
231.5547703180212
232.02821869488537
232.5
232.9701230228471
233.43859649122808
233.90542907180387
234.37062937062936
234.83420593368237
235.29616724738676
235.75652173913045
236.21527777777777
236.67244367417678
237.1280276816609
237.58203799654578
238.0344827586207
238.4853700516351
238.93470790378007
239.38250428816465
239.82876712328766
240.27350427350427
240.71672354948805
241.15843270868825
241.59863945578232
242.03735144312395
242.47457627118644
242.9103214890017
243.34459459459458
243.77740303541316
244.20875420875421
244.6386554621849
245.06711409395973
245.49413735343384
245.91973244147158
246.3439065108514
246.76666666666668
247.18801996672212
247.6079734219269
248.02653399668324
248.4437086092715
248.8595041322314
249.27392739273927
249.68698517298188
250.09868421052633
250.50903119868636
250.91803278688525
251.32569558101474
251.73202614379085
252.13703099510604
252.54071661237785
252.9430894308943
253.34415584415584
253.74392220421393
254.14239482200648
254.53957996768983
254.93548387096774
255.33011272141707
255.7234726688103
256.115569823435
256.5064102564103
256.896
257.2843450479233
257.6714513556619
258.05732484076435
258.44197138314786
258.8253968253968
259.20760697305866
259.5886075949367
259.9684044233807
260.3470031545741
260.7244094488189
261.1006289308176
261.4756671899529
261.84952978056424
262.22222222222223
262.59375
262.9641185647426
263.3333333333333
263.701399688958
264.06832298136646
264.4341085271318
264.7987616099071
265.16228748068005
265.5246913580247
265.88597842835134
266.24615384615385
266.605222734255
266.9631901840491
267.3200612557427
267.67584097859327
268.03053435114504
268.3841463414634
268.73668188736684
269.08814589665656
269.43854324734446
269.7878787878788
270.13615733736765
270.4833836858006
270.82956259426845
271.17469879518075
271.5187969924812
271.8618618618619
272.2038980509745
272.54491017964074
272.8849028400598
273.2238805970149
273.5618479880775
273.8988095238095
274.23476968796433
274.56973293768544
274.9037037037037
275.23668639053255
275.56868537666173
275.89970501474926
276.2297496318115
