10.0
10.5
13.333333333333334
17.0
15.4
15.5
15.571428571428571
15.875
20.444444444444443
21.9
21.454545454545453
20.666666666666668
19.923076923076923
21.285714285714285
21.066666666666666
20.625
20.0
19.555555555555557
19.94736842105263
19.6
19.38095238095238
19.5
20.043478260869566
20.083333333333332
19.8
19.76923076923077
19.74074074074074
19.535714285714285
19.93103448275862
19.633333333333333
19.548387096774192
20.21875
20.09090909090909
21.0
20.714285714285715
21.22222222222222
21.675675675675677
21.973684210526315
22.128205128205128
22.05
22.390243902439025
22.857142857142858
22.674418604651162
22.545454545454547
22.377777777777776
22.52173913043478
22.25531914893617
22.083333333333332
21.857142857142858
21.72
21.529411764705884
21.365384615384617
21.150943396226417
21.09259259259259
21.054545454545455
21.017857142857142
20.92982456140351
20.896551724137932
20.847457627118644
20.95
21.40983606557377
21.338709677419356
21.49206349206349
21.609375
21.584615384615386
21.560606060606062
21.64179104477612
21.897058823529413
21.73913043478261
21.9
22.070422535211268
22.01388888888889
21.876712328767123
21.756756756756758
21.826666666666668
21.907894736842106
21.896103896103895
21.94871794871795
21.9873417721519
21.95
22.012345679012345
21.914634146341463
21.987951807228917
22.142857142857142
22.08235294117647
22.011627906976745
21.942528735632184
21.829545454545453
21.752808988764045
21.72222222222222
21.615384615384617
21.619565217391305
21.602150537634408
21.48936170212766
21.357894736842105
21.333333333333332
21.257731958762886
21.20408163265306
21.232323232323232
21.23
21.14851485148515
21.284313725490197
21.174757281553397
21.182692307692307
21.6
21.556603773584907
21.560747663551403
21.72222222222222
21.68807339449541
21.71818181818182
21.81081081081081
21.964285714285715
21.964601769911503
21.964912280701753
22.182608695652174
22.086206896551722
22.00854700854701
21.983050847457626
21.983193277310924
21.883333333333333
21.801652892561982
21.811475409836067
21.747967479674795
21.903225806451612
21.864
21.88888888888889
21.913385826771652
21.9140625
22.186046511627907
22.161538461538463
22.18320610687023
22.28030303030303
22.398496240601503
22.67910447761194
22.68148148148148
22.654411764705884
22.67153284671533
22.608695652173914
22.546762589928058
22.607142857142858
22.581560283687942
22.690140845070424
22.678321678321677
22.61111111111111
22.606896551724137
22.863013698630137
22.92517006802721
22.97972972972973
23.06711409395973
23.186666666666667
23.132450331125828
23.19736842105263
23.19607843137255
23.116883116883116
23.06451612903226
23.096153846153847
23.05732484076433
23.0126582278481
23.0188679245283
22.975
22.91304347826087
22.85185185185185
22.87730061349693
22.963414634146343
22.915151515151514
22.97590361445783
22.898203592814372
22.93452380952381
22.86390532544379
22.894117647058824
22.81286549707602
22.901162790697676
22.90751445086705
23.091954022988507
23.091428571428573
23.051136363636363
23.050847457627118
22.99438202247191
23.150837988826815
23.372222222222224
23.314917127071823
23.26923076923077
23.3551912568306
23.342391304347824
23.313513513513513
23.301075268817204
23.406417112299465
23.48404255319149
23.44973544973545
23.610526315789475
23.774869109947645
23.875
23.906735751295336
24.216494845360824
24.266666666666666
24.377551020408163
24.720812182741117
24.803030303030305
24.743718592964825
24.79
24.915422885572138
24.88118811881188
24.896551724137932
25.274509803921568
25.614634146341462
25.645631067961165
25.845410628019323
25.875
25.904306220095695
25.928571428571427
25.914691943127963
26.117924528301888
26.08450704225352
26.294392523364486
26.52093023255814
26.703703703703702
26.75115207373272
27.027522935779817
27.031963470319635
27.0
27.0
26.99099099099099
27.013452914798208
27.035714285714285
27.235555555555557
27.97787610619469
27.920704845814978
28.236842105263158
28.231441048034934
28.35217391304348
28.341991341991342
28.512931034482758
28.523605150214593
28.653846153846153
28.672340425531914
28.652542372881356
28.70886075949367
28.76050420168067
28.786610878661087
28.983333333333334
29.13278008298755
29.305785123966942
29.329218106995885
29.262295081967213
29.191836734693876
29.479674796747968
29.477732793522268
29.43951612903226
29.417670682730925
29.636
29.59760956175299
29.75
29.968379446640316
30.137795275590552
30.396078431372548
30.32421875
30.72762645914397
30.95736434108527
30.942084942084943
31.184615384615384
31.39463601532567
31.49618320610687
31.55133079847909
31.810606060606062
32.08679245283019
32.37218045112782
32.6816479400749
32.88059701492537
33.09293680297398
33.49629629629629
33.7380073800738
33.88235294117647
34.20879120879121
34.40875912408759
34.876363636363635
34.97463768115942
35.09747292418773
35.618705035971225
35.58064516129032
35.55357142857143
35.661921708185055
35.62765957446808
35.975265017667844
36.2112676056338
36.59649122807018
37.23776223776224
37.491289198606275
37.895833333333336
38.10034602076124
38.310344827586206
38.25429553264605
38.63356164383562
38.88737201365188
39.05102040816327
39.80338983050847
40.195945945945944
40.60942760942761
41.02684563758389
41.11036789297659
41.38666666666666
41.93023255813954
42.25496688741722
43.056105610561055
43.828947368421055
44.16393442622951
44.689542483660134
44.97394136807818
45.22727272727273
46.05825242718446
46.78064516129032
48.057877813504824
48.72435897435897
50.16613418530351
50.85031847133758
51.58412698412698
52.58227848101266
53.24290220820189
53.80503144654088
55.20376175548589
56.109375
57.49221183800623
58.86645962732919
59.87616099071207
60.06172839506173
61.41538461538462
62.104294478527606
63.4434250764526
64.77439024390245
66.09726443768997
67.4121212121212
68.7190332326284
69.92771084337349
71.21921921921921
72.10778443113773
73.38507462686567
74.6547619047619
75.91691394658754
77.17159763313609
78.4188790560472
79.65882352941176
80.89149560117302
81.89473684210526
82.62390670553935
83.45058139534883
84.65797101449276
85.85838150289017
87.05187319884726
88.23850574712644
89.41833810888252
90.59142857142857
91.75783475783476
92.91761363636364
94.07082152974505
95.21751412429379
96.35774647887324
97.49157303370787
98.61904761904762
99.63128491620111
100.74651810584959
101.85555555555555
102.9584487534626
104.05524861878453
105.14600550964187
106.23076923076923
107.30958904109589
107.96448087431693
109.03269754768392
109.90760869565217
110.96476964769647
112.01621621621622
113.06199460916442
114.10215053763442
115.1367292225201
116.16577540106952
117.18933333333334
118.20744680851064
119.22015915119363
120.22751322751323
121.22955145118733
122.22631578947369
123.21784776902886
124.20418848167539
125.18537859007833
126.16145833333333
127.13246753246753
128.0984455958549
129.0594315245478
130.01546391752578
130.96658097686375
131.9128205128205
132.8542199488491
133.7908163265306
134.72264631043257
135.6497461928934
136.57215189873418
137.489898989899
138.4030226700252
139.31155778894473
140.21553884711778
141.115
142.00997506234415
142.90049751243782
143.7866004962779
144.66831683168317
145.5456790123457
146.41871921182266
147.2874692874693
148.15196078431373
149.0122249388753
149.86829268292684
150.72019464720194
151.56796116504853
152.41162227602905
153.2512077294686
154.0867469879518
154.91826923076923
155.74580335731414
156.5693779904306
157.3890214797136
158.2047619047619
159.0166270783848
159.82464454976304
160.62884160756502
161.42924528301887
162.22588235294117
163.018779342723
163.807962529274
164.59345794392524
165.37529137529137
166.15348837209302
166.92807424593968
167.69907407407408
168.46651270207852
169.23041474654377
169.99080459770116
170.74770642201835
171.50114416475972
172.25114155251143
172.99772209567197
173.7409090909091
174.48072562358277
175.21719457013575
175.95033860045146
176.68018018018017
177.4067415730337
178.13004484304932
178.85011185682328
179.56696428571428
180.2806236080178
180.9911111111111
181.69844789356983
182.40265486725664
183.1037527593819
183.80176211453744
184.4967032967033
185.18859649122808
185.87746170678338
186.56331877729258
187.24618736383442
187.92608695652174
188.60303687635576
189.2770562770563
189.94816414686824
190.61637931034483
191.28172043010753
191.94420600858368
192.60385438972162
193.26068376068375
193.9147121535181
194.5659574468085
195.21443736730362
195.86016949152543
196.5031712473573
197.14345991561183
197.78105263157894
198.41596638655463
199.0482180293501
199.67782426778243
200.30480167014613
200.92916666666667
201.55093555093555
202.1701244813278
202.78674948240166
203.400826446281
204.0123711340206
204.62139917695472
205.22792607802876
205.83196721311475
206.43353783231083
207.0326530612245
207.62932790224033
208.22357723577235
208.815415821501
209.40485829959513
209.99191919191918
210.5766129032258
211.158953722334
211.73895582329317
212.31663326653307
212.892
213.46506986027944
214.0358565737052
214.60437375745528
215.1706349206349
215.73465346534653
216.29644268774703
216.8560157790927
217.41338582677164
217.96856581532415
218.521568627451
219.07240704500978
219.62109375
220.16764132553607
220.71206225680933
221.25436893203883
221.79457364341084
222.33268858800773
222.86872586872587
223.40269749518305
223.9346153846154
224.4644913627639
224.99233716475095
225.51816443594646
226.04198473282443
226.5638095238095
227.08365019011407
227.60151802656546
228.11742424242425
228.63137996219282
229.1433962264151
229.65348399246705
230.16165413533835
230.66791744840526
231.17228464419475
231.67476635514018
232.17537313432837
232.67411545623835
233.17100371747213
233.66604823747682
234.15925925925927
234.6506469500924
235.14022140221402
235.6279926335175
236.1139705882353
236.59816513761467
237.08058608058607
237.56124314442414
238.04014598540147
238.51730418943535
238.99272727272728
239.46642468239565
239.93840579710144
240.40867992766727
240.87725631768953
241.34414414414414
241.80935251798562
242.2728904847397
242.7347670250896
243.19499105545617
243.65357142857144
244.11051693404636
244.5658362989324
245.0195381882771
245.47163120567376
245.92212389380532
246.37102473498234
246.8183421516755
247.26408450704224
247.70826010544815
248.15087719298245
248.59194395796848
249.03146853146853
249.46945898778358
249.90592334494772
250.3408695652174
250.77430555555554
251.20623916811093
251.63667820069205
252.06563039723662
252.49310344827586
252.91910499139414
253.34364261168386
253.76672384219555
254.18835616438355
254.60854700854702
255.0273037542662
255.44463373083477
255.86054421768708
256.27504244482174
256.68813559322035
257.0998307952623
257.51013513513516
257.91905564924116
258.3265993265993
258.7327731092437
259.13758389261744
259.54103852596313
259.943143812709
260.3439065108514
260.74333333333334
261.1414309484193
261.53820598006644
261.9336650082919
262.32781456953643
262.7206611570248
263.1122112211221
263.502471169687
263.89144736842104
264.2791461412151
264.6655737704918
265.050736497545
265.43464052287584
265.8172920065253
266.19869706840393
266.57886178861787
266.9577922077922
267.3354943273906
267.7119741100324
268.08723747980616
268.4612903225806
268.8341384863124
269.20578778135047
269.57624398073835
269.9455128205128
270.3136
270.6805111821086
271.0462519936204
271.4108280254777
271.77424483306834
272.13650793650794
272.49762282091916
272.85759493670884
273.216429699842
273.57413249211356
273.9307086614173
274.2861635220126
274.64050235478805
274.9937304075235
275.34585289514865
275.696875
276.04680187207487
276.3956386292835
276.7433903576983
277.0900621118012
277.43565891472866
277.78018575851394
278.1236476043277
278.46604938271605
278.8073959938367
279.1476923076923
279.4869431643625
279.82515337423314
280.1623277182236
280.49847094801225
280.83358778625956
281.1676829268293
281.5007610350076
281.8328267477204
282.1638846737481
282.4939393939394
282.82299546142207
283.1510574018127
283.4781297134238
