12.0
32.0
22.0
14.0
15.0
12.0
10.0
19.0
32.0
21.0
62.0
11.0
19.0
14.0
16.0
16.0
18.0
34.0
16.0
25.0
28.0
21.0
35.0
13.0
18.0
26.0
18.0
28.0
20.0
14.0
14.0
13.0
19.0
17.0
12.0
11.0
16.0
11.0
16.0
18.0
19.0
16.0
15.0
47.0
19.0
42.0
55.0
14.0
12.0
33.0
23.0
11.0
13.0
36.0
27.0
18.0
9.0
18.0
20.0
19.0
14.0
14.0
9.0
27.0
10.0
28.0
33.0
31.0
45.0
23.0
27.0
34.0
35.0
33.0
28.0
11.0
11.0
42.0
14.0
23.0
13.0
15.0
43.0
19.0
15.0
18.0
13.0
14.0
80.0
30.0
14.0
20.0
25.0
14.0
44.0
11.0
18.0
25.0
27.0
15.0
68.0
10.0
28.0
21.0
24.0
12.0
37.0
25.0
23.0
27.0
14.0
12.0
76.0
20.0
37.0
28.0
14.0
35.0
26.0
26.0
16.0
74.0
24.0
32.0
12.0
20.0
40.0
18.0
29.0
48.0
37.0
42.0
50.0
83.0
13.0
21.0
14.0
14.0
13.0
16.0
17.0
16.0
70.0
22.0
8.0
20.0
29.0
9.0
24.0
19.0
14.0
11.0
20.0
40.0
16.0
18.0
27.0
18.0
50.0
27.0
14.0
59.0
27.0
13.0
25.0
12.0
36.0
40.0
16.0
19.0
19.0
16.0
15.0
50.0
15.0
12.0
20.0
29.0
20.0
61.0
15.0
28.0
19.0
42.0
22.0
94.0
17.0
41.0
62.0
28.0
40.0
48.0
15.0
49.0
51.0
14.0
49.0
42.0
33.0
27.0
19.0
19.0
72.0
65.0
45.0
22.0
54.0
35.0
20.0
22.0
39.0
18.0
34.0
203.0
49.0
148.0
10.0
13.0
23.0
51.0
42.0
34.0
11.0
14.0
47.0
108.0
116.0
62.0
106.0
105.0
22.0
16.0
110.0
17.0
48.0
22.0
27.0
85.0
52.0
80.0
38.0
36.0
30.0
16.0
79.0
141.0
97.0
163.0
98.0
67.0
104.0
16.0
56.0
47.0
62.0
37.0
40.0
108.0
89.0
148.0
69.0
35.0
50.0
88.0
148.0
70.0
21.0
120.0
42.0
127.0
29.0
32.0
30.0
26.0
126.0
71.0
23.0
162.0
45.0
59.0
95.0
27.0
156.0
50.0
134.0
147.0
130.0
110.0
115.0
163.0
27.0
56.0
144.0
23.0
25.0
197.0
40.0
119.0
175.0
158.0
160.0
200.0
70.0
150.0
181.0
163.0
242.0
139.0
168.0
86.0
264.0
73.0
246.0
273.0
214.0
177.0
290.0
272.0
173.0
176.0
352.0
149.0
383.0
137.0
144.0
252.0
260.0
223.0
295.0
332.0
296.0
191.0
203.0
187.0
232.0
392.0
276.0
359.0
500.0
345.0
500.0
299.0
500.0
169.0
242.0
267.0
285.0
251.0
500.0
500.0
194.0
394.0
416.0
449.0
295.0
500.0
500.0
500.0
500.0
331.0
500.0
225.0
500.0
440.0
500.0
500.0
500.0
500.0
500.0
500.0
500.0
500.0
500.0
500.0
500.0
500.0
439.0
500.0
331.0
500.0
500.0
500.0
500.0
500.0
500.0
335.0
500.0
500.0
500.0
500.0
500.0
500.0
500.0
500.0
500.0
500.0
500.0
325.0
500.0
500.0
500.0
500.0
500.0
500.0
500.0
500.0
500.0
500.0
500.0
500.0
500.0
500.0
500.0
500.0
500.0
500.0
500.0
500.0
500.0
500.0
500.0
500.0
500.0
500.0
500.0
500.0
500.0
500.0
500.0
500.0
500.0
500.0
500.0
500.0
500.0
500.0
500.0
500.0
500.0
500.0
500.0
500.0
500.0
500.0
500.0
500.0
500.0
500.0
500.0
500.0
500.0
500.0
500.0
500.0
500.0
500.0
500.0
500.0
500.0
500.0
500.0
500.0
500.0
500.0
500.0
500.0
500.0
500.0
500.0
500.0
500.0
500.0
500.0
500.0
500.0
500.0
500.0
500.0
500.0
500.0
500.0
500.0
500.0
500.0
500.0
500.0
500.0
500.0
500.0
500.0
500.0
500.0
500.0
500.0
500.0
500.0
500.0
500.0
500.0
500.0
500.0
500.0
500.0
500.0
500.0
500.0
500.0
500.0
500.0
500.0
500.0
500.0
500.0
500.0
500.0
500.0
500.0
500.0
500.0
500.0
500.0
500.0
500.0
500.0
500.0
500.0
500.0
500.0
500.0
500.0
500.0
500.0
500.0
500.0
500.0
500.0
500.0
500.0
500.0
500.0
500.0
500.0
500.0
500.0
500.0
500.0
500.0
500.0
500.0
500.0
500.0
500.0
500.0
500.0
500.0
500.0
500.0
500.0
500.0
500.0
500.0
500.0
500.0
500.0
500.0
500.0
500.0
500.0
500.0
500.0
500.0
500.0
500.0
500.0
500.0
500.0
500.0
500.0
500.0
500.0
500.0
500.0
500.0
500.0
500.0
500.0
500.0
500.0
500.0
500.0
500.0
500.0
500.0
500.0
500.0
500.0
500.0
500.0
500.0
500.0
500.0
500.0
500.0
500.0
500.0
500.0
500.0
500.0
500.0
500.0
500.0
500.0
500.0
500.0
500.0
500.0
500.0
500.0
500.0
500.0
500.0
500.0
500.0
500.0
500.0
500.0
500.0
500.0
500.0
500.0
500.0
500.0
500.0
500.0
500.0
500.0
500.0
500.0
500.0
500.0
500.0
500.0
500.0
500.0
500.0
500.0
500.0
500.0
500.0
500.0
500.0
500.0
500.0
500.0
500.0
500.0
500.0
500.0
500.0
500.0
500.0
500.0
500.0
500.0
500.0
500.0
500.0
500.0
500.0
500.0
500.0
500.0
500.0
500.0
500.0
500.0
500.0
500.0
500.0
