1717131807.4946804
1717131807.5156682
1717131807.5312507
1717131807.554213
1717131807.5654259
1717131807.5884607
1717131807.6035476
1717131807.6258678
1717131807.6314645
1717131807.6434324
1717131807.6514566
1717131807.6696398
1717131807.6776474
1717131807.6894867
1717131807.7113008
1717131807.7214375
1717131807.7316723
1717131807.7450283
1717131807.775739
1717131807.7878497
1717131807.8094034
1717131807.8234024
1717131807.839816
1717131807.848757
1717131807.8629205
1717131807.875676
1717131807.8915198
1717131807.901572
1717131807.9131289
1717131807.9366844
1717131807.9507184
1717131807.9643533
1717131807.9780536
1717131807.9971588
1717131808.0058665
1717131808.017784
1717131808.0333898
1717131808.0464334
1717131808.0627904
1717131808.0697474
1717131808.076888
1717131808.0891078
1717131808.1025684
1717131808.118467
1717131808.163118
1717131808.1721013
1717131808.1875582
1717131808.1967347
1717131808.230781
1717131808.2446697
1717131808.2678602
1717131808.2890084
1717131808.3016934
1717131808.3158386
1717131808.344084
1717131808.3512716
1717131808.3625133
1717131808.3785164
1717131808.3969276
1717131808.412235
1717131808.422548
1717131808.4302323
1717131808.4546216
1717131808.4726408
1717131808.4862406
1717131808.4943426
1717131808.5082412
1717131808.5142643
1717131808.5236218
1717131808.5402732
1717131808.549065
1717131808.5594409
1717131808.5712655
1717131808.5832198
1717131808.5914254
1717131808.5996065
1717131808.6070714
1717131808.620546
1717131808.6456466
1717131808.6598785
1717131808.6685548
1717131808.6767209
1717131808.6877189
1717131808.7009065
1717131808.7163925
1717131808.7376459
1717131808.7551794
1717131808.7751844
1717131808.7830708
1717131808.7920687
1717131808.804986
1717131808.8222556
1717131808.8360934
1717131808.8477998
1717131808.8640318
1717131808.872855
