1717111826.2555487
1717111826.263907
1717111826.2773602
1717111826.297957
1717111826.3048131
1717111826.3169713
1717111826.328946
1717111826.3420033
1717111826.3818305
1717111826.4060643
1717111826.4181442
1717111826.4264653
1717111826.4341903
1717111826.4604323
1717111826.472648
1717111826.482289
1717111826.4890456
1717111826.4971256
1717111826.5153327
1717111826.5243561
1717111826.534364
1717111826.5490813
1717111826.5706286
1717111826.5846334
1717111826.5931015
1717111826.6057796
1717111826.6185644
1717111826.6280081
1717111826.649149
1717111826.6564548
1717111826.6678774
1717111826.6951752
1717111826.7059565
1717111826.7403846
1717111826.7477472
1717111826.7737045
1717111826.7990375
1717111826.8212295
1717111826.8407452
1717111826.8541772
1717111826.8791947
1717111826.9089065
1717111826.9194906
1717111826.9314744
1717111826.9429271
1717111826.970013
1717111826.97734
1717111826.9871821
1717111826.9949276
1717111827.0054982
1717111827.0139775
1717111827.0230134
1717111827.0300646
1717111827.0427892
1717111827.0560908
1717111827.0693133
1717111827.0808196
1717111827.0942602
1717111827.1068516
1717111827.1256022
1717111827.1597977
1717111827.1716056
1717111827.1932034
1717111827.213512
1717111827.2274013
1717111827.2419035
1717111827.2608235
1717111827.2883239
1717111827.295893
1717111827.3192596
1717111827.3431404
1717111827.355772
1717111827.364108
1717111827.3732555
1717111827.392921
1717111827.4145446
1717111827.4306939
1717111827.450571
1717111827.4699945
1717111827.4849691
1717111827.5055442
1717111827.516138
1717111827.5375297
1717111827.5640757
1717111827.5772805
1717111827.5894904
1717111827.601392
1717111827.6106715
1717111827.6219995
1717111827.6365232
1717111827.6457093
1717111827.6625261
1717111827.6775746
1717111827.685673
1717111827.692663
1717111827.7071328
1717111828.870409
1717111828.881855
1717111828.8992176
1717111828.9141734
1717111828.9234521
1717111828.948457
1717111828.955705
1717111828.9711034
1717111829.016998
1717111829.02901
1717111829.044738
1717111829.072257
1717111829.0847797
1717111829.1021352
1717111829.124165
1717111829.1513557
1717111829.1664102
1717111829.1815226
1717111829.2139757
1717111829.2219007
1717111829.2308364
1717111829.2439392
1717111829.2582123
1717111829.2647572
1717111829.2724948
1717111829.2875757
1717111829.2966053
1717111829.3226748
1717111829.3336298
1717111829.3499632
1717111829.3661742
1717111829.380421
1717111829.419942
1717111829.4337058
1717111829.4512358
1717111829.4757266
1717111829.5024
1717111829.5443797
1717111829.5610774
1717111829.5748658
1717111829.5926907
1717111829.6025324
1717111829.6124249
1717111829.6345685
1717111829.6478782
1717111829.6745536
1717111829.6897533
1717111829.6988957
1717111829.7144055
1717111829.7565842
1717111829.7787766
1717111829.8010418
1717111829.8262048
1717111829.8553097
1717111829.8658564
1717111829.8888235
1717111829.9052157
1717111829.9130406
1717111829.9236588
1717111829.943394
1717111829.95542
1717111829.966903
1717111829.983528
1717111829.9947617
1717111830.004062
1717111830.0133202
1717111830.0323317
1717111830.0582974
1717111830.0695016
1717111830.0937257
1717111830.1012094
1717111830.1219473
1717111830.130015
1717111830.1501567
1717111830.1566627
1717111830.1846254
1717111830.2017999
1717111830.237224
1717111830.252206
1717111830.2627645
1717111830.2775095
1717111830.28599
1717111831.4868524
1717111831.526689
1717111831.5348916
1717111831.5443704
1717111831.5694268
1717111831.5825994
1717111831.5939133
1717111831.6072948
1717111831.6360264
1717111831.6635547
1717111831.6756957
1717111831.7154713
1717111831.7561731
1717111831.787761
1717111831.8097918
1717111831.8707607
1717111831.8956745
1717111831.929153
1717111831.9955156
1717111832.0241263
1717111832.0333235
1717111832.0568585
1717111832.09176
1717111832.1042764
1717111832.1237812
1717111832.1967306
1717111832.2649019
1717111832.287424
1717111832.3353574
1717111832.3580709
1717111832.3805945
1717111832.4026268
1717111832.418735
1717111832.4677284
1717111832.4810271
1717111832.531777
1717111832.584629
1717111832.6314514
1717111832.657448
1717111832.7197874
1717111832.7399461
1717111832.7539885
1717111832.773641
1717111832.7916574
1717111832.8144896
1717111832.8394995
1717111832.89028
1717111834.1892622
1717111834.1993425
1717111834.267623
1717111834.2862933
1717111834.326517
1717111834.3420763
1717111834.3826318
1717111834.4010243
1717111834.4361246
1717111834.4560497
1717111834.4702566
1717111834.4955397
1717111834.5198274
1717111834.5408409
1717111834.5860803
1717111834.6247938
1717111834.6671338
1717111834.688066
1717111834.6958656
1717111834.703068
1717111834.767289
1717111834.787267
1717111834.801067
1717111834.8176498
1717111834.8772814
1717111834.8912659
1717111834.938508
1717111834.9981163
1717111835.0485873
1717111835.1135044
1717111835.1217642
1717111835.2046173
1717111835.2604616
1717111835.279082
1717111835.3376806
1717111836.5740626
1717111836.6089852
1717111836.6395607
1717111836.7090101
1717111836.7845464
1717111836.8593466
1717111836.9286392
1717111836.9831161
1717111837.044831
1717111837.143453
1717111837.2123191
1717111837.2632933
1717111837.3488827
1717111837.4117525
1717111837.5255337
1717111837.5686944
1717111837.616772
1717111837.7408893
1717111837.757429
1717111837.7761698
1717111837.820396
1717111837.8369777
1717111837.924607
1717111839.1851668
1717111839.2734349
1717111839.415585
1717111839.48681
1717111839.5799189
1717111839.646386
1717111839.711314
1717111839.7260048
1717111839.8238232
1717111839.9015124
1717111839.9614365
1717111840.140369
1717111840.2455666
1717111840.3549669
1717111840.467368
1717111841.7214344
1717111841.8045695
1717111841.9448404
1717111842.0416193
1717111842.2328715
1717111842.4171824
1717111842.5086672
1717111842.6444323
1717111842.7271838
1717111842.8078005
1717111843.0091877
1717111844.3240438
1717111844.6119308
1717111844.7895045
1717111845.1050286
1717111845.2868934
1717111845.4746075
1717111846.9137688
1717111847.0806859
1717111847.2327404
1717111847.5354936
1717111847.7405987
1717111849.2832608
1717111849.6070976
1717111849.8582919
1717111849.939508
1717111850.2780242
1717111850.46761
1717111851.9514828
1717111852.286755
1717111852.612554
1717111852.927995
1717111854.4910746
1717111854.7998338
1717111855.1205773
1717111855.3723652
1717111856.8651187
1717111857.1715202
1717111857.5025642
1717111857.828112
1717111858.1471722
1717111859.6517692
1717111859.9822507
1717111860.2715209
1717111860.4837046
1717111861.911057
1717111862.2350683
1717111862.565172
1717111862.905632
1717111863.2324934
1717111864.7026336
1717111865.0364833
1717111865.370735
1717111865.707679
1717111867.2126977
1717111867.5352328
1717111867.8398619
1717111868.1711395
1717111869.6664052
1717111869.9722667
1717111870.292279
1717111870.590668
1717111872.093524
1717111872.4098816
1717111872.704531
1717111873.0378652
1717111874.5507872
1717111874.751011
1717111875.0714338
1717111875.3585057
1717111875.6894095
1717111877.1757734
1717111877.50018
1717111877.83455
1717111878.1734166
1717111879.6290581
1717111879.9539447
1717111880.281731
1717111880.6104789
1717111882.1022475
1717111882.4281394
1717111882.754858
1717111883.043275
1717111884.4943585
1717111884.8267543
1717111885.1649141
1717111885.501508
1717111887.0513175
1717111887.3882189
1717111887.705891
1717111888.0198982
1717111889.513762
1717111889.847977
1717111890.1806679
1717111890.5141063
1717111891.9857502
1717111892.3004
1717111892.5963006
1717111892.900256
1717111894.4157736
1717111894.7059097
1717111895.0103762
1717111895.3442729
1717111896.8753805
1717111897.1829994
1717111897.498713
1717111897.8230498
1717111899.2919624
1717111899.5960524
1717111899.888209
1717111900.2318232
1717111901.7886543
1717111902.1211984
1717111902.4302325
1717111902.7608926
1717111903.0907614
1717111904.699116
1717111905.0340872
1717111905.370083
1717111905.7029736
1717111907.222619
1717111907.5538192
1717111907.8921394
1717111908.2231684
1717111909.67954
1717111910.0170956
1717111910.352494
1717111910.6512873
1717111912.1567678
1717111912.4877994
1717111912.818205
1717111913.148838
1717111914.6565437
1717111914.9884112
1717111915.3229694
1717111915.6481352
1717111917.1251385
1717111917.4474118
1717111917.7862816
1717111918.126849
1717111919.5896623
1717111919.9149613
1717111920.256903
1717111920.6005328
1717111922.1324065
1717111922.461166
1717111922.7967916
1717111923.1275387
1717111924.6295762
1717111924.923335
1717111925.237972
1717111925.548394
1717111927.008303
1717111927.2888622
1717111927.6063526
1717111927.9480178
1717111928.2861283
1717111929.7744963
1717111930.098983
1717111930.4028802
1717111930.7215242
1717111932.2330966
1717111932.5425107
1717111932.8575482
1717111933.1505487
1717111934.581824
1717111934.9213483
1717111935.2520673
1717111935.5904415
1717111937.0443413
1717111937.353398
1717111937.6776047
1717111938.0069966
1717111939.4706907
1717111939.8112438
1717111940.1467228
1717111940.47587
1717111942.004773
1717111942.3357975
1717111942.6497357
1717111942.9713714
1717111944.469221
1717111944.7683544
1717111945.0911522
1717111945.4207773
1717111946.9163795
1717111947.247985
1717111947.5889041
1717111947.9317513
1717111949.4354951
1717111949.7679605
1717111950.1036296
1717111950.432709
1717111951.851713
1717111952.1664298
1717111952.495172
1717111952.7888553
1717111953.0962465
1717111954.6666381
1717111955.000062
1717111955.333656
1717111955.6576765
1717111957.1392996
1717111957.473557
1717111957.802847
1717111958.1296546
1717111959.5811377
1717111959.8850462
1717111960.1926727
1717111960.5242887
1717111962.05416
1717111962.396692
1717111962.6981497
1717111963.005746
1717111964.479318
1717111964.7619133
1717111965.0713036
1717111965.4071264
1717111966.890141
1717111967.2065184
1717111967.5124888
1717111967.8303027
1717111969.3136432
1717111969.6407769
1717111969.9705667
1717111970.2942145
1717111971.753207
1717111972.0844114
1717111972.4197972
1717111972.753013
1717111974.2695193
1717111974.593419
1717111974.9283528
1717111975.2606058
1717111976.8267922
1717111977.1405835
1717111977.4788184
1717111977.7958086
1717111979.3281038
1717111979.6687462
1717111980.0028927
1717111980.3366787
1717111980.6697993
1717111982.1412826
1717111982.4750662
1717111982.7983391
1717111983.0901806
1717111984.5794635
1717111984.9065342
1717111985.244776
1717111985.5857234
1717111987.0666933
1717111987.400278
1717111987.7399523
1717111988.060781
1717111989.5265925
1717111989.855537
1717111990.1884649
1717111990.520496
1717111992.019323
1717111992.358001
1717111992.6961236
1717111993.0258918
1717111994.509141
1717111994.82384
1717111995.1484642
1717111995.4875937
1717111996.997298
1717111997.3293307
1717111997.659615
1717111997.9884968
1717111999.5003965
1717111999.8388944
1717112000.1821916
1717112000.5210898
1717112002.02217
1717112002.3564045
1717112002.6957767
1717112003.0370486
1717112004.528899
1717112004.8656259
1717112005.2015238
1717112005.535907
1717112005.8704607
1717112007.4134803
1717112007.7343667
1717112008.0628967
1717112008.3955276
1717112009.8278174
1717112010.1624005
1717112010.4969301
1717112010.8367422
1717112012.3183331
1717112012.646522
1717112012.9791589
1717112013.2642965
1717112014.7471786
1717112015.0670526
1717112015.3671074
1717112015.7027285
1717112017.2092187
1717112017.5340328
1717112017.873855
1717112018.2101483
1717112019.7433643
1717112020.077565
1717112020.4167752
1717112020.75121
1717112022.1921685
1717112022.523561
1717112022.8543298
1717112023.2110798
1717112024.7957673
1717112025.122264
1717112025.4480488
1717112025.7840137
1717112027.2121732
1717112027.544463
1717112027.8456023
1717112028.1592174
1717112029.6463158
1717112029.9757507
1717112030.3097672
1717112030.6473715
1717112032.1134074
1717112032.4035566
1717112032.7068248
1717112033.0380383
1717112033.3771112
1717112034.887447
1717112035.1828957
1717112035.513682
1717112035.8444862
1717112037.4457047
1717112037.7440197
1717112038.0460606
1717112038.3558524
1717112039.8047733
1717112040.1430006
1717112040.4723814
1717112040.8053045
1717112042.3013313
1717112042.6082845
1717112042.9336445
1717112043.2571993
1717112044.667184
1717112044.975934
1717112045.2805793
1717112045.5889874
1717112047.0906942
1717112047.4302862
1717112047.7629883
1717112048.09446
1717112049.5561986
1717112049.8906157
1717112050.2253468
1717112050.5658305
1717112052.0711632
1717112052.405595
1717112052.7139204
1717112053.0328448
1717112054.5302238
1717112054.8541338
1717112055.1891236
1717112055.5336773
