20.0
16.5
16.333333333333332
16.5
16.6
19.5
22.857142857142858
21.625
22.555555555555557
23.9
25.09090909090909
23.833333333333332
23.46153846153846
23.0
23.666666666666668
24.9375
25.58823529411765
25.27777777777778
25.05263157894737
24.65
24.80952380952381
24.5
24.869565217391305
24.333333333333332
25.44
26.346153846153847
26.444444444444443
26.107142857142858
25.93103448275862
25.833333333333332
25.35483870967742
25.0625
24.939393939393938
25.647058823529413
25.457142857142856
25.63888888888889
25.405405405405407
25.210526315789473
24.871794871794872
24.675
24.390243902439025
24.38095238095238
24.25581395348837
23.931818181818183
23.88888888888889
23.695652173913043
23.617021276595743
23.4375
23.285714285714285
23.22
23.03921568627451
22.865384615384617
23.07547169811321
22.90740740740741
22.818181818181817
22.678571428571427
22.473684210526315
22.5
22.627118644067796
22.45
22.40983606557377
22.225806451612904
22.07936507936508
21.953125
22.0
22.106060606060606
22.417910447761194
22.279411764705884
22.28985507246377
22.228571428571428
22.492957746478872
22.555555555555557
22.602739726027398
22.756756756756758
22.733333333333334
23.289473684210527
23.2987012987013
23.21794871794872
23.468354430379748
23.4625
23.37037037037037
23.4390243902439
23.457831325301203
23.404761904761905
23.341176470588234
23.22093023255814
23.149425287356323
23.03409090909091
22.93258426966292
22.833333333333332
23.142857142857142
23.0
22.903225806451612
22.882978723404257
22.842105263157894
22.770833333333332
22.701030927835053
22.683673469387756
22.727272727272727
23.0
22.89108910891089
22.813725490196077
22.825242718446603
23.201923076923077
23.16190476190476
23.28301886792453
23.252336448598133
23.25925925925926
23.18348623853211
23.1
23.324324324324323
23.285714285714285
23.336283185840706
23.535087719298247
23.765217391304347
23.93103448275862
24.00854700854701
24.016949152542374
24.058823529411764
24.025
23.983471074380166
23.975409836065573
24.097560975609756
24.177419354838708
24.112
23.99206349206349
24.181102362204726
24.1015625
24.11627906976744
24.03846153846154
24.16030534351145
24.106060606060606
24.150375939849624
24.313432835820894
24.40740740740741
24.46323529411765
24.437956204379564
24.420289855072465
24.43884892086331
24.428571428571427
24.680851063829788
24.718309859154928
24.636363636363637
24.84722222222222
24.8
24.80821917808219
24.775510204081634
24.993243243243242
24.93959731543624
25.126666666666665
25.14569536423841
25.19078947368421
25.130718954248366
25.25974025974026
25.2
25.121794871794872
25.05095541401274
25.120253164556964
25.10691823899371
25.05625
24.993788819875775
24.944444444444443
24.914110429447852
25.0
25.078787878787878
25.150602409638555
25.08383233532934
25.410714285714285
25.37869822485207
25.341176470588234
25.46783625730994
25.726744186046513
25.76878612716763
25.885057471264368
26.434285714285714
26.477272727272727
26.401129943502823
26.93820224719101
26.893854748603353
27.06111111111111
27.011049723756905
27.02747252747253
27.224043715846996
27.33695652173913
27.32972972972973
27.381720430107528
27.449197860962567
27.44148936170213
27.544973544973544
27.852631578947367
27.785340314136125
27.78125
27.875647668393782
27.88144329896907
27.871794871794872
27.852040816326532
27.98984771573604
28.005050505050505
28.251256281407034
28.28
28.303482587064675
28.504950495049506
28.80295566502463
28.955882352941178
28.88780487804878
28.97087378640777
28.932367149758456
28.85576923076923
28.794258373205743
28.71904761904762
28.644549763033176
28.58490566037736
28.549295774647888
28.574766355140188
28.52093023255814
28.61111111111111
28.57603686635945
28.587155963302752
28.794520547945204
29.013636363636362
28.963800904977376
29.103603603603602
29.179372197309416
29.736607142857142
29.8
29.93362831858407
29.898678414096917
30.06578947368421
30.344978165938866
30.52173913043478
30.458874458874458
30.612068965517242
31.197424892703864
31.666666666666668
31.80851063829787
32.04661016949152
32.14767932489451
32.121848739495796
32.06694560669456
32.15833333333333
32.19502074688797
32.47520661157025
32.54320987654321
32.76639344262295
32.8734693877551
32.886178861788615
32.825910931174086
32.73790322580645
32.70682730923695
32.704
32.62948207171315
32.69444444444444
32.88537549407115
33.04724409448819
33.207843137254905
33.94921875
34.29182879377432
35.104651162790695
35.4054054054054
35.542307692307695
35.93869731800766
36.103053435114504
36.3041825095057
36.68181818181818
36.905660377358494
37.00375939849624
37.29213483146067
37.40298507462686
37.394052044609666
37.3962962962963
37.59778597785978
37.908088235294116
38.315018315018314
38.737226277372265
39.28363636363636
39.67391304347826
39.77617328519855
40.44604316546763
40.505376344086024
40.9
41.19928825622776
41.773049645390074
41.696113074204945
42.11619718309859
42.487719298245615
42.85314685314685
43.22996515679443
43.552083333333336
43.94117647058823
44.42758620689655
44.580756013745706
44.91095890410959
45.399317406143346
46.15986394557823
46.284745762711864
46.65878378378378
47.74747474747475
48.29865771812081
49.180602006688964
49.74333333333333
50.70764119601329
51.12251655629139
51.45874587458746
51.9375
52.13770491803279
53.60130718954248
54.46254071661238
55.548701298701296
56.14563106796116
56.883870967741935
57.81993569131833
58.17307692307692
58.977635782747605
60.382165605095544
61.77777777777778
62.29113924050633
63.34700315457413
64.29245283018868
65.65830721003135
66.95
67.74766355140187
68.40993788819875
69.74613003095975
70.61111111111111
71.93230769230769
73.12269938650307
74.42813455657492
75.72560975609755
76.80547112462006
78.0878787878788
79.10876132930514
80.01204819277109
80.82282282282283
82.07784431137725
83.32537313432836
84.05654761904762
84.79525222551929
86.02366863905326
87.2448377581121
88.45882352941176
89.66568914956012
90.86549707602339
92.05830903790087
93.24418604651163
94.4231884057971
95.59537572254335
96.76080691642652
97.91954022988506
99.07163323782235
100.21714285714286
101.35612535612536
102.48863636363636
103.61473087818698
104.73446327683615
105.84788732394367
106.95505617977528
108.05602240896359
109.15083798882682
110.23955431754875
111.32222222222222
112.39889196675901
113.4696132596685
114.10192837465564
115.16208791208791
115.67397260273972
116.72404371584699
117.7683923705722
118.8070652173913
119.84010840108401
120.86756756756756
121.88140161725067
122.71505376344086
123.71045576407506
124.52941176470588
125.37066666666666
125.75
126.63925729442971
127.62698412698413
128.6094986807388
129.58684210526314
130.5301837270341
131.4973821989529
132.11227154046998
133.0703125
134.02337662337663
134.97150259067357
135.91472868217053
136.85309278350516
137.7866323907455
138.7153846153846
139.63938618925832
140.55867346938774
141.4732824427481
142.38324873096445
143.2886075949367
144.18939393939394
145.08564231738035
145.97738693467338
146.86466165413535
147.7475
148.62593516209478
149.5
150.3697270471464
151.2351485148515
152.0962962962963
152.95320197044336
153.8058968058968
154.65441176470588
155.49877750611248
156.3390243902439
157.17518248175182
158.00728155339806
158.83535108958839
159.65942028985506
160.47951807228915
161.29567307692307
162.10791366906474
162.91626794258374
163.72076372315036
164.52142857142857
165.3182897862233
166.11137440758293
166.90070921985816
167.68632075471697
168.46823529411765
169.24647887323943
170.02107728337236
170.79205607476635
171.55944055944056
172.3232558139535
173.08352668213456
173.84027777777777
174.59353348729792
175.34331797235023
176.08965517241379
176.83256880733944
177.5720823798627
178.3082191780822
179.04100227790434
179.77045454545456
180.49659863945578
181.21945701357467
181.93905191873588
182.65540540540542
183.3685393258427
184.07847533632287
184.78523489932886
185.48883928571428
186.18930957683742
186.88666666666666
187.5809312638581
188.27212389380531
188.96026490066225
189.64537444933922
190.32747252747254
191.0065789473684
191.68271334792124
192.35589519650654
193.0261437908497
193.69347826086957
194.35791757049893
195.0194805194805
195.67818574514038
196.33405172413794
196.98709677419356
197.637339055794
198.2847965738758
198.92948717948718
199.57142857142858
200.21063829787235
200.84713375796179
201.48093220338984
202.1120507399577
202.7405063291139
203.36631578947367
203.98949579831933
204.61006289308176
205.22803347280336
205.84342379958247
206.45625
207.06652806652806
207.67427385892117
208.27950310559007
208.88223140495867
209.48247422680413
210.08024691358025
210.67556468172484
211.26844262295083
211.85889570552146
212.4469387755102
213.0325865580448
213.6158536585366
214.19675456389453
214.7753036437247
215.35151515151514
215.92540322580646
216.4969818913481
217.06626506024097
217.63326653306612
218.198
218.76047904191617
219.3207171314741
219.87872763419483
220.4345238095238
220.98811881188118
221.5395256916996
222.0887573964497
222.63582677165354
223.18074656188605
223.7235294117647
224.26418786692759
224.802734375
225.33918128654972
225.87354085603113
226.40582524271844
226.9360465116279
227.4642166344294
227.9903474903475
228.51445086705203
229.03653846153847
229.55662188099808
230.07471264367817
230.5908221797323
231.10496183206106
231.61714285714285
232.12737642585552
232.63567362428842
233.14204545454547
233.64650283553874
234.14905660377357
234.6497175141243
235.1484962406015
235.64540337711068
236.14044943820224
236.63364485981307
237.125
237.6145251396648
238.10223048327137
238.58812615955472
239.07222222222222
239.55452865064694
240.0350553505535
240.51381215469613
240.99080882352942
241.46605504587157
241.93956043956044
242.41133455210237
242.88138686131387
243.34972677595627
243.81636363636363
244.28130671506352
244.7445652173913
245.20614828209764
245.66606498194946
246.12432432432433
246.58093525179856
247.03590664272892
247.48924731182797
247.94096601073346
248.39107142857142
248.83957219251337
249.2864768683274
249.73179396092362
250.1755319148936
250.61769911504425
251.05830388692578
251.4973544973545
251.93485915492957
252.37082601054482
252.80526315789473
253.23817863397548
253.66958041958043
254.09947643979058
254.52787456445992
254.95478260869567
255.38020833333334
255.80415944540727
256.2266435986159
256.6476683937824
257.06724137931036
257.48537005163513
257.9020618556701
258.3173241852487
258.73116438356163
259.14358974358976
259.5546075085324
259.9642248722317
260.3724489795918
260.7792869269949
261.1847457627119
261.5888324873096
261.99155405405406
262.3929173693086
262.7929292929293
263.1915966386555
263.58892617449663
263.9849246231156
264.37959866220734
264.7729549248748
265.165
265.5557404326123
265.9451827242525
266.3333333333333
266.7201986754967
267.10578512396694
267.490099009901
267.87314662273474
268.2549342105263
268.6354679802956
269.01475409836064
269.39279869067104
269.76960784313724
270.14518760195756
270.5195439739414
270.89268292682925
271.26461038961037
271.6353322528363
272.00485436893206
272.37318255250403
272.74032258064517
273.1062801932367
273.4710610932476
273.8346709470305
274.19711538461536
274.5584
274.9185303514377
275.2775119617225
275.63535031847135
275.9920508744038
276.34761904761905
276.70206022187006
277.05537974683546
277.4075829383886
277.75867507886437
278.1086614173228
278.45754716981133
278.8053375196232
279.15203761755487
279.4976525821596
279.8421875
280.18564742589706
280.52803738317755
280.86936236391915
281.20962732919253
281.54883720930235
281.8869969040248
282.2241112828439
282.56018518518516
282.89522342064714
283.22923076923075
283.5622119815668
283.8941717791411
284.2251148545176
284.5550458715596
284.8839694656489
285.2118902439024
285.53881278538813
