13.0
21.5
21.666666666666668
25.25
23.8
26.0
25.714285714285715
27.0
25.0
24.4
23.363636363636363
23.75
22.923076923076923
22.642857142857142
23.466666666666665
23.0
22.58823529411765
22.444444444444443
23.526315789473685
23.2
23.523809523809526
23.363636363636363
23.304347826086957
22.833333333333332
22.72
22.53846153846154
22.51851851851852
22.214285714285715
22.0
22.366666666666667
22.29032258064516
22.1875
22.09090909090909
22.235294117647058
21.942857142857143
21.805555555555557
21.81081081081081
21.710526315789473
21.743589743589745
21.45
21.170731707317074
21.071428571428573
21.023255813953487
21.068181818181817
21.933333333333334
21.717391304347824
21.70212765957447
21.5
21.979591836734695
21.9
22.07843137254902
22.192307692307693
22.09433962264151
22.037037037037038
22.327272727272728
22.107142857142858
22.0
21.982758620689655
22.033898305084747
22.016666666666666
21.885245901639344
21.725806451612904
22.0
22.109375
22.107692307692307
21.96969696969697
21.970149253731343
21.794117647058822
21.695652173913043
21.771428571428572
21.661971830985916
21.59722222222222
21.561643835616437
21.527027027027028
21.413333333333334
21.30263157894737
21.181818181818183
21.17948717948718
21.417721518987342
21.4375
21.34567901234568
21.24390243902439
21.204819277108435
21.202380952380953
21.24705882352941
21.3953488372093
21.471264367816094
21.59090909090909
21.471910112359552
21.366666666666667
21.32967032967033
21.358695652173914
21.333333333333332
21.27659574468085
21.294736842105262
21.21875
