16.0
48.0
15.0
19.0
12.0
23.0
48.0
39.0
12.0
15.0
15.0
12.0
12.0
19.0
29.0
17.0
21.0
16.0
33.0
13.0
20.0
15.0
23.0
24.0
11.0
11.0
50.0
23.0
26.0
18.0
17.0
14.0
23.0
39.0
14.0
18.0
27.0
26.0
27.0
17.0
71.0
57.0
15.0
12.0
20.0
19.0
29.0
20.0
22.0
11.0
13.0
24.0
16.0
15.0
10.0
13.0
21.0
14.0
29.0
11.0
39.0
39.0
17.0
21.0
19.0
15.0
31.0
18.0
30.0
13.0
28.0
18.0
24.0
13.0
12.0
14.0
24.0
19.0
23.0
35.0
32.0
20.0
11.0
12.0
22.0
13.0
19.0
11.0
19.0
16.0
19.0
45.0
16.0
20.0
10.0
25.0
15.0
11.0
27.0
24.0
23.0
27.0
50.0
28.0
57.0
43.0
40.0
28.0
20.0
27.0
35.0
43.0
37.0
84.0
14.0
25.0
28.0
18.0
13.0
44.0
37.0
36.0
22.0
20.0
25.0
20.0
38.0
34.0
18.0
11.0
26.0
22.0
28.0
18.0
14.0
38.0
36.0
37.0
11.0
11.0
36.0
14.0
63.0
35.0
56.0
53.0
40.0
13.0
13.0
63.0
28.0
22.0
21.0
45.0
13.0
17.0
21.0
46.0
12.0
18.0
14.0
38.0
49.0
42.0
116.0
67.0
20.0
12.0
36.0
16.0
31.0
17.0
31.0
38.0
33.0
14.0
27.0
88.0
61.0
25.0
28.0
138.0
23.0
8.0
32.0
9.0
54.0
29.0
21.0
27.0
45.0
22.0
18.0
15.0
20.0
20.0
45.0
34.0
27.0
23.0
33.0
43.0
26.0
32.0
19.0
33.0
31.0
32.0
22.0
55.0
24.0
71.0
27.0
52.0
103.0
45.0
37.0
28.0
16.0
19.0
22.0
27.0
125.0
102.0
92.0
23.0
13.0
28.0
30.0
49.0
40.0
26.0
114.0
161.0
28.0
84.0
59.0
13.0
54.0
25.0
18.0
22.0
34.0
139.0
17.0
60.0
50.0
21.0
22.0
159.0
80.0
19.0
149.0
104.0
25.0
56.0
66.0
87.0
25.0
16.0
55.0
71.0
154.0
81.0
114.0
90.0
65.0
111.0
54.0
137.0
29.0
43.0
103.0
131.0
95.0
22.0
202.0
148.0
72.0
44.0
137.0
116.0
120.0
149.0
353.0
52.0
179.0
148.0
68.0
220.0
80.0
237.0
162.0
184.0
323.0
189.0
231.0
161.0
143.0
121.0
162.0
30.0
179.0
206.0
60.0
408.0
324.0
227.0
267.0
214.0
500.0
463.0
342.0
375.0
229.0
345.0
500.0
255.0
500.0
500.0
459.0
500.0
207.0
500.0
481.0
500.0
500.0
500.0
461.0
500.0
500.0
500.0
500.0
500.0
414.0
500.0
363.0
500.0
500.0
500.0
500.0
500.0
355.0
500.0
500.0
500.0
500.0
500.0
500.0
401.0
500.0
500.0
500.0
500.0
500.0
500.0
500.0
500.0
500.0
500.0
500.0
500.0
500.0
500.0
500.0
500.0
500.0
500.0
500.0
500.0
500.0
500.0
500.0
500.0
500.0
500.0
500.0
500.0
500.0
500.0
500.0
500.0
500.0
500.0
500.0
500.0
500.0
500.0
500.0
500.0
500.0
500.0
500.0
500.0
500.0
500.0
500.0
500.0
500.0
500.0
500.0
500.0
500.0
500.0
500.0
500.0
500.0
500.0
500.0
500.0
500.0
500.0
500.0
500.0
500.0
500.0
500.0
500.0
500.0
500.0
500.0
500.0
500.0
500.0
500.0
500.0
500.0
500.0
500.0
500.0
500.0
500.0
500.0
500.0
500.0
500.0
500.0
500.0
500.0
500.0
500.0
500.0
500.0
500.0
500.0
500.0
500.0
500.0
500.0
500.0
500.0
500.0
500.0
500.0
500.0
500.0
500.0
500.0
500.0
500.0
500.0
500.0
500.0
500.0
500.0
500.0
500.0
500.0
500.0
500.0
500.0
500.0
500.0
500.0
500.0
500.0
500.0
500.0
500.0
500.0
500.0
500.0
500.0
500.0
500.0
500.0
500.0
500.0
500.0
500.0
500.0
500.0
500.0
500.0
500.0
500.0
500.0
500.0
500.0
500.0
500.0
500.0
500.0
500.0
500.0
500.0
500.0
500.0
500.0
500.0
500.0
500.0
500.0
500.0
500.0
500.0
500.0
500.0
500.0
500.0
500.0
500.0
500.0
500.0
500.0
500.0
500.0
500.0
500.0
500.0
500.0
500.0
500.0
500.0
500.0
500.0
500.0
500.0
500.0
500.0
500.0
500.0
500.0
500.0
500.0
500.0
500.0
500.0
500.0
500.0
500.0
500.0
500.0
500.0
500.0
500.0
500.0
500.0
500.0
500.0
500.0
500.0
500.0
500.0
500.0
500.0
500.0
500.0
500.0
500.0
500.0
500.0
500.0
500.0
500.0
500.0
500.0
500.0
500.0
500.0
500.0
500.0
500.0
500.0
500.0
500.0
500.0
500.0
500.0
500.0
500.0
500.0
500.0
500.0
500.0
500.0
500.0
500.0
500.0
500.0
500.0
500.0
500.0
500.0
500.0
500.0
500.0
500.0
500.0
500.0
500.0
500.0
500.0
500.0
500.0
500.0
500.0
500.0
500.0
500.0
500.0
500.0
500.0
500.0
500.0
500.0
500.0
500.0
500.0
500.0
500.0
500.0
500.0
500.0
500.0
500.0
500.0
500.0
500.0
500.0
500.0
500.0
500.0
500.0
500.0
500.0
500.0
500.0
500.0
500.0
500.0
500.0
500.0
500.0
500.0
500.0
500.0
500.0
