20.0
13.0
16.0
17.0
17.0
34.0
43.0
13.0
30.0
36.0
37.0
10.0
19.0
17.0
33.0
44.0
36.0
20.0
21.0
17.0
28.0
18.0
33.0
12.0
52.0
49.0
29.0
17.0
21.0
23.0
11.0
16.0
21.0
49.0
19.0
32.0
17.0
18.0
12.0
17.0
13.0
24.0
19.0
10.0
22.0
15.0
20.0
15.0
16.0
20.0
14.0
14.0
34.0
14.0
18.0
15.0
11.0
24.0
30.0
12.0
20.0
11.0
13.0
14.0
25.0
29.0
43.0
13.0
23.0
18.0
41.0
27.0
26.0
34.0
21.0
65.0
24.0
17.0
43.0
23.0
16.0
29.0
25.0
19.0
18.0
13.0
17.0
13.0
14.0
14.0
51.0
10.0
14.0
21.0
19.0
16.0
16.0
21.0
27.0
50.0
12.0
15.0
24.0
62.0
19.0
36.0
20.0
24.0
15.0
14.0
48.0
19.0
29.0
46.0
50.0
43.0
33.0
25.0
29.0
20.0
19.0
23.0
39.0
34.0
16.0
9.0
48.0
14.0
26.0
14.0
40.0
17.0
30.0
46.0
37.0
32.0
21.0
22.0
27.0
23.0
60.0
30.0
13.0
55.0
18.0
26.0
20.0
57.0
17.0
53.0
28.0
32.0
16.0
45.0
16.0
13.0
14.0
36.0
23.0
17.0
15.0
17.0
20.0
39.0
38.0
37.0
14.0
80.0
20.0
19.0
47.0
70.0
33.0
46.0
122.0
34.0
13.0
122.0
19.0
57.0
18.0
30.0
63.0
48.0
26.0
37.0
40.0
26.0
47.0
86.0
15.0
27.0
46.0
29.0
26.0
24.0
55.0
31.0
77.0
34.0
33.0
69.0
89.0
60.0
15.0
46.0
21.0
13.0
16.0
13.0
13.0
16.0
21.0
34.0
17.0
48.0
21.0
31.0
74.0
77.0
18.0
60.0
46.0
154.0
44.0
60.0
22.0
68.0
94.0
71.0
16.0
66.0
167.0
141.0
65.0
88.0
56.0
26.0
19.0
54.0
41.0
100.0
49.0
87.0
59.0
36.0
18.0
11.0
25.0
32.0
14.0
49.0
81.0
74.0
74.0
223.0
122.0
244.0
113.0
71.0
139.0
79.0
89.0
136.0
96.0
63.0
114.0
67.0
35.0
38.0
92.0
122.0
149.0
154.0
189.0
147.0
68.0
226.0
57.0
151.0
125.0
203.0
20.0
161.0
148.0
147.0
151.0
136.0
156.0
185.0
89.0
141.0
188.0
269.0
83.0
157.0
370.0
212.0
312.0
218.0
340.0
176.0
153.0
197.0
113.0
500.0
318.0
389.0
240.0
285.0
348.0
168.0
310.0
500.0
500.0
224.0
397.0
364.0
500.0
479.0
323.0
281.0
500.0
350.0
500.0
460.0
500.0
500.0
431.0
500.0
416.0
379.0
350.0
500.0
500.0
329.0
333.0
500.0
500.0
500.0
500.0
500.0
500.0
500.0
500.0
500.0
500.0
500.0
500.0
500.0
500.0
500.0
500.0
500.0
500.0
500.0
500.0
500.0
500.0
500.0
500.0
500.0
343.0
500.0
302.0
500.0
500.0
500.0
500.0
500.0
497.0
432.0
494.0
430.0
440.0
268.0
461.0
500.0
500.0
500.0
489.0
500.0
367.0
500.0
500.0
500.0
500.0
500.0
500.0
500.0
500.0
500.0
500.0
500.0
500.0
500.0
500.0
500.0
500.0
500.0
500.0
500.0
500.0
500.0
500.0
500.0
500.0
500.0
500.0
500.0
500.0
500.0
500.0
500.0
500.0
500.0
500.0
500.0
500.0
500.0
500.0
500.0
500.0
500.0
500.0
500.0
500.0
500.0
500.0
500.0
500.0
500.0
500.0
500.0
500.0
500.0
500.0
500.0
500.0
500.0
500.0
500.0
500.0
500.0
500.0
500.0
500.0
500.0
500.0
500.0
500.0
500.0
500.0
500.0
500.0
500.0
500.0
500.0
500.0
500.0
500.0
500.0
500.0
500.0
500.0
500.0
500.0
500.0
500.0
500.0
500.0
500.0
500.0
500.0
500.0
500.0
500.0
500.0
500.0
500.0
500.0
500.0
500.0
500.0
500.0
500.0
500.0
500.0
500.0
500.0
500.0
500.0
500.0
500.0
500.0
500.0
500.0
500.0
500.0
500.0
500.0
500.0
500.0
500.0
500.0
500.0
500.0
500.0
500.0
500.0
500.0
500.0
500.0
500.0
500.0
500.0
500.0
500.0
500.0
500.0
500.0
500.0
500.0
500.0
500.0
500.0
500.0
500.0
500.0
500.0
500.0
500.0
500.0
500.0
500.0
500.0
500.0
500.0
500.0
500.0
500.0
500.0
500.0
500.0
500.0
500.0
500.0
500.0
500.0
500.0
500.0
500.0
500.0
500.0
500.0
500.0
500.0
500.0
500.0
500.0
500.0
500.0
500.0
500.0
500.0
500.0
500.0
500.0
500.0
500.0
500.0
500.0
500.0
500.0
500.0
500.0
500.0
500.0
500.0
500.0
500.0
500.0
500.0
500.0
500.0
500.0
500.0
500.0
500.0
500.0
500.0
500.0
500.0
500.0
500.0
500.0
500.0
500.0
500.0
500.0
500.0
500.0
500.0
500.0
500.0
500.0
500.0
500.0
500.0
500.0
500.0
500.0
500.0
500.0
500.0
500.0
500.0
500.0
500.0
500.0
500.0
500.0
500.0
500.0
500.0
500.0
500.0
500.0
500.0
500.0
500.0
500.0
500.0
500.0
500.0
500.0
500.0
500.0
500.0
500.0
500.0
500.0
500.0
500.0
500.0
500.0
500.0
500.0
500.0
500.0
500.0
500.0
500.0
500.0
500.0
500.0
500.0
