1717112970.5910451
1717112970.5998735
1717112970.6107874
1717112970.622323
1717112970.633811
1717112970.6568549
1717112970.686234
1717112970.6950119
1717112970.7152069
1717112970.7393765
1717112970.7642953
1717112970.7709455
1717112970.7838075
1717112970.7951257
1717112970.8172944
1717112970.8477993
1717112970.872497
1717112970.8858345
1717112970.9001844
1717112970.9118052
1717112970.9305928
1717112970.9426124
1717112970.9647553
1717112970.9728181
1717112971.0129528
1717112971.0488665
1717112971.0695946
1717112971.0823302
1717112971.0983498
1717112971.1159644
1717112971.1241724
1717112971.1356962
1717112971.151311
1717112971.1877637
1717112971.2021005
1717112971.2262106
1717112971.2390018
1717112971.252652
1717112971.2616754
1717112971.2746909
1717112971.2847788
1717112971.3028555
1717112971.3171215
1717112971.3247836
1717112971.341341
1717112971.3525481
1717112971.3676777
1717112971.3793802
1717112971.3916507
1717112971.4068017
1717112971.4176304
1717112971.4285624
1717112971.454682
1717112971.4655771
1717112971.479982
1717112971.491481
1717112971.5000193
1717112971.5182707
1717112971.5409908
1717112971.5502303
1717112971.5650735
1717112971.5733104
1717112971.583196
1717112971.5937278
1717112971.6123614
1717112971.6343787
1717112971.6635063
1717112971.6722984
1717112971.6875386
1717112971.6997633
1717112971.7273037
1717112971.7455087
1717112971.7630405
1717112971.7860901
1717112971.8003004
1717112971.8437479
1717112971.8602612
1717112971.8714955
1717112971.905879
1717112971.921061
1717112971.9322374
1717112971.9517083
1717112971.9683645
1717112971.980926
1717112971.993294
1717112972.0030003
1717112972.0154185
1717112972.0242815
1717112972.0334752
1717112973.190022
1717112973.228679
1717112973.2362132
1717112973.2468977
1717112973.2627375
1717112973.2767246
1717112973.288597
1717112973.3003519
1717112973.3159978
1717112973.3356872
1717112973.3722348
1717112973.3810542
1717112973.3918698
1717112973.4093733
1717112973.4546175
1717112973.4688554
1717112973.4948432
1717112973.5094538
1717112973.5268602
1717112973.5379975
1717112973.5479367
1717112973.5823326
1717112973.5960464
1717112973.617037
1717112973.6500547
1717112973.6860638
1717112973.7172136
1717112973.74114
1717112973.7589436
1717112973.779781
1717112973.7934868
1717112973.8058617
1717112973.8204737
1717112973.8457625
1717112973.8677924
1717112973.8782337
1717112973.883982
1717112973.9149506
1717112973.9239984
1717112973.9406743
1717112973.9494388
1717112973.9818356
1717112973.9953582
1717112974.017956
1717112974.048965
1717112974.0781956
1717112974.1010864
1717112974.1156452
1717112974.1310937
1717112974.1500394
1717112974.1659508
1717112974.2039733
1717112974.2229536
1717112974.2312176
1717112974.2662623
1717112974.27791
1717112974.2945719
1717112974.3077106
1717112974.3444202
1717112974.355196
1717112974.3924
1717112974.4121141
1717112974.432779
1717112974.4426637
1717112974.470803
1717112974.480815
1717112974.4888446
1717112974.498617
1717112974.5250568
1717112974.541619
1717112974.5538673
1717112974.5646782
1717112974.5768654
1717112974.5923283
1717112975.7083771
1717112975.7325382
1717112975.7559843
1717112975.764818
1717112975.8155875
1717112975.8285005
1717112975.8407311
1717112975.8704898
1717112975.914731
1717112975.9354563
1717112975.9665658
1717112976.0534966
1717112976.0788713
1717112976.0867546
1717112976.1604857
1717112976.171986
1717112976.206621
1717112976.2175748
1717112976.2357883
1717112976.2741306
1717112976.303444
1717112976.3193965
1717112976.3417425
1717112976.3660522
1717112976.381786
1717112976.4100246
1717112976.462462
1717112976.4715648
1717112976.487713
1717112976.5159407
1717112976.5334964
1717112976.5494797
1717112976.5642173
1717112976.6020288
1717112976.62436
1717112976.6746938
1717112976.6949134
1717112976.7151701
1717112976.7570894
1717112976.810904
1717112976.8505695
1717112976.8609571
1717112976.893072
1717112976.907966
1717112976.9172368
1717112976.9284925
1717112976.9375176
1717112976.9467487
1717112976.9584377
1717112976.9734535
1717112976.9978387
1717112977.010457
1717112978.2644894
1717112978.2791348
1717112978.3009887
1717112978.3477736
1717112978.4011886
1717112978.4134254
1717112978.4541695
1717112978.4852312
1717112978.5788631
1717112978.6055665
1717112978.641934
1717112978.6553156
1717112978.6984751
1717112978.7553174
1717112978.7984867
1717112978.8082063
1717112978.847833
1717112978.9484577
1717112979.0337143
1717112979.073096
1717112979.1271422
1717112979.1610436
1717112979.1769629
1717112979.1890078
1717112979.2284923
1717112979.25674
1717112979.3263648
1717112979.3607771
1717112979.4196408
1717112979.459901
1717112979.4845142
1717112979.4968863
1717112979.5045323
1717112979.5215504
1717112979.5435092
1717112979.553105
1717112980.7323434
1717112980.7845502
1717112980.8350194
1717112980.8857145
1717112981.0393918
1717112981.1197476
1717112981.273437
1717112981.3508577
1717112981.3989334
1717112981.4932952
1717112981.5467424
1717112981.6068666
1717112981.6991165
1717112981.763811
1717112981.8072438
1717112981.8856504
1717112981.9314344
1717112981.9553742
1717112981.9821835
1717112982.043001
1717112983.2097192
1717112983.3091896
1717112983.4164765
1717112983.5439594
1717112983.6430576
1717112983.6892517
1717112983.8427484
1717112983.8799856
1717112983.9692671
1717112984.0423324
1717112984.1603634
1717112984.1721656
1717112984.2671397
1717112984.3545525
1717112984.448154
1717112985.6545417
1717112985.7367363
1717112985.8309977
1717112985.9430912
1717112986.0025933
1717112986.0949314
1717112986.2086613
1717112986.3710797
1717112986.4264898
1717112986.5333183
1717112986.7787125
1717112988.1172063
1717112988.2909868
1717112988.4126544
1717112988.6145036
1717112988.7290752
1717112988.8299387
1717112988.961296
1717112989.0341525
1717112990.4378421
1717112990.6186585
1717112990.8392606
1717112990.9755197
1717112991.1498754
1717112991.3797274
1717112991.4913201
1717112992.867554
1717112993.194395
1717112993.4960775
1717112993.6283858
1717112993.8687441
1717112994.1083405
1717112995.577538
1717112995.8798532
1717112996.0752847
1717112996.2520015
1717112996.5825982
1717112997.9525049
1717112998.2838242
1717112998.5948925
1717112998.925759
1717113000.4256601
1717113000.7220073
1717113001.0604987
1717113001.335634
1717113001.5920687
1717113003.0244834
1717113003.3636734
1717113003.6830735
1717113003.9041605
1717113004.1177895
1717113005.6418197
1717113005.9787154
1717113006.2913995
1717113006.5989683
1717113008.132519
1717113008.4622042
1717113008.7916565
1717113009.1222827
1717113010.6223211
1717113010.9246283
1717113011.231411
1717113011.5639184
1717113013.0949676
1717113013.4099429
1717113013.7374527
1717113014.0683866
1717113015.5364017
1717113015.8174794
1717113016.127857
1717113016.4632382
1717113018.0007033
1717113018.3311875
1717113018.6651
1717113019.003422
1717113020.4907594
1717113020.720642
1717113021.0514693
1717113021.2474997
1717113021.5501323
1717113023.0545661
1717113023.3856912
1717113023.701927
1717113024.0113492
1717113025.5345678
1717113025.7965128
1717113026.0901668
1717113026.3325524
1717113026.5798597
1717113027.9212272
1717113028.2221587
1717113028.5397403
1717113028.8744228
1717113030.3701308
1717113030.6958277
1717113031.014404
1717113031.2504294
1717113031.5838895
1717113033.1059797
1717113033.4413297
1717113033.76711
1717113034.096398
1717113035.6038814
1717113035.9431272
1717113036.2488184
1717113036.575145
1717113038.125585
1717113038.4636443
1717113038.8013432
1717113039.1372948
1717113040.6739357
1717113040.9592261
1717113041.287235
1717113041.6205447
1717113043.1123652
1717113043.4014933
1717113043.6884367
1717113043.977178
1717113045.4527764
1717113045.7715025
1717113046.0774944
1717113046.397149
1717113047.899422
1717113048.2118409
1717113048.509229
1717113048.8349526
1717113050.3753884
1717113050.7094147
1717113051.0428958
1717113051.3688607
1717113052.9241495
1717113053.2427387
1717113053.5716107
1717113053.9058032
1717113054.2282147
1717113055.7899399
1717113056.114005
1717113056.4374375
1717113056.770963
1717113058.2879052
1717113058.5914898
1717113058.9241974
1717113059.2655315
1717113060.6590664
1717113060.942102
1717113061.2737546
1717113061.6075118
1717113063.196242
1717113063.5250149
1717113063.8333185
1717113064.169285
1717113065.7266216
1717113066.0434504
1717113066.3710854
1717113066.70349
1717113068.1899903
1717113068.5246933
1717113068.8138292
1717113069.138221
1717113070.6965973
1717113071.0273492
1717113071.3479152
1717113071.6854212
1717113073.2004085
1717113073.530732
1717113073.817382
1717113074.1122823
1717113075.6285906
1717113075.955837
1717113076.2633255
1717113076.5543013
1717113078.075235
1717113078.3714736
1717113078.6602473
1717113078.976669
1717113079.308235
1717113080.8774645
1717113081.190398
1717113081.492242
1717113081.8237402
1717113083.3371036
1717113083.6699157
1717113083.9964979
1717113084.3312287
1717113085.8729234
1717113086.2037358
1717113086.5303879
1717113086.8564448
1717113088.4057066
1717113088.735306
1717113089.060717
1717113089.4003446
1717113090.90271
1717113091.1920984
1717113091.5201945
1717113091.855513
1717113093.3480418
1717113093.6578434
1717113093.9931285
1717113094.3251922
1717113095.8544588
1717113096.1850476
1717113096.506569
1717113096.8408
1717113098.3779535
1717113098.6797695
1717113099.010926
1717113099.3451254
1717113100.861016
1717113101.156225
1717113101.4601097
1717113101.791926
1717113103.2791095
1717113103.5965753
1717113103.925725
1717113104.254502
1717113105.7547934
1717113106.0852473
1717113106.420414
1717113106.7512538
1717113107.081
1717113108.5670178
1717113108.9018552
1717113109.2460525
1717113109.5882208
1717113111.1286142
1717113111.454528
1717113111.7664125
1717113112.0613806
1717113113.5530417
1717113113.8860557
1717113114.2176716
1717113114.5375443
1717113116.0593843
1717113116.362074
1717113116.6929452
1717113117.0272636
1717113118.5311959
1717113118.8159137
1717113119.1092982
1717113119.401439
1717113120.8923595
1717113121.1874022
1717113121.4853706
1717113121.8214538
1717113123.3220832
1717113123.6492183
1717113123.979547
1717113124.3126984
1717113125.8340757
1717113126.1635537
1717113126.5057015
1717113126.8281064
1717113128.3512487
1717113128.6776192
1717113129.0033
1717113129.342029
1717113130.8755279
1717113131.1920834
1717113131.5196974
1717113131.8592913
1717113132.199126
1717113133.6997323
1717113133.994724
1717113134.3253615
1717113134.656
1717113136.2013345
1717113136.5280406
1717113136.8621624
1717113137.1902294
1717113138.714553
1717113139.0466924
1717113139.3846016
1717113139.7178268
1717113141.2645328
1717113141.5837634
1717113141.9154868
1717113142.2456768
1717113143.7518997
1717113144.0859885
1717113144.4211092
1717113144.753472
1717113146.252485
1717113146.582832
1717113146.916034
1717113147.2513986
1717113148.8061244
1717113149.0997138
1717113149.4227958
1717113149.7494373
1717113151.2625906
1717113151.594964
1717113151.930557
1717113152.2706778
1717113153.8474133
1717113154.1800902
1717113154.503512
1717113154.8119922
1717113156.3833323
1717113156.7087986
1717113157.0347643
1717113157.3756282
1717113157.7164066
1717113159.2455783
1717113159.5795364
1717113159.9095175
1717113160.245011
1717113161.782163
1717113162.1128523
1717113162.4533675
1717113162.7862556
1717113164.3105147
1717113164.6513689
1717113164.982396
1717113165.3165715
1717113166.8469465
1717113167.1448967
1717113167.4436276
1717113167.7408206
1717113169.312175
1717113169.641161
1717113169.9257638
1717113170.257887
1717113171.7673903
1717113172.093253
1717113172.4230552
1717113172.7622137
1717113174.2840946
1717113174.6279485
1717113174.9618049
1717113175.2796926
1717113176.7999296
1717113177.123787
1717113177.4430244
1717113177.7585735
1717113179.3076699
1717113179.6169686
1717113179.9496186
1717113180.2831306
1717113181.8732145
1717113182.200198
1717113182.5434089
1717113182.8865547
1717113184.418361
1717113184.753642
1717113185.0985951
1717113185.4417605
1717113185.7775178
1717113187.338337
1717113187.6665015
1717113187.9962783
1717113188.3292136
1717113189.844066
1717113190.151543
1717113190.4417794
1717113190.7366061
1717113192.287766
1717113192.6148992
1717113192.953895
1717113193.289649
1717113194.8325195
1717113195.1627529
1717113195.4934251
1717113195.8364968
1717113197.3330553
1717113197.6283681
1717113197.9583273
1717113198.2892413
1717113199.815486
1717113200.1478417
1717113200.4869611
