1717105497.2571368
1717105497.2855585
1717105497.299991
1717105497.3090417
1717105497.3189485
1717105497.3271034
1717105497.3335278
1717105497.346021
1717105497.3670707
1717105497.3807147
1717105497.422718
1717105497.429874
1717105497.4423451
1717105497.45165
1717105497.4620118
1717105497.4723775
1717105497.4841495
1717105497.5057042
1717105497.5160904
1717105497.532074
1717105497.5496845
1717105497.563017
1717105497.585374
1717105497.5936136
1717105497.6050313
1717105497.6215227
1717105497.6335657
1717105497.6516364
1717105497.6643486
1717105497.673352
1717105497.6823313
1717105497.6908362
1717105497.7029583
1717105497.713882
1717105497.7214692
1717105497.7285252
1717105497.7388432
1717105497.745838
1717105497.755983
1717105497.7677279
1717105497.7797537
1717105497.790177
1717105497.7997744
1717105497.8297555
1717105497.8419528
1717105497.869332
1717105497.9084628
1717105497.9194822
1717105497.9292138
1717105497.954918
1717105497.9723155
1717105497.9803536
1717105497.9902773
1717105498.0176184
1717105498.0373566
1717105498.0508485
1717105498.057736
1717105498.0708382
1717105498.0851877
1717105498.0984602
1717105498.1084569
1717105498.1185298
1717105498.1250062
1717105498.1443691
1717105498.151616
1717105498.171565
1717105498.1951685
1717105498.2172196
1717105498.2490473
1717105498.2661338
1717105498.2853096
1717105498.3076487
1717105498.3300185
1717105498.350892
1717105498.3687408
1717105498.375866
1717105498.3830025
1717105498.4099548
1717105498.4190214
1717105498.4337451
1717105498.443033
1717105498.4535737
1717105498.483639
1717105498.4969223
1717105498.5078
1717105498.5209272
1717105498.5308924
1717105498.5409896
1717105498.5960302
1717105498.6174133
1717105498.6281788
1717105498.6533303
1717105499.9151313
1717105499.9252045
1717105499.9556293
1717105499.9633641
1717105499.9753528
1717105499.9905398
1717105500.0076041
1717105500.0169356
1717105500.0596383
1717105500.065928
1717105500.083214
1717105500.0961351
1717105500.1107006
1717105500.118127
1717105500.1408198
1717105500.1560285
1717105500.1700087
1717105500.186476
1717105500.195092
1717105500.202437
1717105500.255584
1717105500.269218
1717105500.2941568
1717105500.312716
1717105500.3213322
1717105500.3427773
1717105500.3587325
1717105500.3744352
1717105500.3844404
1717105500.429493
1717105500.4443722
1717105500.464046
1717105500.4715137
1717105500.4838338
1717105500.5081353
1717105500.5190923
1717105500.539608
1717105500.5733182
1717105500.5984147
1717105500.627319
1717105500.661557
1717105500.7175457
1717105500.7262952
1717105500.7403383
1717105500.749588
1717105500.7589233
1717105500.7676606
1717105500.7784014
1717105500.7897818
1717105500.8004818
1717105500.8474307
1717105500.8625274
1717105500.8680086
1717105500.8814292
1717105500.9011152
1717105500.9070737
1717105500.9231546
1717105500.936065
1717105500.945454
1717105500.9530423
1717105500.9665587
1717105500.993728
1717105501.0047212
1717105501.0170918
1717105501.0355704
1717105501.047134
1717105501.081965
1717105501.0998485
1717105501.1090965
1717105501.1480377
1717105501.1656952
1717105501.1742048
1717105501.1908724
1717105501.1990006
1717105501.222653
1717105502.4425197
1717105502.4523423
1717105502.463573
1717105502.4745557
1717105502.484061
1717105502.4928834
1717105502.522116
1717105502.5313914
1717105502.5399084
1717105502.5541346
1717105502.5732267
1717105502.5865598
1717105502.6295474
1717105502.6395786
1717105502.6586294
1717105502.6718206
1717105502.7004187
1717105502.7160118
1717105502.7789567
1717105502.7902904
1717105502.817997
1717105502.8598077
1717105502.878575
1717105502.9053738
1717105502.9377003
1717105502.947747
1717105502.9806602
1717105503.0144758
1717105503.0238225
1717105503.0565636
1717105503.0844386
1717105503.1067946
1717105503.124788
1717105503.140958
1717105503.154781
1717105503.1963959
1717105503.233704
1717105503.2595108
1717105503.2721517
1717105503.3036275
1717105503.3241904
1717105503.3360999
1717105503.3506873
1717105503.3781712
1717105503.3905303
1717105503.41422
1717105503.546207
1717105503.5781124
1717105503.675554
1717105503.682062
1717105503.6903412
1717105503.703894
1717105503.7334063
1717105503.7575617
1717105504.9603376
1717105504.9667299
1717105504.9746745
1717105505.0020823
1717105505.0756135
1717105505.1528747
1717105505.1937299
1717105505.262877
1717105505.330341
1717105505.3427217
1717105505.3518147
1717105505.4136193
1717105505.4230514
1717105505.4507377
1717105505.463356
1717105505.478463
1717105505.5270445
1717105505.5624995
1717105505.6129932
1717105505.636791
1717105505.6593025
1717105505.678163
1717105505.688387
1717105505.7387276
1717105505.8318715
1717105505.8969555
1717105505.9939587
1717105506.0514612
1717105506.0909622
1717105506.1516066
1717105506.1609995
1717105506.1934998
1717105507.4371552
1717105507.4784753
1717105507.5039344
1717105507.5312011
1717105507.604141
1717105507.6637266
1717105507.7614713
1717105507.8055847
1717105507.8321924
1717105507.8667252
1717105507.9241085
1717105508.021742
1717105508.066994
1717105508.0807636
1717105508.1572437
1717105508.1838589
1717105508.2647343
1717105508.283007
1717105508.3038454
1717105508.322751
1717105508.339496
1717105508.42235
1717105508.4685342
1717105508.4838026
1717105508.5907886
1717105508.6187298
1717105508.6556752
1717105508.7151797
1717105508.7323215
1717105509.981581
1717105510.0156167
1717105510.0961397
1717105510.1773236
1717105510.2645054
1717105510.3390398
1717105510.4138575
1717105510.519536
1717105510.537248
1717105510.5738602
1717105510.6679213
1717105510.6832545
1717105510.7000747
1717105510.8305871
1717105510.8569949
1717105510.9274511
1717105511.0405452
1717105511.1453855
1717105512.4064014
1717105512.520629
1717105512.567002
1717105512.6651485
1717105512.7846687
1717105512.889947
1717105513.0467927
1717105513.1337678
1717105513.226778
1717105513.2746773
1717105513.4206958
1717105513.4695356
1717105513.6243696
1717105514.9590342
1717105515.0977352
1717105515.207137
1717105515.3753664
1717105515.5297697
1717105515.6281621
1717105515.7381923
1717105515.937352
1717105516.0222473
1717105517.4067225
1717105517.4858398
1717105517.5691361
1717105517.726717
1717105517.878134
1717105518.0054636
1717105518.1744902
1717105518.3674545
1717105519.7101786
1717105519.825844
1717105519.9419708
1717105520.0488303
1717105520.1808653
1717105520.4158044
1717105520.5975676
1717105522.0367868
1717105522.360287
1717105522.567146
1717105522.8698263
1717105523.0525773
1717105524.5185106
1717105524.6253655
1717105524.7826312
1717105524.9344826
1717105525.1054807
1717105525.2693408
1717105525.5958247
1717105527.1451192
1717105527.2715187
1717105527.5128133
1717105527.7817428
1717105528.0686631
1717105529.4250953
1717105529.7023814
1717105530.0205064
1717105530.3320181
1717105530.6115847
1717105531.9741533
1717105532.2876997
1717105532.425515
1717105532.7499404
1717105533.038327
1717105534.5548537
1717105534.8750875
1717105535.1788542
1717105535.4861088
1717105536.9776263
1717105537.300832
1717105537.6204689
1717105537.9448705
1717105539.404797
1717105539.7116346
1717105540.0253358
1717105540.3484619
1717105541.8322265
1717105542.146088
1717105542.3554401
1717105542.674524
1717105542.9820843
1717105544.456804
1717105544.7792177
1717105545.097428
1717105545.4123447
1717105546.760326
1717105547.0892174
1717105547.4138937
1717105547.7297945
1717105549.2408748
1717105549.5287952
1717105549.809119
1717105550.0971022
1717105551.5726438
1717105551.8631198
1717105552.155376
1717105552.4707031
1717105552.673741
1717105554.1356893
1717105554.456731
1717105554.7715526
1717105555.0918295
1717105556.5315886
1717105556.8333793
1717105557.1416483
1717105557.4456518
1717105558.9243698
1717105559.2434876
1717105559.566325
1717105559.8833795
1717105561.3484864
1717105561.6566212
1717105561.9521306
1717105562.279594
1717105563.7322562
1717105564.0550125
1717105564.349623
1717105564.6684196
1717105566.1510825
1717105566.4554842
1717105566.770124
1717105567.0811179
1717105568.5830927
1717105568.8830762
1717105569.191087
1717105569.511994
1717105571.0218468
1717105571.3355849
1717105571.6490247
1717105571.9464886
1717105573.589086
1717105573.8720841
1717105574.1879284
1717105574.5076747
1717105576.0086825
1717105576.3177762
1717105576.6335394
1717105576.9211166
1717105577.212025
1717105578.67274
1717105578.9877932
1717105579.2832336
1717105579.5777051
1717105581.0526352
1717105581.378695
1717105581.7039666
1717105582.0274637
1717105583.5134733
1717105583.8005517
1717105584.106198
1717105584.436539
1717105586.0205946
1717105586.3068848
1717105586.6037385
1717105586.9159734
1717105588.3933148
1717105588.716544
1717105589.0289345
1717105589.3493466
1717105590.8550482
1717105591.1704664
1717105591.4783926
1717105591.7897313
1717105593.2929983
1717105593.6133597
1717105593.929017
1717105594.2407608
1717105596.0588546
1717105596.3710601
1717105596.6874247
1717105597.0010552
1717105598.8413627
1717105599.1638505
1717105599.4772403
1717105599.8526657
1717105601.7411387
1717105602.0658107
1717105602.421512
1717105602.7928987
1717105603.0977273
1717105604.7383513
1717105605.0542328
1717105605.3759952
1717105605.6956964
1717105607.1688008
1717105607.4859664
1717105607.8081954
1717105608.1270366
1717105609.7885203
1717105610.096666
1717105610.4171617
1717105610.7138174
1717105612.2002065
1717105612.508029
1717105612.8117154
1717105613.1090915
1717105614.6045182
1717105614.9099696
1717105615.2087834
1717105615.5067523
1717105617.0198011
1717105617.3158252
1717105617.6305199
1717105617.9561698
1717105619.4775465
1717105619.7973697
1717105620.120529
1717105620.426262
1717105621.9579897
1717105622.281127
1717105622.5874126
1717105622.9090974
1717105624.5510488
1717105624.8631344
1717105625.1886187
1717105625.5207725
1717105627.2620957
1717105627.5819705
1717105627.9134877
1717105628.2400746
1717105629.9653394
1717105630.3146276
1717105630.6553953
1717105631.0679424
1717105631.388912
1717105633.2524862
1717105633.6068084
1717105633.9306266
1717105634.2735734
1717105636.031998
1717105636.3574133
1717105636.661421
1717105636.967549
1717105638.8108194
1717105639.141981
1717105639.462804
1717105639.7841206
1717105641.2811258
1717105641.6182942
1717105641.9503489
1717105642.2746623
1717105643.8664348
1717105644.1695142
1717105644.4968033
1717105644.8182502
1717105646.3518677
1717105646.6701806
1717105646.9809802
1717105647.328396
1717105648.9277568
1717105649.236468
1717105649.5655873
1717105649.8917341
1717105651.4324176
1717105651.7145185
1717105652.0040915
1717105652.3191278
1717105653.9181278
1717105654.2441618
1717105654.5468688
1717105654.8630433
1717105656.416154
1717105656.7268767
1717105657.041727
1717105657.3636873
1717105657.6762202
1717105659.2559264
1717105659.568217
1717105659.8875918
1717105660.2072468
1717105662.0352843
1717105662.350535
1717105662.6661358
1717105662.9762182
1717105664.51701
1717105664.8293316
1717105665.1288493
1717105665.457377
1717105667.0617294
1717105667.4030921
1717105667.7465038
1717105668.0859132
1717105669.5741723
1717105669.883591
1717105670.1767206
1717105670.4896379
1717105672.0031154
1717105672.3098733
1717105672.6155243
1717105672.9320161
1717105674.452821
1717105674.7573898
1717105675.0423608
1717105675.36635
1717105676.900716
1717105677.2001112
1717105677.5174766
1717105677.8452542
1717105679.450028
1717105679.747417
1717105680.0730772
1717105680.4013386
1717105681.96751
1717105682.2693222
1717105682.5645473
1717105682.88247
1717105684.4665961
1717105684.7743216
1717105685.0860558
1717105685.37684
1717105685.68662
1717105687.2033749
1717105687.5317059
1717105687.8470292
1717105688.1439285
1717105689.6353948
1717105689.9449568
1717105690.2597146
1717105690.5347116
1717105692.030629
1717105692.352351
1717105692.670004
1717105692.9813886
1717105694.4760883
1717105694.7800612
1717105695.1024432
1717105695.4265788
1717105696.939452
1717105697.2275968
1717105697.545901
1717105697.8771977
1717105699.3855813
1717105699.7109406
1717105700.0280213
1717105700.3480568
1717105701.8675923
1717105702.1772614
1717105702.4808621
1717105702.8036363
1717105704.3047948
1717105704.5927918
1717105704.9019072
1717105705.2302184
1717105706.7892656
1717105707.1023695
1717105707.4134116
1717105707.7277563
1717105709.2170277
1717105709.5269656
1717105709.8454297
1717105710.1631973
1717105710.4645193
1717105712.025884
1717105712.3355703
1717105712.659913
1717105712.9884956
1717105714.5904586
1717105714.8986216
1717105715.2176247
1717105715.5373254
1717105717.074098
1717105717.389465
1717105717.7047298
1717105718.022586
1717105719.5536954
1717105719.9287992
1717105720.2391632
1717105720.5742283
1717105722.2746289
1717105722.5761023
1717105722.8791559
1717105723.1961823
1717105725.006921
1717105725.3151903
1717105725.632542
1717105725.9739964
1717105727.7829323
1717105728.1369953
1717105728.4617834
