1280
2112
3136
4224
5312
7488
10240
11072
12992
15296
17664
18304
19520
20608
22720
25536
27840
29120
30464
31552
33344
34496
36608
37376
40704
43840
45696
46784
48128
49600
50304
51328
52672
55808
57024
59072
60160
61312
62080
63168
64000
65536
66752
67392
68800
69760
71040
72000
73024
74304
75200
76096
78272
79168
80320
81280
81984
83520
85440
86208
87488
88192
89024
89920
91520
93376
96128
96960
98432
99584
102208
103936
105600
107776
109120
113280
114816
115904
118656
120128
121152
123008
124608
125824
126976
127808
128896
129728
130624
131520
134784
135424
136320
137664
138880
139904
140928
142272
144000
147200
147968
148928
150464
154432
155648
157952
159232
160768
161728
162624
165696
166912
168768
171712
174912
177664
179776
181376
183232
184512
185728
187200
189696
191872
192896
193472
196544
197440
199104
200000
202560
203648
205568
208512
210880
212928
214272
215680
217408
218880
222720
224640
225472
228992
230144
231808
233088
236736
237824
241216
243008
245056
246080
248960
249984
250816
251712
254016
255488
256576
257536
258624
259904
262400
264832
267200
268096
273216
274496
275712
278720
283200
285312
288256
296064
298240
299072
306880
308096
311744
312896
314816
318848
321920
323584
325952
328512
330176
333184
338688
339648
341376
344320
346176
347840
349376
352896
354880
359808
361984
364096
368512
374208
378048
379008
381952
383296
384128
385152
385984
386816
387840
389184
391360
392448
395520
396864
398848
403584
408512
409664
413504
416448
426304
429120
432960
434368
438720
444736
449280
450304
454528
465216
474240
478400
484032
487616
489280
490496
493952
496576
502976
506112
511680
515456
517760
518912
519616
521216
523264
524160
527296
532480
537216
541952
556224
564032
579648
586880
591424
600320
605376
611072
619776
625920
629952
637248
641536
643776
646208
652096
659904
669440
679296
691392
700800
705152
719616
723264
732928
740928
753920
755200
765504
774976
784384
794048
802752
812736
824576
830272
839296
851328
868544
873856
883904
907584
921152
941120
955072
976832
988096
997888
1010496
1017728
1049728
1070080
1094976
1110336
1128576
1150848
1161600
1181440
1213440
1245440
1259776
1285184
1308480
1340480
1371136
1391808
1409792
1441792
1464192
1496192
1525632
1557632
1589632
1617216
1649216
1675840
1700096
1722496
1754496
1786496
1807552
1828864
1860864
1892864
1924864
1956864
1988864
2020864
2052864
2084864
2116864
2148864
2180864
2212864
2244864
2276864
2308864
2340864
2372864
2404864
2436864
2468864
2500864
2532864
2564864
2596864
2628864
2650816
2682816
2702144
2734144
2766144
2798144
2830144
2862144
2893952
2921600
2953216
2980736
3008896
3026048
3055552
3087552
3119552
3151552
3182848
3214848
3238336
3270336
3302336
3334336
3366336
3398336
3430336
3462336
3494336
3526336
3558336
3590336
3622336
3654336
3686336
3718336
3750336
3782336
3814336
3846336
3878336
3910336
3942336
3974336
4006336
4038336
4070336
4102336
4134336
4166336
4198336
4230336
4262336
4294336
4326336
4358336
4390336
4422336
4454336
4486336
4518336
4550336
4582336
4614336
4646336
4678336
4710336
4742336
4774336
4806336
4838336
4870336
4902336
4934336
4966336
4998336
5030336
5062336
5094336
5126336
5158336
5190336
5222336
5254336
5286336
5318336
5350336
5382336
5414336
5446336
5478336
5510336
5542336
5574336
5606336
5638336
5670336
5702336
5734336
5766336
5798336
5830336
5862336
5894336
5926336
5958336
5990336
6022336
6054336
6086336
6118336
6150336
6182336
6214336
6246336
6278336
6310336
6342336
6374336
6406336
6438336
6470336
6502336
6534336
6566336
6598336
6630336
6662336
6694336
6726336
6758336
6790336
6822336
6854336
6886336
6918336
6950336
6982336
7014336
7046336
7078336
7110336
7142336
7174336
7206336
7238336
7270336
7302336
7334336
7366336
7398336
7430336
7462336
7494336
7526336
7558336
7590336
7622336
7654336
7686336
7718336
7750336
7782336
7814336
7846336
7878336
7910336
7942336
7974336
8006336
8038336
8070336
8102336
8134336
8166336
8198336
8230336
8262336
8294336
8326336
8358336
8390336
8422336
8454336
8486336
8518336
8550336
8582336
8614336
8646336
8678336
8710336
8742336
8774336
8806336
8838336
8870336
8902336
8934336
8966336
8998336
9030336
9062336
9094336
9126336
9158336
9190336
9222336
9254336
9286336
9318336
9350336
9382336
9414336
9446336
9478336
9510336
9542336
9574336
9606336
9638336
9670336
9702336
9734336
9766336
9798336
9830336
9862336
9894336
9926336
9958336
9990336
10022336
10054336
10086336
10118336
10150336
10182336
10214336
10246336
10278336
10310336
10342336
10374336
10406336
10438336
10470336
10502336
10534336
10566336
10598336
10630336
10662336
10694336
10726336
10758336
10790336
10822336
10854336
10886336
10918336
10950336
10982336
11014336
11046336
11078336
11110336
11142336
11174336
11206336
11238336
11270336
11302336
11334336
11366336
11398336
11430336
11462336
11494336
11526336
11558336
11590336
11622336
11654336
11686336
11718336
11750336
11782336
11814336
11846336
11878336
11910336
11942336
11974336
12006336
