832
1728
6016
7104
9088
10240
11072
12096
13568
15104
16768
17792
20224
20992
22272
25216
25984
28864
29760
31296
32640
33984
36672
38848
40128
41984
43520
45632
46336
47680
48384
49152
50496
51712
53248
54016
58752
59456
60544
62656
64256
65344
66560
67264
69312
70336
71296
72192
73408
74112
76992
82048
82880
84352
85312
87232
88512
89664
91392
92544
93760
94592
96576
97856
98944
99840
100672
101440
102912
103808
105792
106880
109248
110336
111360
112064
113856
115008
117184
117952
119296
120320
121664
122752
125312
126912
128640
129344
130304
131200
132480
134080
136960
138432
139072
140032
141376
143296
146624
148032
149568
151552
153280
155648
158592
160512
162880
165440
166848
168000
168768
169536
170752
171968
173120
175680
176960
178176
179712
181440
182784
186496
188480
190208
191616
193216
195776
196800
198592
201600
202688
204544
205632
208192
208832
210048
212096
215552
218624
222272
223104
226304
228032
230208
232704
233344
234496
235776
236480
238144
241088
243136
244864
246080
250496
251520
252544
254400
256000
258304
259840
261568
262464
263552
268416
272384
273920
275392
276992
278272
280896
282048
283264
285504
286464
288640
292032
292736
294656
296448
297856
299584
300544
301760
304320
305728
307392
308928
312576
313920
314816
316160
317696
318336
319168
320000
325952
326912
329024
330112
331584
334400
338496
341824
345728
349632
350592
352512
357696
358976
361088
363904
365312
366400
368768
370112
372416
374080
377920
383168
386304
387968
393088
396864
398080
399744
408576
412992
417536
418752
420032
423936
425856
426688
429440
434496
435840
438016
439232
441664
447744
453504
457728
460928
464128
467840
470016
473920
480384
483200
484352
485184
491904
496384
502592
507584
509376
510912
516032
519680
522304
528448
536960
549440
555584
557888
565696
580544
583488
584384
590336
593536
601344
608640
610432
619136
631872
634752
635712
645952
654848
657024
673856
683584
690112
702144
711296
724672
725504
731840
743040
749824
754944
759680
768448
777152
785856
795136
819968
831552
851840
868736
889984
908864
919616
937664
959616
980864
984448
994624
1005504
1016960
1029248
1040704
1053312
1068096
1094912
1103936
1127296
1154688
1168000
1173888
1205888
1230656
1262656
1293952
1310144
1339072
1349952
1381952
1402944
1434944
1466944
1498944
1513792
1545792
1562176
1594176
1621888
1653888
1685888
1704000
1736000
1768000
1791104
1823104
1855104
1887104
1919104
1947968
1979968
2011968
2043968
2075968
2107968
2139968
2171968
2203968
2235968
2267968
2299968
2329280
2361280
2393280
2425280
2457280
2489280
2521280
2553280
2585280
2617280
2649280
2681280
2713280
2745280
2777280
2809280
2841280
2873280
2905280
2937280
2969280
3001280
3033280
3065280
3097280
3129280
3161280
3193280
3225280
3257280
3289280
3321280
3353280
3385280
3417280
3449280
3481280
3513280
3545280
3577280
3609280
3641280
3673280
3705280
3737280
3769280
3801280
3833280
3865280
3897280
3929280
3961280
3993280
4025280
4057280
4089280
4121280
4153280
4185280
4217280
4249280
4281280
4313280
4345280
4377280
4409280
4441280
4473280
4505280
4537280
4569280
4601280
4633280
4665280
4697280
4729280
4761280
4793280
4825280
4857280
4889280
4921280
4953280
4985280
5017280
5049280
5081280
5113280
5145280
5177280
5209280
5241280
5273280
5305280
5337280
5369280
5401280
5433280
5465280
5497280
5529280
5561280
5593280
5625280
5657280
5689280
5721280
5753280
5785280
5817280
5849280
5881280
5913280
5945280
5977280
6009280
6041280
6073280
6105280
6137280
6169280
6201280
6233280
6265280
6297280
6329280
6361280
6393280
6425280
6457280
6489280
6521280
6553280
6585280
6617280
6649280
6681280
6713280
6745280
6777280
6809280
6841280
6873280
6905280
6937280
6969280
7001280
7033280
7065280
7097280
7129280
7161280
7193280
7225280
7257280
7289280
7321280
7353280
7385280
7417280
7449280
7481280
7513280
7545280
7577280
7609280
7641280
7673280
7705280
7737280
7769280
7801280
7833280
7865280
7897280
7929280
7961280
7993280
8025280
8057280
8089280
8121280
8153280
8185280
8217280
8249280
8281280
8313280
8345280
8377280
8409280
8441280
8473280
8505280
8537280
8569280
8601280
8633280
8665280
8697280
8729280
8761280
8793280
8825280
8857280
8889280
8921280
8953280
8985280
9017280
9049280
9081280
9113280
9145280
9177280
9209280
9241280
9273280
9305280
9337280
9369280
9401280
9433280
9465280
9497280
9529280
9561280
9593280
9625280
9657280
9689280
9721280
9753280
9785280
9817280
9849280
9881280
9913280
9945280
9977280
10009280
10041280
10073280
10105280
10137280
10169280
10201280
10233280
10265280
10297280
10329280
10361280
10393280
10425280
10457280
10489280
10521280
10553280
10585280
10617280
10649280
10681280
10713280
10745280
10777280
10809280
10841280
10873280
10905280
10937280
10969280
11001280
11033280
11065280
11097280
11129280
11161280
11193280
11225280
11257280
11289280
11321280
11353280
11385280
11417280
11449280
11481280
11513280
11545280
11577280
11609280
11641280
11673280
11705280
11737280
11769280
11801280
11833280
11865280
11897280
11929280
11961280
11993280
12025280
