832
2752
4160
6464
7616
9984
11520
13824
14400
15616
16448
18240
19072
20288
22528
23552
24576
25856
28608
29696
31616
32896
34304
35072
36352
37504
38912
39808
40832
42944
44224
45440
46656
48384
49152
50240
51648
52800
54272
54912
55552
56640
57856
59328
63168
63936
65280
66048
68928
70080
72064
73856
74944
76160
78592
79232
80256
81600
83200
84544
85440
86208
88704
90560
91968
92800
94208
94848
95808
97536
98432
99520
100736
101952
102784
103616
104384
105728
108288
109760
110656
111488
112640
113984
115584
117760
119552
121600
122304
123072
124224
125760
126976
128000
129472
130368
