768
2816
4224
5120
6080
6848
7488
8704
10752
12096
16064
16768
17984
18880
19904
20928
22080
24256
25280
26880
28672
30016
32256
33088
34240
35904
37056
38848
40128
41024
41920
42752
43968
45056
45824
46528
47552
48256
49280
50432
51648
52672
53632
56640
57856
60544
64064
64960
65728
67840
69312
70016
70848
73152
74880
76032
76608
77760
79040
80256
81152
82048
82624
84352
84992
86784
88896
90880
93760
95232
96960
99136
101376
103488
105280
105984
106688
109376
110272
111744
112576
113536
116288
117504
118464
119616
120448
121344
126464
128384
129280
130560
132160
133056
135872
136576
137728
139328
141056
142016
146368
147008
148800
150144
151680
152448
154816
156416
157888
159616
160512
161280
166144
167424
169792
171584
172480
174720
176384
178048
179072
183808
185344
187392
188160
189440
192000
193152
195008
198080
200448
203136
206336
211648
212480
213824
214720
215616
216448
217472
218560
219584
224064
225472
225984
227264
229120
229696
231232
232448
233344
234048
235328
237888
238912
240064
241792
242944
246144
247872
248768
252544
254272
255104
256704
257472
259776
262336
263360
264576
265792
266816
267776
270976
271936
272704
273984
275840
277120
281024
281984
283776
284992
287680
289088
295104
296192
298816
302784
304576
307136
310208
311168
314304
317568
318464
321600
324288
326400
328128
329344
330560
335168
339328
342208
343616
347072
349312
350592
352000
354496
355648
357824
370816
373952
383424
384064
384896
386368
389632
392320
394496
395200
396096
399104
406016
413440
417408
424192
430912
432320
433344
440384
441472
444544
445952
447680
453120
456448
461568
464000
466304
468224
469248
474304
483328
489536
499968
506240
510528
517184
518208
521792
524800
528768
531136
533696
540608
546304
555776
560192
562432
565632
571264
580736
585216
586560
594240
596928
605056
606912
608960
610880
612544
620608
625152
626624
636992
639872
643648
649728
651456
661440
664640
673216
682624
690944
697984
705344
715776
717504
721088
730304
731776
733376
745984
748544
756160
767360
777472
787712
800512
804992
814592
826176
836608
852096
860992
871744
877248
894144
898816
914560
932032
945728
957056
975616
993024
1004096
1015360
1037888
1047424
1071936
1080704
1089920
1106048
1122688
1136960
1155840
1177088
1196032
1208256
1221248
1233216
1248064
1273152
1290816
1313792
1345792
1367872
1399872
1419008
1451008
1461824
1477312
1494400
1512640
1528704
1560704
1592704
1605120
1630336
1656960
1685696
1704576
1736576
1768576
1800576
1832576
1853760
1885760
1900160
1932160
1960320
1992320
2024320
2056320
2088320
2120320
2152320
2184320
2216320
2248320
2280320
2312320
2344320
2372416
2404416
2425600
2457600
2489600
2521600
2553600
2585600
2617600
2639040
2671040
2703040
2735040
2767040
2799040
2831040
2863040
2895040
2927040
2959040
2991040
3011840
3043840
3075840
3107840
3139840
3171840
3203840
3235840
3267840
3299840
3331840
3363840
3395840
3427840
3459840
3491840
3523840
3555840
3587840
3619840
3651840
3683840
3715840
3747840
3779840
3811840
3843840
3875840
3907840
3939840
3971840
4003840
4035840
4067840
4099840
4131840
4163840
4195840
4227840
4259840
4291840
4323840
4355840
4387840
4419840
4451840
4483840
4515840
4547840
4579840
4611840
4643840
4675840
4707840
4739840
4771840
4803840
4835840
4867840
4899840
4931840
4963840
4995840
5027840
5059840
5091840
5123840
5155840
5187840
5219840
5251840
5283840
5315840
5347840
5379840
5411840
5443840
5475840
5507840
5539840
5571840
5603840
5635840
5667840
5699840
5731840
5763840
5795840
5827840
5859840
5891840
5923840
5955840
5987840
6019840
6051840
6083840
6115840
6147840
6179840
6211840
6243840
6275840
6307840
6339840
6371840
6403840
6435840
6467840
6499840
6531840
6563840
6595840
6627840
6659840
6691840
6723840
6755840
6787840
6819840
6851840
6883840
6915840
6947840
6979840
7011840
7043840
7075840
7107840
7139840
7171840
7203840
7235840
7267840
7299840
7331840
7363840
7395840
7427840
7459840
7491840
7523840
7555840
7587840
7619840
7651840
7683840
7715840
7747840
7779840
7811840
7843840
7875840
7907840
7939840
7971840
8003840
8035840
8067840
8099840
8131840
8163840
8195840
8227840
8259840
8291840
8323840
8355840
8387840
8419840
8451840
8483840
8515840
8547840
8579840
8611840
8643840
8675840
8707840
8739840
8771840
8803840
8835840
8867840
8899840
8931840
8963840
8995840
9027840
9059840
9091840
9123840
9155840
9187840
9219840
9251840
9283840
9315840
9347840
9379840
9411840
9443840
9475840
9507840
9539840
9571840
9603840
9635840
9667840
9699840
9731840
9763840
9795840
9827840
9859840
9891840
9923840
9955840
9987840
10019840
10051840
10083840
10115840
10147840
10179840
10211840
10243840
10275840
10307840
10339840
10371840
10403840
10435840
10467840
10499840
10531840
10563840
10595840
10627840
10659840
10691840
10723840
10755840
10787840
10819840
10851840
10883840
10915840
10947840
10979840
11011840
11043840
11075840
11107840
11139840
11171840
11203840
11235840
11267840
11299840
11331840
11363840
11395840
11427840
11459840
11491840
11523840
11555840
11587840
11619840
11651840
11683840
11715840
11747840
11779840
11811840
11843840
11875840
11907840
11939840
11971840
12003840
