nan
-936.1625
-741.984375
-752.4479166666666
-867.478125
-911.555
-875.3885416666666
-1089.6785714285713
-1190.5984374999998
-1127.7819444444442
-1076.5962499999998
-1139.6329545454544
-1121.8052083333332
-1121.7687499999997
-1088.3874999999998
-1051.2766666666664
-1030.89453125
-1210.545955882353
-1168.4204861111111
-1172.7213815789473
-1138.5318750000001
-1111.2636904761905
-1079.5380681818183
-1066.2725543478261
-1062.9411458333334
-1051.08125
-1035.3115384615385
-1014.8974537037036
-988.633482142857
-994.4077586206896
-971.7516666666666
-959.2463709677419
-937.311328125
-914.4772727272727
-896.6711397058823
-881.6271428571428
-871.0855902777777
-858.1305743243242
-845.9687499999999
-837.0653846153845
-828.89296875
-821.0111280487805
-815.8834821428572
-802.5537790697676
-796.6377840909092
-788.2969444444446
-782.0716032608698
-773.6695478723408
-766.8412760416667
-757.2580357142856
-748.0179999999999
-739.8384803921568
-732.0056490384615
-729.8613207547169
-734.8657407407406
-732.1277272727272
-726.6272321428571
-720.1540570175439
-714.1281250000001
-709.2083686440678
-701.7951041666668
-695.6424180327868
-689.4693548387097
-682.346130952381
-675.736328125
-671.779326923077
-668.9030303030303
-663.6998134328358
-660.324080882353
-656.0797101449275
-653.0364285714286
-648.6401408450705
-643.7393229166667
-638.8116438356165
-634.2352195945946
-629.341
-624.6257401315788
-620.4421266233766
-616.4408653846153
-611.0123417721519
-606.66375
-603.5878086419754
-599.777743902439
-596.4396837349398
-592.6116071428571
-591.8997794117647
-590.0560319767442
-587.0417385057472
-583.6865056818183
-580.4318117977529
-577.0336111111112
-576.5807005494506
-573.5740489130436
-570.5987903225807
-568.2114361702129
-567.1875000000001
-563.6216145833333
-559.9265463917526
-556.5973214285714
-552.9833964646465
-551.2885625
-547.5942450495049
-543.5897058823529
-540.4587378640776
-537.3724158653846
-533.6753571428571
-530.3170400943396
-527.1286799065421
-523.8680555555555
-524.8392201834862
-524.9930681818181
-531.8872747747747
-529.66015625
-531.0512168141593
-527.6848684210526
-524.5492934782609
-521.0726831896551
-518.4897435897435
-515.0071504237287
-511.779044117647
-507.95104166666664
-504.48254132231403
-501.3612192622951
-498.750762195122
-495.46491935483874
-492.15015
-488.84836309523814
-486.0198818897638
-482.48583984375006
-479.5449612403101
-476.7016826923077
-473.7379770992367
-470.9161458333333
-467.94600563909773
-465.005223880597
-462.25189814814814
-459.80891544117645
-457.54265510948903
-456.6177536231884
-455.6102967625899
-454.0749553571428
-452.73860815602836
-452.09916373239435
-451.0286713286713
-449.3674913194444
-451.162198275862
-451.7834760273972
-450.05229591836735
-447.89907094594594
-447.18959731543623
-447.213125
-446.04855132450325
-445.56159539473686
-444.66319444444446
-444.1637581168831
-443.9877016129032
-443.93485576923075
-441.6763535031847
-439.6560917721519
-437.3403301886793
-435.21179687500006
-433.0216226708075
-430.7717978395062
-429.76115797546015
-427.94294969512197
-426.4354924242425
-424.2087349397591
-422.35179640718565
-420.1390252976191
-418.71653106508876
-418.05246323529417
-417.38084795321635
-416.3321584302326
-415.13049132947975
-413.96914511494253
-412.97285714285715
-412.8005681818182
-411.6169491525424
-410.45653089887645
-408.988372905028
-409.1875
-407.70075966850834
-406.8324175824176
-405.7667691256831
-404.3453804347826
-402.3774324324325
-400.7088037634409
-399.74298128342247
-398.98720079787233
-398.0165674603175
-396.3687171052632
-394.8699280104712
-393.3914713541667
-392.1079015544041
-391.4274162371134
-390.2488141025641
-389.56626275510206
-395.20057106598983
-394.61123737373737
-393.51809045226133
