-622.0125
-1821.25625
-391.1625
-871.66875
-706.025
-1002.90625
-810.6125
-558.1375
-1081.675
-753.625
-635.5375
-449.7125
-697.75
-987.2375
-434.8125
-949.83125
-795.56875
-719.89375
-247.375
-637.725
-1160.46875
-985.44375
-248.5125
-766.53125
-932.60625
-463.6625
-1154.3375
-1009.425
-533.1625
-1134.91875
-952.75
-502.3625
-675.525
-388.26875
-1010.59375
-843.8375
-1023.15
-524.40625
-653.2125
-1056.425
-753.83125
-493.09375
-2255.78125
-736.3125
-2666.38125
-743.8875
-2911.39375
-340.15
-632.69375
-453.24375
-478.14375
-704.04375
-282.6
-376.45625
-771.36875
-795.63125
-357.80625
-293.60625
-341.5875
-198.83125
-356.525
-331.49375
-412.5
-185.26875
-95.01875
-223.3
-363.3375
-266.90625
-247.09375
-338.3875
-130.525
-196.45
-92.6375
-200.725
-209.44375
-89.825
-110.8625
-172.98125
-194.7375
-243.14375
-141.09375
-77.1625
-134.23125
-145.70625
-189.73125
-160.70625
-135.56875
-78.7375
-227.00625
-129.90625
-231.625
-169.4625
-36.475
-135.7125
-84.64375
-145.38125
-147.38125
-127.0
-80.8875
-174.03125
-52.36875
-130.8625
-111.725
-161.175
-219.81875
-154.70625
-94.4
-136.425
-191.21875
-136.05
-65.8875
-134.38125
-61.45625
-128.575
-66.84375
-101.54375
-127.53125
-135.05
-99.5375
-77.40625
-98.5875
-216.0625
-116.34375
-132.4875
-82.21875
-160.31875
-84.1625
-157.46875
-149.94375
-103.49375
-98.25625
-53.65
-128.35
-80.7
-91.69375
-149.04375
-95.1625
-154.8875
-167.50625
-186.125
-134.7625
-174.975
-157.9875
-150.6125
-227.53125
-102.73125
-90.06875
-108.20625
-117.81875
-137.05
-296.925
-215.2
-170.16875
-113.8625
-227.66875
-105.625
-157.4125
-175.8375
-187.6875
-171.7875
-191.25625
-226.1625
-133.70625
-106.725
-209.29375
-130.43125
-151.9875
-240.28125
-161.50625
-77.01875
-139.28125
-176.78125
-89.63125
-117.525
-80.2125
-126.525
-50.6125
-69.03125
-141.56875
-168.43125
-229.61875
-196.0375
-146.9125
-121.39375
-181.30625
-195.125
-147.15
-372.0625
-212.75625
-225.025
-158.66875
-134.15
-129.71875
-232.31875
-260.68125
-183.15625
-87.23125
-91.84375
-131.4375
-55.1875
