-736.725
-1017.225
-1157.20625
-1750.0
-589.3625
-982.38125
-714.06875
-1409.96875
-824.64375
-591.125
-451.325
-978.14375
-964.53125
-1022.4625
-542.00625
-672.95
-484.6
-575.325
-728.2125
-543.625
-809.9375
-565.99375
-335.7625
-295.49375
-167.6
-348.51875
-416.0125
-329.05
-406.4
-533.20625
-220.33125
-353.04375
-261.75625
-373.46875
-336.48125
-174.64375
-392.075
-192.2125
-76.21875
-285.16875
-165.50625
-163.08125
-132.61875
-230.1
-115.39375
-168.225
-218.96875
-219.58125
-185.7875
-203.5
-113.0125
-197.7
-130.825
-552.125
-293.51875
-426.45625
-438.275
-267.0375
-554.9375
-469.83125
-453.975
-315.925
-172.60625
-257.99375
-382.19375
-182.40625
-154.75
-252.1375
-236.33125
-271.89375
-256.04375
-239.90625
-218.01875
-243.09375
-467.8625
-241.425
-246.0
-323.4
-273.74375
-244.85625
-300.99375
-290.45
-560.75625
-359.5125
-348.375
-415.825
-404.20625
-275.69375
-348.51875
-274.74375
-525.825
-228.33125
-352.70625
-588.225
-584.31875
-146.08125
-573.6125
-298.35
-212.06875
-356.85
-245.6625
-241.9
-200.91875
-187.5875
-257.275
-153.75
-98.3
-80.06875
-97.63125
-125.3375
-152.99375
-97.96875
-86.1125
-140.6125
-88.6375
-174.8375
-185.54375
-144.9
-135.1875
-238.14375
-231.90625
-152.46875
-200.44375
-289.26875
-231.8625
-132.28125
-99.775
-147.9
-152.5125
-487.1875
-220.0125
-194.54375
-163.50625
-235.15
-173.7875
-163.75
-103.91875
-72.5
-61.74375
-232.8125
-67.74375
-156.8
-63.55625
-215.5875
-58.50625
-154.03125
-125.09375
-195.5375
-154.65625
-262.0375
-467.2375
-317.35
-348.80625
-382.08125
-374.5625
-251.14375
-344.8125
-147.4625
-170.26875
-279.93125
-224.1
-146.0375
-110.575
-188.6375
-171.7375
-331.05
-198.44375
-188.5
-227.15
-831.35625
-748.96875
-1096.39375
-1417.1125
-255.98125
-274.85625
-117.34375
-254.2
-104.025
-286.44375
-86.4
-37.0875
-175.13125
-193.6875
-64.55625
-150.2375
-127.675
-171.85
-94.40625
-79.325
-128.575
-88.30625
-159.04375
-86.7875
-167.48125
-174.18125
-28.28125
-147.68125
-121.875
-33.6625
-162.85
