11.160362475
14.080865644
14.733190768
16.095546009
17.238491488
19.310331975
21.225755043
22.127896177
24.122215992
25.586092774
26.948686685
27.993593182
29.591712931
31.514122665
32.592695205
34.772928929
36.859459193
39.184614394
40.015150387
41.510039406
45.270377809
48.302550701
48.996128392
51.190215239
54.309701278
55.884129314
60.707284109
63.771164337
66.007231326
71.100164614
74.983221128
77.016029682
79.577929775
81.451745417
86.592014274
90.05022368
94.800011396
97.516832037
100.995362048
106.465254073
110.270101712
113.894912121
125.323497794
129.090104537
144.191090346
148.800195396
168.226540683
170.756504198
174.853946572
177.817537228
181.467370959
186.009996396
188.064309183
189.820750309
196.721918552
202.637230513
205.163944764
208.4275538
212.172975356
214.374404966
217.381488607
220.788079744
224.433337076
226.983506423
228.709449297
231.417255882
235.139092596
238.811443044
241.2040216
244.033102562
245.75932853
247.937103423
249.610018685
250.942613507
253.192469372
254.443379643
255.687456935
257.515408099
259.910223373
262.445243031
264.557839692
265.573567749
266.685429958
268.322640459
269.76184062
272.152039942
273.867691737
275.435270181
277.749524481
279.624483052
282.13145317
284.506118625
286.3959382
288.283811416
290.394827768
293.04850239
295.898604538
297.498486845
300.033420101
302.376615063
303.915019172
306.372962657
308.428673756
310.215994238
312.561832292
314.820851336
316.897242061
318.632511661
321.677838083
324.610180226
326.416285589
328.581023866
329.791250966
332.082132492
334.432665893
337.096685015
339.750995115
342.311572609
344.107787944
345.990888553
348.100606419
351.119693819
353.546957074
357.063169817
359.748902097
361.665484537
363.268620985
365.962850786
368.04143639
370.666338728
373.069772002
374.326297665
378.428096666
381.738863568
385.041685863
387.735539847
390.121142091
391.465869113
393.549817483
396.852284524
399.321273259
400.900349272
403.09134983
405.609368191
408.623206275
411.227295551
413.555624311
416.490750778
419.081307077
421.965444235
424.732911373
427.235585171
428.991425884
430.70250234
433.040915532
434.321285829
435.985516242
438.508059398
440.831564642
442.783532856
444.918763617
449.735785502
450.97166477
453.031240251
455.010330861
457.5930362
459.524331623
461.849020797
463.682614209
464.905805032
467.123698417
468.494326331
469.577261525
471.027747202
472.864919717
475.549418361
478.176717217
480.699172457
483.33958423
488.672977987
498.021311082
503.673036416
508.367693943
511.927727913
521.254676903
525.688419367
530.395314833
546.091798827
553.762096829
559.849395938
564.873130171
568.841432604
572.12323649
588.081537441
595.437210594
604.218631315
610.054848041
615.226084435
619.297726719
623.236119249
