13.0
13.5
31.333333333333332
27.75
28.4
26.666666666666668
24.714285714285715
23.625
23.555555555555557
23.6
23.818181818181817
23.166666666666668
24.307692307692307
23.428571428571427
23.2
24.625
23.88235294117647
25.055555555555557
24.473684210526315
24.45
24.285714285714285
24.136363636363637
24.91304347826087
25.291666666666668
25.08
25.23076923076923
25.185185185185187
25.464285714285715
24.96551724137931
24.833333333333332
24.387096774193548
24.0
23.90909090909091
23.764705882352942
23.771428571428572
23.444444444444443
24.81081081081081
24.44736842105263
24.256410256410255
24.475
24.48780487804878
24.30952380952381
24.186046511627907
23.886363636363637
24.066666666666666
23.891304347826086
23.70212765957447
23.5
23.408163265306122
23.16
23.58823529411765
24.653846153846153
24.433962264150942
24.40740740740741
24.236363636363638
24.339285714285715
24.263157894736842
24.155172413793103
24.203389830508474
24.1
24.016393442622952
23.838709677419356
23.952380952380953
23.890625
23.784615384615385
23.636363636363637
23.47761194029851
23.308823529411764
23.304347826086957
23.17142857142857
23.281690140845072
23.194444444444443
23.383561643835616
23.2972972972973
23.2
23.039473684210527
23.103896103896105
23.03846153846154
23.17721518987342
23.0375
23.012345679012345
22.926829268292682
22.903614457831324
22.833333333333332
23.03529411764706
23.058139534883722
23.103448275862068
22.96590909090909
22.876404494382022
22.77777777777778
22.747252747252748
22.77173913043478
23.010752688172044
23.01063829787234
22.873684210526317
22.791666666666668
22.77319587628866
22.846938775510203
23.141414141414142
23.13
23.138613861386137
23.215686274509803
23.25242718446602
23.384615384615383
23.6
23.660377358490567
23.785046728971963
23.935185185185187
23.91743119266055
23.863636363636363
23.756756756756758
23.651785714285715
23.61061946902655
23.57017543859649
23.52173913043478
23.663793103448278
23.632478632478634
23.593220338983052
23.596638655462186
23.625
23.60330578512397
23.885245901639344
23.943089430894307
23.967741935483872
23.952
23.96031746031746
24.086614173228348
24.0234375
24.05426356589147
24.23076923076923
24.17557251908397
24.21212121212121
24.157894736842106
24.276119402985074
24.17037037037037
24.13235294117647
24.18978102189781
24.405797101449274
24.575539568345324
24.807142857142857
24.72340425531915
24.901408450704224
24.916083916083917
24.979166666666668
25.075862068965517
24.972602739726028
24.92517006802721
24.89189189189189
24.798657718120804
24.80666666666667
24.94701986754967
24.99342105263158
25.00653594771242
24.967532467532468
25.251612903225805
25.192307692307693
25.133757961783438
25.158227848101266
25.157232704402517
25.225
25.217391304347824
25.228395061728396
25.15950920245399
25.109756097560975
25.418181818181818
25.63855421686747
25.62874251497006
25.613095238095237
25.609467455621303
25.576470588235296
25.666666666666668
25.622093023255815
25.583815028901736
25.637931034482758
25.577142857142857
25.625
25.779661016949152
25.696629213483146
25.720670391061454
25.733333333333334
25.712707182320443
25.71978021978022
25.661202185792348
25.625
25.7027027027027
25.682795698924732
25.684491978609625
25.675531914893618
25.841269841269842
25.81578947368421
25.75392670157068
25.729166666666668
25.72020725388601
25.63917525773196
25.574358974358976
25.510204081632654
25.85279187817259
25.7979797979798
25.834170854271356
25.79
25.776119402985074
25.866336633663366
26.054187192118228
26.181372549019606
26.351219512195122
26.519417475728154
26.463768115942027
26.48076923076923
26.741626794258373
26.70952380952381
26.739336492890995
26.82075471698113
26.7981220657277
26.752336448598133
26.8
26.77314814814815
26.81566820276498
26.81192660550459
26.963470319634702
27.213636363636365
27.312217194570135
27.306306306306308
27.542600896860986
27.683035714285715
27.644444444444446
27.63716814159292
28.123348017621144
28.30263157894737
28.489082969432314
28.44782608695652
28.41125541125541
28.551724137931036
28.55793991416309
28.49145299145299
28.5531914893617
28.766949152542374
28.734177215189874
28.756302521008404
28.715481171548117
28.754166666666666
29.029045643153527
29.28099173553719
29.432098765432098
29.516393442622952
29.6
29.715447154471544
29.732793522267208
29.858870967741936
30.14457831325301
30.2
30.15139442231076
30.083333333333332
30.379446640316207
30.53543307086614
30.79607843137255
30.98046875
30.96887159533074
30.941860465116278
31.131274131274132
31.23076923076923
31.268199233716476
31.515267175572518
31.901140684410645
32.51893939393939
32.758490566037736
32.77067669172932
33.10486891385768
33.84701492537314
33.89219330855018
33.818518518518516
34.03690036900369
34.095588235294116
34.417582417582416
34.70802919708029
34.68363636363637
35.05072463768116
35.64259927797834
35.67625899280576
35.60215053763441
36.04642857142857
36.412811387900355
36.40425531914894
37.20494699646643
37.609154929577464
37.835087719298244
38.36013986013986
38.724738675958186
39.31597222222222
39.22491349480969
39.43103448275862
39.896907216494846
40.12328767123287
40.25938566552901
40.374149659863946
40.70169491525424
41.023648648648646
41.343434343434346
41.691275167785236
42.8494983277592
43.31
44.21926910299003
44.94701986754967
45.8943894389439
46.713815789473685
47.11147540983607
47.87908496732026
48.840390879478825
49.75974025974026
49.77993527508091
50.13225806451613
50.51768488745981
50.92948717948718
51.38019169329073
51.78662420382165
52.24761904761905
52.813291139240505
53.96845425867508
54.242138364779876
55.21630094043887
56.38125
56.85358255451713
56.962732919254655
58.3343653250774
59.348765432098766
60.70461538461539
62.01840490797546
62.60244648318043
63.78963414634146
64.11246200607903
65.43333333333334
66.22658610271904
67.53313253012048
68.83183183183183
70.12275449101796
70.60597014925374
71.88392857142857
72.43026706231454
73.69526627218934
74.7551622418879
76.00588235294117
77.24926686217009
77.85087719298245
79.08163265306122
80.30523255813954
81.11884057971014
82.32947976878613
83.53314121037464
84.72988505747126
85.91977077363897
86.96285714285715
88.13960113960114
89.3096590909091
90.47308781869688
91.62994350282486
92.78028169014084
93.92415730337079
95.06162464985995
96.1927374301676
97.3175487465181
98.43611111111112
99.54847645429363
100.53867403314918
101.63911845730027
102.73351648351648
103.82191780821918
104.90437158469945
105.98092643051771
107.05163043478261
108.11653116531166
109.17567567567568
110.22911051212938
111.27688172043011
112.31903485254692
113.35561497326204
114.38666666666667
115.4122340425532
116.43236074270557
117.44708994708995
118.45646437994723
119.46052631578948
120.45931758530183
121.45287958115183
122.44125326370757
123.42447916666667
124.40259740259741
125.37564766839378
126.34366925064599
127.30670103092784
128.26478149100257
129.21794871794873
130.16624040920715
131.10969387755102
132.04834605597964
132.98223350253807
133.91139240506328
134.83585858585857
135.75566750629724
136.67085427135677
137.58145363408522
138.4875
139.38902743142145
140.2860696517413
141.17866004962778
142.06683168316832
142.9506172839506
143.83004926108376
144.7051597051597
145.57598039215685
146.44254278728607
147.3048780487805
148.16301703163018
149.01699029126215
149.86682808716708
150.71256038647343
151.55421686746988
152.39182692307693
153.22541966426857
154.05502392344496
154.88066825775655
155.70238095238096
156.52019002375297
157.33412322274881
158.14420803782505
158.9504716981132
159.75294117647059
160.55164319248826
161.34660421545667
162.13785046728972
162.92540792540794
163.7093023255814
164.48955916473318
165.2662037037037
166.0392609699769
166.80875576036865
167.57471264367817
168.33715596330276
169.09610983981693
169.85159817351598
170.60364464692483
171.35227272727272
172.09750566893425
172.8393665158371
173.57787810383746
174.31306306306305
175.04494382022472
175.77354260089686
176.49888143176733
177.22098214285714
177.93986636971047
178.65555555555557
179.3680709534368
180.07743362831857
180.78366445916114
181.48678414096915
182.1868131868132
182.88377192982455
183.5776805251641
184.26855895196508
184.95642701525054
185.6413043478261
186.32321041214752
187.0021645021645
187.67818574514038
188.35129310344828
189.0215053763441
189.68884120171674
190.35331905781584
191.01495726495727
191.67377398720683
192.32978723404256
192.98301486199574
193.6334745762712
194.28118393234672
194.92616033755274
195.56842105263158
196.2079831932773
196.84486373165618
197.47907949790795
198.1106471816284
198.73958333333334
199.36590436590436
199.9896265560166
200.61076604554864
201.2293388429752
201.84536082474227
202.4588477366255
203.06981519507187
203.67827868852459
204.28425357873212
204.8877551020408
205.4887983706721
206.08739837398375
206.68356997971603
207.27732793522267
207.86868686868686
208.4576612903226
209.04426559356136
209.6285140562249
210.21042084168337
210.79
211.36726546906186
211.9422310756972
212.51491053677933
213.08531746031747
213.65346534653466
214.2193675889328
214.78303747534517
215.34448818897638
215.90373280943027
216.4607843137255
217.0156555772994
217.568359375
218.11890838206628
218.6673151750973
219.2135922330097
219.7577519379845
220.29980657640232
220.83976833976834
221.3776493256262
221.91346153846155
222.447216890595
222.97892720306513
223.50860420650096
224.03625954198472
224.56190476190477
225.08555133079847
225.60721062618595
226.12689393939394
226.6446124763705
227.16037735849056
227.67419962335217
228.1860902255639
228.69606003752347
229.20411985018725
229.71028037383178
230.21455223880596
230.7169459962756
231.2174721189591
231.71614100185528
232.21296296296296
232.7079482439926
233.20110701107012
233.69244935543279
234.18198529411765
234.6697247706422
235.15567765567766
235.6398537477148
236.12226277372264
236.60291438979962
237.0818181818182
237.5589836660617
238.03442028985506
238.50813743218808
238.98014440433212
239.45045045045046
239.91906474820144
240.38599640933572
240.85125448028674
241.3148479427549
241.77678571428572
242.23707664884137
242.69572953736656
243.15275310834812
243.6081560283688
244.06194690265488
244.51413427561837
244.9647266313933
245.4137323943662
245.86115992970122
246.30701754385964
246.75131348511383
247.19405594405595
247.6352530541012
248.07491289198606
248.51304347826087
248.94965277777777
249.3847487001733
249.818339100346
250.2504317789292
250.68103448275863
251.11015490533563
251.53780068728523
251.9639794168096
252.388698630137
252.81196581196582
253.23378839590444
253.6541737649063
254.0731292517007
254.490662139219
254.90677966101694
255.32148900169204
255.7347972972973
256.1467116357504
256.55723905723903
256.96638655462186
257.3741610738255
257.78056951423787
258.185618729097
258.5893155258765
258.9916666666667
259.3926788685524
259.7923588039867
260.19071310116084
260.5877483443709
260.9834710743802
261.3778877887789
261.77100494233935
262.16282894736844
262.55336617405584
262.94262295081967
263.3306055646481
263.7173202614379
264.10277324632955
264.4869706840391
264.869918699187
265.2516233766234
265.6320907617504
266.01132686084145
266.38933764135703
266.76612903225805
267.1417069243156
267.516077170418
267.8892455858748
268.26121794871796
268.632
269.00159744408944
269.3700159489633
269.7372611464968
270.1033386327504
270.468253968254
270.83201267828844
271.19462025316454
271.55608214849923
271.91640378548897
272.2755905511811
272.6336477987421
272.9905808477237
273.346394984326
273.70109546165884
274.0546875
274.40717628705147
274.75856697819313
275.10886469673403
275.4580745341615
275.8062015503876
276.1532507739938
276.499227202473
276.8441358024691
277.1879815100154
277.53076923076924
277.87250384024577
278.2131901840491
278.55283307810106
278.8914373088685
279.2290076335878
279.5655487804878
279.9010654490107
280.2355623100304
280.5690440060698
280.9015151515151
281.2329803328291
281.5634441087613
281.89291101055807
282.22138554216866
282.54887218045116
