16.0
32.0
26.333333333333332
24.5
22.0
22.166666666666668
25.857142857142858
27.5
25.77777777777778
24.7
23.818181818181817
22.833333333333332
22.0
21.785714285714285
22.266666666666666
21.9375
21.88235294117647
21.555555555555557
22.157894736842106
21.7
21.61904761904762
21.318181818181817
21.391304347826086
21.5
21.08
20.692307692307693
21.77777777777778
21.821428571428573
21.96551724137931
21.833333333333332
21.677419354838708
21.4375
21.484848484848484
22.0
21.771428571428572
21.666666666666668
21.81081081081081
21.92105263157895
22.05128205128205
21.925
23.121951219512194
23.928571428571427
23.72093023255814
23.454545454545453
23.377777777777776
23.282608695652176
23.404255319148938
23.333333333333332
23.306122448979593
23.06
22.862745098039216
22.884615384615383
22.754716981132077
22.61111111111111
22.381818181818183
22.214285714285715
22.19298245614035
22.051724137931036
22.16949152542373
21.983333333333334
22.262295081967213
22.532258064516128
22.444444444444443
22.421875
22.369230769230768
22.257575757575758
22.388059701492537
22.323529411764707
22.434782608695652
22.3
22.380281690140844
22.319444444444443
22.34246575342466
22.216216216216218
22.08
21.973684210526315
22.0
21.96153846153846
21.974683544303797
22.1375
22.25925925925926
22.23170731707317
22.096385542168676
21.976190476190474
21.976470588235294
21.872093023255815
21.839080459770116
21.71590909090909
21.685393258426966
21.622222222222224
21.593406593406595
21.847826086956523
21.78494623655914
21.76595744680851
21.642105263157895
21.677083333333332
21.608247422680414
21.5
21.555555555555557
21.58
21.594059405940595
21.647058823529413
21.92233009708738
21.98076923076923
22.314285714285713
22.50943396226415
22.672897196261683
22.72222222222222
22.69724770642202
22.736363636363638
22.846846846846848
23.026785714285715
23.150442477876105
23.68421052631579
23.6
23.612068965517242
23.64957264957265
23.60169491525424
23.51260504201681
23.683333333333334
23.793388429752067
23.89344262295082
23.878048780487806
23.846774193548388
23.856
23.825396825396826
23.937007874015748
24.015625
23.968992248062015
23.869230769230768
23.885496183206108
23.87121212121212
23.902255639097746
23.85820895522388
23.785185185185185
23.889705882352942
23.978102189781023
24.07246376811594
23.97841726618705
23.885714285714286
23.97163120567376
23.901408450704224
24.174825174825173
24.25
24.46896551724138
24.664383561643834
24.768707482993197
24.68918918918919
24.610738255033556
24.866666666666667
24.887417218543046
24.86842105263158
24.84313725490196
24.974025974025974
24.89677419354839
24.846153846153847
24.821656050955415
24.955696202531644
24.87421383647799
24.83125
24.763975155279503
24.84567901234568
24.993865030674847
25.097560975609756
25.64848484848485
25.897590361445783
25.862275449101798
25.779761904761905
25.840236686390533
25.78235294117647
25.81286549707602
25.761627906976745
25.791907514450866
25.862068965517242
25.902857142857144
25.835227272727273
25.84180790960452
26.191011235955056
26.385474860335197
26.377777777777776
26.386740331491712
27.0
26.97814207650273
26.875
26.9027027027027
26.806451612903224
26.951871657754012
26.96276595744681
26.93121693121693
26.931578947368422
27.026178010471206
27.0
26.95336787564767
26.891752577319586
26.856410256410257
26.821428571428573
26.913705583756347
26.949494949494948
26.949748743718594
26.93
26.960199004975124
27.03960396039604
27.03448275862069
27.058823529411764
27.01951219512195
27.04854368932039
27.067632850241544
27.091346153846153
27.066985645933013
27.2
27.18483412322275
27.391509433962263
27.389671361502348
27.50467289719626
27.855813953488372
27.935185185185187
27.976958525345623
27.977064220183486
27.922374429223744
27.881818181818183
27.855203619909503
27.85135135135135
28.286995515695068
28.616071428571427
28.897777777777776
28.871681415929203
28.801762114537446
28.79824561403509
28.80349344978166
28.891304347826086
28.939393939393938
28.926724137931036
29.29184549356223
29.854700854700855
29.846808510638297
30.076271186440678
30.19831223628692
30.126050420168067
30.225941422594143
30.204166666666666
30.153526970954356
30.119834710743802
30.135802469135804
30.581967213114755
30.526530612244898
30.646341463414632
30.724696356275302
30.68548387096774
30.650602409638555
31.164
31.358565737051794
31.30952380952381
31.774703557312254
32.05905511811024
32.03137254901961
32.125
32.2568093385214
32.468992248062015
32.44015444015444
32.37692307692308
32.46360153256705
32.61068702290076
33.0722433460076
33.253787878787875
33.55849056603773
33.77067669172932
33.8876404494382
34.17537313432836
34.24907063197026
34.629629629629626
34.608856088560884
34.63970588235294
34.89010989010989
35.24087591240876
35.45818181818182
35.40942028985507
36.01083032490975
36.4136690647482
36.541218637992834
36.56785714285714
36.92526690391459
37.205673758865245
37.49823321554771
37.890845070422536
38.99649122807018
39.04195804195804
39.52961672473867
39.90625
40.003460207612456
40.62413793103448
40.75945017182131
41.43150684931507
41.84300341296928
42.326530612244895
43.277966101694915
43.770270270270274
44.4006734006734
44.79194630872483
45.12040133779264
45.373333333333335
45.76079734219269
45.70860927152318
46.148514851485146
46.67434210526316
46.718032786885246
47.89869281045752
48.79804560260586
49.37662337662338
50.080906148867314
50.60967741935484
52.054662379421224
53.37179487179487
54.29392971246006
55.31528662420382
55.86666666666667
56.78164556962025
58.17981072555205
58.79874213836478
60.18181818181818
61.55625
62.794392523364486
64.15217391304348
64.59442724458205
65.93827160493827
67.21538461538462
68.54294478527608
69.86238532110092
71.17378048780488
72.35866261398176
73.65454545454546
74.94259818731118
76.22289156626506
77.49549549549549
78.76047904191617
79.76119402985074
81.01190476190476
81.8486646884273
83.08579881656804
84.31563421828909
85.53823529411764
86.75366568914956
87.96198830409357
88.74052478134111
89.93604651162791
91.12463768115941
92.30635838150289
93.48126801152738
94.64942528735632
95.810888252149
96.68285714285715
97.83190883190883
98.97443181818181
100.11048158640227
101.24011299435028
102.36338028169014
103.48033707865169
104.59103641456582
105.69553072625699
106.79387186629526
107.8861111111111
108.97229916897507
110.0524861878453
111.1267217630854
112.19505494505495
113.25753424657535
114.31420765027322
115.36512261580381
116.41032608695652
117.44986449864498
118.48378378378378
119.5121293800539
120.53494623655914
121.55227882037534
122.56417112299465
123.57066666666667
124.57180851063829
125.56763925729443
126.55820105820106
127.54353562005277
128.5236842105263
129.498687664042
130.46858638743456
131.43342036553526
132.39322916666666
133.34805194805196
134.2979274611399
135.24289405684755
136.18298969072166
137.11825192802056
138.04871794871795
138.97442455242967
139.8954081632653
140.8117048346056
141.7233502538071
142.63037974683544
143.5328282828283
144.43073047858942
145.32412060301507
146.21303258145363
147.0975
147.9775561097257
148.85323383084577
149.7245657568238
150.59158415841586
151.4543209876543
152.3128078817734
153.16707616707617
154.0171568627451
154.86308068459658
155.7048780487805
156.54257907542578
157.376213592233
158.20581113801452
159.03140096618358
159.85301204819277
160.67067307692307
161.48441247002398
162.29425837320574
163.10023866348448
163.90238095238095
164.70071258907365
165.4952606635071
166.28605200945626
167.07311320754718
167.85647058823528
168.6361502347418
169.4121779859485
170.18457943925233
170.95337995337997
171.7186046511628
172.48027842227378
173.23842592592592
173.9930715935335
174.7442396313364
175.4919540229885
176.2362385321101
176.9771167048055
177.71461187214612
178.4487471526196
179.17954545454546
179.90702947845804
180.63122171945702
181.35214446952597
182.06981981981983
182.78426966292136
183.49551569506727
184.20357941834453
184.90848214285714
185.61024498886414
186.3088888888889
187.00443458980044
187.69690265486724
188.38631346578367
189.0726872246696
189.75604395604395
190.43640350877192
191.11378555798686
191.7882096069869
192.45969498910677
193.12826086956522
193.7939262472885
194.45670995670994
195.11663066954642
195.77370689655172
196.42795698924732
197.07939914163092
197.72805139186295
198.3739316239316
199.01705756929638
199.65744680851063
200.29511677282377
200.9300847457627
201.56236786469344
202.19198312236287
202.81894736842105
203.44327731092437
204.0649895178197
204.68410041841005
205.30062630480168
205.91458333333333
206.52598752598752
207.13485477178423
207.74120082815736
208.34504132231405
208.9463917525773
209.54526748971193
210.1416837782341
210.73565573770492
211.32719836400818
211.91632653061225
212.5030549898167
213.08739837398375
213.66937119675455
214.248987854251
214.82626262626263
215.40120967741936
215.9738430583501
216.5441767068273
217.1122244488978
217.678
218.24151696606788
218.80278884462152
219.36182902584494
219.91865079365078
220.47326732673267
221.02569169960475
221.5759368836292
222.1240157480315
222.66994106090374
223.21372549019608
223.75538160469668
224.294921875
224.83235867446393
225.36770428015564
225.9009708737864
226.43217054263565
226.96131528046422
227.488416988417
228.0134874759152
228.53653846153847
229.05758157389636
229.57662835249042
230.09369024856596
230.6087786259542
231.12190476190477
231.63307984790873
232.14231499051235
232.64962121212122
233.15500945179585
233.65849056603773
234.16007532956687
234.65977443609023
235.15759849906192
235.65355805243445
236.14766355140188
236.63992537313433
237.13035381750467
237.6189591078067
238.10575139146567
238.59074074074073
239.0739371534196
239.55535055350555
240.03499079189686
240.5128676470588
240.98899082568806
241.46336996336996
241.93601462522852
242.40693430656935
242.87613843351548
243.34363636363636
243.80943738656987
244.2735507246377
244.73598553345388
245.19675090252707
245.65585585585586
246.11330935251797
246.56912028725313
247.02329749103941
247.4758497316637
247.92678571428573
248.37611408199643
248.8238434163701
249.26998223801067
249.71453900709218
250.1575221238938
250.59893992932862
251.03880070546737
251.47711267605635
251.91388400702988
252.34912280701755
252.78283712784588
253.21503496503496
253.6457242582897
254.07491289198606
254.50260869565219
254.92881944444446
255.35355285961873
255.77681660899654
256.1986183074266
256.6189655172414
257.0378657487091
257.4553264604811
257.8713550600343
258.2859589041096
258.6991452991453
259.11092150170646
259.5212947189097
259.93027210884355
260.3378607809847
260.7440677966102
261.14890016920475
261.55236486486484
261.95446880269816
262.3552188552189
262.7546218487395
263.1526845637584
263.54941373534336
263.9448160535117
264.338898163606
264.7316666666667
265.12312811980036
265.51328903654485
265.9021558872305
266.28973509933775
266.6760330578512
267.0610561056106
267.44481054365735
267.82730263157896
268.2085385878489
268.58852459016396
268.96726677577743
269.3447712418301
269.721044045677
270.09609120521174
270.469918699187
270.84253246753246
271.21393841166935
271.584142394822
271.95315024232633
272.3209677419355
272.68760064412237
273.0530546623794
273.41733547351527
273.78044871794873
274.1424
274.50319488817894
274.8628389154705
275.22133757961785
275.5786963434022
275.9349206349206
276.29001584786056
276.6439873417722
276.99684044233805
277.34858044164037
277.6992125984252
278.0487421383648
278.3971742543171
278.7445141065831
279.0907668231612
279.4359375
279.78003120124805
280.12305295950154
280.4650077760498
280.805900621118
281.1457364341085
281.484520123839
281.822256568779
282.15895061728395
282.49460708782743
282.8292307692308
283.16282642089095
283.4953987730061
283.8269525267994
284.15749235474004
284.48702290076335
284.8155487804878
285.14307458143077
285.4696048632219
