13.0
14.0
67.0
17.0
31.0
18.0
13.0
16.0
23.0
24.0
26.0
16.0
38.0
12.0
20.0
46.0
12.0
45.0
14.0
24.0
21.0
21.0
42.0
34.0
20.0
29.0
24.0
33.0
11.0
21.0
11.0
12.0
21.0
19.0
24.0
12.0
74.0
11.0
17.0
33.0
25.0
17.0
19.0
11.0
32.0
16.0
15.0
14.0
19.0
11.0
45.0
79.0
13.0
23.0
15.0
30.0
20.0
18.0
27.0
18.0
19.0
13.0
31.0
20.0
17.0
14.0
13.0
12.0
23.0
14.0
31.0
17.0
37.0
17.0
16.0
11.0
28.0
18.0
34.0
12.0
21.0
16.0
21.0
17.0
40.0
25.0
27.0
11.0
15.0
14.0
20.0
25.0
45.0
23.0
10.0
15.0
21.0
30.0
52.0
22.0
24.0
31.0
27.0
37.0
46.0
30.0
37.0
40.0
22.0
18.0
12.0
12.0
19.0
19.0
18.0
40.0
20.0
19.0
24.0
27.0
21.0
58.0
31.0
27.0
22.0
25.0
40.0
16.0
28.0
47.0
17.0
29.0
17.0
40.0
10.0
19.0
32.0
54.0
48.0
57.0
13.0
50.0
27.0
34.0
39.0
10.0
18.0
20.0
11.0
26.0
46.0
32.0
27.0
19.0
69.0
16.0
16.0
29.0
25.0
36.0
24.0
27.0
14.0
17.0
76.0
62.0
24.0
23.0
25.0
20.0
41.0
18.0
19.0
35.0
15.0
34.0
53.0
11.0
30.0
28.0
22.0
27.0
15.0
19.0
40.0
22.0
26.0
24.0
57.0
21.0
14.0
21.0
24.0
10.0
13.0
13.0
93.0
15.0
33.0
17.0
23.0
44.0
64.0
52.0
61.0
61.0
15.0
30.0
81.0
20.0
33.0
44.0
22.0
17.0
37.0
21.0
36.0
26.0
60.0
82.0
49.0
26.0
80.0
59.0
19.0
26.0
138.0
69.0
71.0
19.0
20.0
61.0
30.0
13.0
43.0
79.0
21.0
34.0
19.0
38.0
95.0
90.0
66.0
50.0
50.0
58.0
34.0
61.0
101.0
44.0
18.0
13.0
105.0
70.0
97.0
78.0
28.0
24.0
80.0
57.0
41.0
96.0
133.0
195.0
96.0
36.0
122.0
232.0
46.0
14.0
93.0
50.0
122.0
114.0
28.0
136.0
199.0
45.0
15.0
160.0
139.0
34.0
263.0
152.0
102.0
188.0
143.0
209.0
13.0
99.0
175.0
106.0
80.0
74.0
137.0
136.0
136.0
145.0
388.0
181.0
317.0
264.0
332.0
295.0
168.0
282.0
343.0
332.0
56.0
159.0
170.0
179.0
192.0
179.0
197.0
231.0
419.0
141.0
365.0
428.0
208.0
92.0
500.0
387.0
500.0
489.0
253.0
452.0
170.0
500.0
328.0
500.0
500.0
500.0
232.0
500.0
256.0
500.0
433.0
500.0
500.0
283.0
500.0
500.0
361.0
500.0
500.0
500.0
500.0
451.0
500.0
500.0
500.0
500.0
500.0
500.0
500.0
500.0
500.0
500.0
500.0
458.0
500.0
500.0
500.0
500.0
500.0
500.0
500.0
500.0
500.0
500.0
500.0
500.0
500.0
500.0
500.0
500.0
500.0
500.0
500.0
500.0
500.0
500.0
500.0
500.0
500.0
500.0
500.0
500.0
500.0
500.0
500.0
500.0
500.0
500.0
500.0
500.0
500.0
500.0
500.0
500.0
500.0
500.0
500.0
500.0
500.0
500.0
500.0
500.0
500.0
500.0
500.0
500.0
500.0
500.0
500.0
500.0
500.0
500.0
500.0
500.0
500.0
500.0
500.0
500.0
500.0
500.0
500.0
500.0
500.0
500.0
500.0
500.0
500.0
500.0
500.0
500.0
500.0
500.0
500.0
500.0
500.0
500.0
500.0
500.0
500.0
500.0
500.0
500.0
500.0
500.0
500.0
500.0
500.0
500.0
500.0
500.0
500.0
500.0
500.0
500.0
500.0
500.0
500.0
500.0
500.0
500.0
500.0
500.0
500.0
500.0
500.0
500.0
500.0
500.0
500.0
500.0
500.0
500.0
500.0
500.0
500.0
500.0
500.0
500.0
500.0
500.0
500.0
500.0
500.0
500.0
500.0
500.0
500.0
500.0
500.0
500.0
500.0
500.0
500.0
500.0
500.0
500.0
500.0
500.0
500.0
500.0
500.0
500.0
500.0
500.0
500.0
500.0
500.0
500.0
500.0
500.0
500.0
500.0
500.0
500.0
500.0
500.0
500.0
500.0
500.0
500.0
500.0
500.0
500.0
500.0
500.0
500.0
500.0
500.0
500.0
500.0
500.0
500.0
500.0
500.0
500.0
500.0
500.0
500.0
500.0
500.0
500.0
500.0
500.0
500.0
500.0
500.0
500.0
500.0
500.0
500.0
500.0
500.0
500.0
500.0
500.0
500.0
500.0
500.0
500.0
500.0
500.0
500.0
500.0
500.0
500.0
500.0
500.0
500.0
500.0
500.0
500.0
500.0
500.0
500.0
500.0
500.0
500.0
500.0
500.0
500.0
500.0
500.0
500.0
500.0
500.0
500.0
500.0
500.0
500.0
500.0
500.0
500.0
500.0
500.0
500.0
500.0
500.0
500.0
500.0
500.0
500.0
500.0
500.0
500.0
500.0
500.0
500.0
500.0
500.0
500.0
500.0
500.0
500.0
500.0
500.0
500.0
500.0
500.0
500.0
500.0
500.0
500.0
500.0
500.0
500.0
500.0
500.0
500.0
500.0
500.0
500.0
500.0
500.0
500.0
500.0
500.0
500.0
500.0
500.0
500.0
500.0
500.0
500.0
500.0
500.0
500.0
500.0
500.0
500.0
500.0
500.0
500.0
500.0
500.0
500.0
500.0
500.0
