10.0
11.0
19.0
28.0
9.0
16.0
16.0
18.0
57.0
35.0
17.0
12.0
11.0
39.0
18.0
14.0
10.0
12.0
27.0
13.0
15.0
22.0
32.0
21.0
13.0
19.0
19.0
14.0
31.0
11.0
17.0
41.0
16.0
51.0
11.0
39.0
38.0
33.0
28.0
19.0
36.0
42.0
15.0
17.0
15.0
29.0
10.0
14.0
11.0
15.0
12.0
13.0
10.0
18.0
19.0
19.0
16.0
19.0
18.0
27.0
49.0
17.0
31.0
29.0
20.0
20.0
27.0
39.0
11.0
33.0
34.0
18.0
12.0
13.0
27.0
28.0
21.0
26.0
25.0
19.0
27.0
14.0
28.0
35.0
17.0
16.0
16.0
12.0
15.0
19.0
12.0
22.0
20.0
11.0
9.0
19.0
14.0
16.0
24.0
21.0
13.0
35.0
10.0
22.0
65.0
17.0
22.0
39.0
18.0
25.0
32.0
39.0
22.0
22.0
47.0
11.0
13.0
19.0
22.0
10.0
12.0
23.0
14.0
41.0
17.0
25.0
25.0
22.0
57.0
19.0
25.0
35.0
38.0
60.0
23.0
19.0
25.0
14.0
14.0
31.0
19.0
38.0
21.0
13.0
22.0
60.0
32.0
31.0
36.0
41.0
15.0
33.0
23.0
11.0
15.0
28.0
17.0
16.0
24.0
16.0
13.0
13.0
27.0
37.0
15.0
33.0
10.0
29.0
11.0
28.0
9.0
38.0
24.0
55.0
23.0
16.0
23.0
13.0
51.0
63.0
13.0
15.0
39.0
21.0
18.0
21.0
43.0
38.0
17.0
54.0
55.0
43.0
30.0
84.0
34.0
46.0
92.0
41.0
13.0
34.0
50.0
18.0
28.0
102.0
95.0
32.0
67.0
32.0
32.0
31.0
23.0
69.0
19.0
71.0
75.0
66.0
37.0
87.0
28.0
20.0
27.0
25.0
32.0
32.0
72.0
195.0
15.0
100.0
27.0
56.0
26.0
68.0
31.0
59.0
33.0
24.0
42.0
41.0
35.0
76.0
65.0
71.0
35.0
13.0
12.0
100.0
29.0
20.0
24.0
84.0
20.0
68.0
85.0
73.0
96.0
12.0
134.0
90.0
27.0
94.0
86.0
58.0
46.0
100.0
105.0
108.0
115.0
86.0
90.0
142.0
99.0
73.0
123.0
89.0
163.0
62.0
69.0
180.0
25.0
28.0
66.0
26.0
134.0
103.0
146.0
220.0
110.0
154.0
97.0
99.0
22.0
149.0
113.0
87.0
261.0
156.0
163.0
165.0
66.0
124.0
205.0
140.0
285.0
278.0
146.0
205.0
132.0
123.0
302.0
270.0
444.0
256.0
500.0
265.0
282.0
367.0
262.0
232.0
500.0
345.0
500.0
500.0
385.0
120.0
500.0
286.0
500.0
500.0
500.0
500.0
500.0
470.0
500.0
368.0
500.0
500.0
500.0
500.0
500.0
500.0
500.0
424.0
332.0
367.0
500.0
500.0
500.0
500.0
500.0
500.0
500.0
500.0
500.0
500.0
500.0
500.0
500.0
461.0
500.0
500.0
500.0
500.0
500.0
500.0
500.0
347.0
500.0
431.0
500.0
500.0
500.0
500.0
500.0
500.0
500.0
500.0
500.0
500.0
500.0
500.0
500.0
500.0
500.0
500.0
500.0
500.0
500.0
500.0
500.0
500.0
500.0
500.0
500.0
500.0
500.0
500.0
500.0
500.0
500.0
500.0
500.0
500.0
500.0
500.0
500.0
500.0
500.0
500.0
500.0
500.0
500.0
500.0
500.0
500.0
500.0
500.0
500.0
500.0
500.0
500.0
500.0
500.0
500.0
500.0
500.0
500.0
500.0
500.0
500.0
500.0
500.0
500.0
500.0
500.0
500.0
500.0
500.0
500.0
500.0
500.0
500.0
500.0
500.0
500.0
500.0
500.0
500.0
500.0
500.0
500.0
500.0
500.0
500.0
500.0
500.0
500.0
500.0
500.0
500.0
500.0
500.0
500.0
500.0
500.0
500.0
500.0
500.0
500.0
500.0
500.0
500.0
500.0
500.0
500.0
500.0
500.0
500.0
500.0
500.0
500.0
500.0
500.0
500.0
500.0
500.0
500.0
500.0
500.0
500.0
500.0
500.0
500.0
500.0
500.0
500.0
500.0
500.0
500.0
500.0
500.0
500.0
500.0
500.0
500.0
500.0
500.0
500.0
500.0
500.0
500.0
500.0
500.0
500.0
500.0
500.0
500.0
500.0
500.0
500.0
500.0
500.0
500.0
500.0
500.0
500.0
500.0
500.0
500.0
500.0
500.0
500.0
500.0
500.0
500.0
500.0
500.0
500.0
500.0
500.0
500.0
500.0
500.0
500.0
500.0
500.0
500.0
500.0
500.0
500.0
500.0
500.0
500.0
500.0
500.0
500.0
500.0
500.0
500.0
500.0
500.0
500.0
500.0
500.0
500.0
500.0
500.0
500.0
500.0
500.0
500.0
500.0
500.0
500.0
500.0
500.0
500.0
500.0
500.0
500.0
500.0
500.0
500.0
500.0
500.0
500.0
500.0
500.0
500.0
500.0
500.0
500.0
500.0
500.0
500.0
500.0
500.0
500.0
500.0
500.0
500.0
500.0
500.0
500.0
500.0
500.0
500.0
500.0
500.0
500.0
500.0
500.0
500.0
500.0
500.0
500.0
500.0
500.0
500.0
500.0
500.0
500.0
500.0
500.0
500.0
500.0
500.0
500.0
500.0
500.0
500.0
500.0
500.0
500.0
500.0
500.0
500.0
500.0
500.0
500.0
500.0
500.0
500.0
500.0
500.0
500.0
500.0
500.0
500.0
500.0
500.0
500.0
500.0
500.0
500.0
500.0
500.0
500.0
500.0
500.0
500.0
500.0
500.0
500.0
