1717111258.5866525
1717111258.6223457
1717111258.6332767
1717111258.6474814
1717111258.6563396
1717111258.6733315
1717111258.709199
1717111258.7379076
1717111258.7470784
1717111258.7588587
1717111258.7709708
1717111258.780186
1717111258.78914
1717111258.8035085
1717111258.824712
1717111258.8372738
1717111258.852829
1717111258.8645942
1717111258.8885047
1717111258.89799
1717111258.9128315
1717111258.92368
1717111258.940151
1717111258.9577339
1717111258.965699
1717111258.9737556
1717111259.0097282
1717111259.0269063
1717111259.045943
1717111259.0593092
1717111259.07179
1717111259.082215
1717111259.099226
1717111259.1280181
1717111259.1381674
1717111259.1513867
1717111259.1706822
1717111259.190225
1717111259.2105603
1717111259.2231536
1717111259.2753322
1717111259.316702
1717111259.327483
1717111259.3359146
1717111259.350546
1717111259.364416
1717111259.385861
1717111259.4009616
1717111259.4178145
1717111259.4266207
1717111259.4371674
1717111259.455018
1717111259.4672997
1717111259.4781744
1717111259.4851062
1717111259.4945176
1717111259.5099006
1717111259.519839
1717111259.5412118
1717111259.5490959
1717111259.5767243
1717111259.6043725
1717111259.6165245
1717111259.6313906
1717111259.6449816
1717111259.6554077
1717111259.6773891
1717111259.6901863
1717111259.712402
1717111259.7228227
1717111259.743047
1717111259.7562685
1717111259.7734554
1717111259.7827804
1717111259.7915604
1717111259.801806
1717111259.819726
1717111259.833577
1717111259.850122
1717111259.8747404
1717111259.8980532
1717111259.9119456
1717111259.9199345
1717111259.9283779
1717111259.9442375
1717111259.9535336
1717111259.967129
1717111259.9749835
1717111259.9883716
1717111259.9999728
1717111260.013405
1717111260.0452092
1717111260.0566244
1717111260.0708263
1717111261.2747138
1717111261.293778
1717111261.3054934
1717111261.3139699
1717111261.3345215
1717111261.3504748
1717111261.3648374
1717111261.3831716
1717111261.419991
1717111261.4402716
1717111261.4815135
1717111261.5125577
1717111261.541011
1717111261.5612586
1717111261.575694
1717111261.595175
1717111261.620116
1717111261.6506057
1717111261.6756756
1717111261.7271042
1717111261.7358904
1717111261.7512188
1717111261.770176
1717111261.7838209
1717111261.794543
1717111261.8261657
1717111261.8526833
1717111261.8809226
1717111261.8980103
1717111261.913418
1717111261.9322598
1717111261.9478848
1717111261.982687
1717111262.008125
1717111262.0218182
1717111262.0299969
1717111262.0498703
1717111262.0734873
1717111262.0944514
1717111262.1069586
1717111262.1165657
1717111262.142889
1717111262.1679301
1717111262.1933448
1717111262.2009954
1717111262.2083468
1717111262.2300498
1717111262.2385857
1717111262.2768438
1717111262.298751
1717111262.344752
1717111262.3827586
1717111262.4129806
1717111262.4227636
1717111262.4336317
1717111262.4748135
1717111262.4920528
1717111262.505265
1717111262.5178642
1717111262.5456135
1717111262.5535786
1717111262.5639772
1717111262.5765233
1717111262.6045532
1717111262.6117253
1717111262.6226873
1717111262.6312332
1717111262.654326
1717111262.6839385
1717111263.900089
1717111263.9856422
1717111264.0351334
1717111264.0493088
1717111264.057685
1717111264.0830605
1717111264.0941796
1717111264.1157396
1717111264.1277468
1717111264.149285
1717111264.175824
1717111264.1990707
1717111264.2088203
1717111264.2276926
1717111264.2880983
1717111264.328832
1717111264.3456376
1717111264.364596
1717111264.4604437
1717111264.475176
1717111264.4802098
1717111264.5000875
1717111264.5056808
1717111264.5391064
1717111264.55707
1717111264.5701387
1717111264.5868576
1717111264.6146138
1717111264.628417
1717111264.6396446
1717111264.6488688
1717111264.661233
1717111264.6737149
1717111264.7017167
1717111264.722527
1717111264.7392955
1717111264.7536407
1717111264.7741504
1717111264.8007948
1717111264.8178446
1717111264.841717
1717111264.8550434
1717111264.8779855
1717111264.9001706
1717111264.9221702
1717111264.938037
1717111264.9771473
1717111264.9943192
1717111265.0456617
1717111265.064399
1717111265.1010025
1717111265.1729777
1717111265.2043822
1717111265.2294376
1717111265.2465124
1717111265.2562444
1717111265.2679548
1717111266.474073
1717111266.4906964
1717111266.5661018
1717111266.6342125
1717111266.697454
1717111266.7131584
1717111266.7221675
1717111266.7413683
1717111266.7619896
1717111266.796076
1717111266.8236258
1717111266.8418634
1717111266.9193728
1717111267.023064
1717111267.0398438
1717111267.0898364
1717111267.1252036
1717111267.1329439
1717111267.1651974
1717111267.1800225
1717111267.1909187
1717111267.2042387
1717111267.2246447
1717111267.3070424
1717111267.3173232
1717111267.3526855
1717111267.3824534
1717111267.3949938
1717111267.4082248
1717111267.502887
1717111267.5540872
1717111267.5667853
1717111267.6677628
1717111267.7340057
1717111267.7490437
1717111268.9923952
1717111269.0316286
1717111269.0827823
1717111269.0980573
1717111269.1089838
1717111269.1462586
1717111269.1931174
1717111269.297529
1717111269.346788
1717111269.4130793
1717111269.4657598
1717111269.5037084
1717111269.5688474
1717111269.6006432
1717111269.6929433
1717111269.7105114
1717111269.7358663
1717111269.7962
1717111269.8728616
1717111269.9283285
1717111269.941279
1717111270.059431
1717111270.1481833
1717111270.1925042
1717111270.2182076
1717111271.414874
1717111271.4952087
1717111271.577558
1717111271.678766
1717111271.9202158
1717111271.955247
1717111272.0751588
1717111272.1748633
1717111272.2205935
1717111272.350438
1717111272.3969045
1717111272.5338655
1717111272.6278796
1717111273.9309766
1717111274.1175947
1717111274.2259026
1717111274.3687727
1717111274.4759316
1717111274.5719285
1717111274.6438293
1717111274.7438421
1717111274.764318
1717111274.8832421
1717111275.0219033
1717111275.0632823
1717111276.5411265
1717111276.7556763
1717111276.9078512
1717111277.0839689
1717111277.2264838
1717111277.548729
1717111279.0003526
1717111279.2264128
1717111279.4803658
1717111279.6350958
1717111279.8635
1717111281.3956733
1717111281.5688095
1717111281.884405
1717111282.2031584
1717111282.5155225
1717111284.0160162
1717111284.150502
1717111284.4680808
1717111284.7693598
1717111285.0563421
1717111286.5823889
1717111286.890896
1717111287.2020512
1717111287.5352204
1717111289.0305564
1717111289.3417637
1717111289.6473093
1717111289.925809
1717111291.3527164
1717111291.6635854
1717111291.909465
1717111292.2357297
1717111292.5672066
1717111294.0703175
1717111294.406623
1717111294.7397838
1717111294.976556
1717111296.516583
1717111296.845857
1717111297.1785457
1717111297.5117655
1717111299.0133834
1717111299.3432841
1717111299.605911
1717111299.920749
1717111301.4012473
1717111301.7317548
1717111302.0619047
1717111302.3608534
1717111302.678808
1717111304.1948051
1717111304.5259862
1717111304.8456514
1717111305.1872573
1717111306.7344167
1717111307.0475423
1717111307.3756945
1717111307.7067454
1717111309.2439103
1717111309.5383627
1717111309.8663912
1717111310.1954195
1717111311.7139192
1717111312.0448346
1717111312.3787415
1717111312.713863
1717111314.2209356
1717111314.537582
1717111314.8774652
1717111315.201926
1717111316.7160637
1717111317.029689
1717111317.3474512
1717111317.6767318
1717111319.242298
1717111319.570031
1717111319.8883934
1717111320.2155094
1717111321.734219
1717111322.054645
1717111322.3697844
1717111322.7111804
1717111324.234267
1717111324.5515552
1717111324.8933814
1717111325.2313528
1717111326.7406871
1717111327.0620208
1717111327.394324
1717111327.6977756
1717111327.9967818
1717111329.525213
1717111329.8499758
1717111330.169579
1717111330.4925575
1717111332.0504842
1717111332.3503222
1717111332.6870008
1717111332.9967089
1717111334.5098
1717111334.8338299
1717111335.1669161
1717111335.4918883
1717111337.0143785
1717111337.334476
1717111337.6610048
1717111337.9907193
1717111339.4493384
1717111339.7727983
1717111340.0918999
1717111340.4125276
1717111341.802559
1717111342.1304092
1717111342.4632716
1717111342.7944696
1717111344.2004194
1717111344.5087707
1717111344.8205538
1717111345.1524048
1717111346.5714138
1717111346.8563907
1717111347.163748
1717111347.4928432
1717111348.9489598
1717111349.2488244
1717111349.571741
1717111349.907278
1717111351.3736074
1717111351.6973557
1717111352.0223825
1717111352.3361542
1717111353.7692883
1717111354.0773911
1717111354.3839874
1717111354.7212877
1717111355.0544028
1717111356.5078762
1717111356.8401039
1717111357.1705892
1717111357.4920194
1717111358.9657242
1717111359.300043
1717111359.6269028
1717111359.9484935
1717111361.3827958
1717111361.7048814
1717111362.0294182
1717111362.3523672
1717111363.7719343
1717111364.094078
1717111364.419234
1717111364.7446957
1717111366.1782744
1717111366.492087
1717111366.8050644
1717111367.116402
1717111368.5285487
1717111368.8465207
1717111369.174765
1717111369.5043838
1717111371.0087507
1717111371.3309684
1717111371.6619146
1717111371.9802885
1717111373.4177556
1717111373.734677
1717111374.0632024
1717111374.3952432
1717111375.8713198
1717111376.1853063
1717111376.5123663
1717111376.8572104
1717111378.3080876
1717111378.631341
1717111378.95494
1717111379.2791758
1717111379.604409
1717111381.0594337
1717111381.3867304
1717111381.7282417
1717111382.0617156
1717111383.4920619
1717111383.7992284
1717111384.130005
1717111384.4512897
1717111385.9071634
1717111386.229961
1717111386.558847
1717111386.8931005
1717111388.3701048
1717111388.6668937
1717111388.9787865
1717111389.3089082
1717111390.7776563
1717111391.0991461
1717111391.4174573
1717111391.7495074
1717111393.2142203
1717111393.542058
1717111393.8215609
1717111394.113139
1717111395.5863442
1717111395.9199238
1717111396.2312717
1717111396.561185
1717111398.0435066
1717111398.3743668
1717111398.7057781
1717111399.0254533
1717111400.495794
1717111400.8310034
1717111401.1360555
1717111401.457694
1717111402.9203787
1717111403.2256145
1717111403.5580773
1717111403.8708878
1717111405.320161
1717111405.6378229
1717111405.967314
1717111406.2595546
1717111406.5749543
1717111408.0019636
1717111408.3291612
1717111408.6664872
1717111408.9959
1717111410.4221878
1717111410.7048385
1717111411.0280445
1717111411.3455596
1717111412.776298
1717111413.1072137
1717111413.4414926
1717111413.7811007
1717111415.206676
1717111415.526131
1717111415.82794
1717111416.1596756
1717111417.630355
1717111417.957911
1717111418.2850487
1717111418.6105182
1717111420.0746875
1717111420.3964427
1717111420.7279184
1717111421.0575023
1717111422.5154264
1717111422.838797
1717111423.1642575
1717111423.4773123
1717111424.9407427
1717111425.254134
1717111425.579405
1717111425.9109082
1717111427.383383
1717111427.7248704
1717111428.0621374
1717111428.3948815
1717111429.830657
1717111430.1588538
1717111430.4835868
1717111430.8144383
1717111431.136776
1717111432.6047268
1717111432.9357305
1717111433.2527144
1717111433.5809915
1717111435.012436
1717111435.3432765
1717111435.6751304
1717111435.9981139
1717111437.4297674
1717111437.7608867
1717111438.0628586
1717111438.360133
1717111439.792688
1717111440.1332333
1717111440.4740949
1717111440.8161342
1717111442.2671928
1717111442.5971243
1717111442.939017
1717111443.2655082
1717111444.7312746
1717111445.0636904
1717111445.397666
1717111445.730227
1717111447.2756524
1717111447.607406
1717111447.9113405
1717111448.247491
1717111449.7082512
1717111450.0347025
1717111450.3541844
1717111450.6907482
1717111452.2222745
1717111452.5513155
1717111452.8931715
1717111453.1921668
1717111454.7543097
1717111455.0722685
1717111455.3853846
1717111455.6866632
1717111456.0060751
1717111457.4727242
1717111457.7994604
1717111458.1300147
1717111458.4560878
1717111459.9484825
1717111460.2753596
1717111460.6042972
1717111460.9427807
1717111462.4007387
1717111462.7359805
1717111463.0659494
1717111463.4029064
1717111464.8314028
1717111465.162628
1717111465.4622145
1717111465.7955105
1717111467.2422497
1717111467.5319927
1717111467.8752463
1717111468.2067795
1717111469.718513
1717111470.03196
1717111470.3385222
1717111470.6802518
1717111472.1704419
1717111472.4834952
1717111472.7929513
1717111473.0980382
1717111474.634824
1717111474.958785
1717111475.2993426
1717111475.6285493
1717111477.0844953
1717111477.371728
1717111477.7031536
1717111478.0330818
1717111479.4996386
1717111479.8422267
1717111480.1718915
1717111480.5007224
1717111481.9668489
1717111482.295471
1717111482.6273386
1717111482.9602258
1717111483.29715
1717111484.7481074
1717111485.0753005
1717111485.4053555
