1717112402.198288
1717112402.208594
1717112402.2569904
1717112402.2691872
1717112402.2917721
1717112402.3050609
1717112402.314929
1717112402.326945
1717112402.344422
1717112402.362082
1717112402.3812242
1717112402.3926132
1717112402.419449
1717112402.4276297
1717112402.4417126
1717112402.477023
1717112402.4866126
1717112402.5228832
1717112402.5339038
1717112402.5507069
1717112402.5656183
1717112402.5806954
1717112402.6107848
1717112402.6354651
1717112402.6498685
1717112402.6707091
1717112402.687855
1717112402.7125683
1717112402.7211387
1717112402.73718
1717112402.7454064
1717112402.7543197
1717112402.7694747
1717112402.7831633
1717112402.8003983
1717112402.809073
1717112402.8624125
1717112402.8704937
1717112402.882781
1717112402.906539
1717112402.9244108
1717112402.936739
1717112402.9503446
1717112402.9582937
1717112402.9815085
1717112402.993008
1717112403.0036163
1717112403.0136187
1717112403.027215
1717112403.0351212
1717112403.0676563
1717112403.1247509
1717112403.134128
1717112403.1505303
1717112403.1613407
1717112403.1829267
1717112403.1976435
1717112403.2106032
1717112403.2300615
1717112403.2440221
1717112403.2583225
1717112403.2676535
1717112403.289862
1717112403.3042736
1717112403.3163736
1717112403.3266525
1717112403.335792
1717112403.3445745
1717112403.3609147
1717112403.3711796
1717112403.3941722
1717112403.4074125
1717112403.4362137
1717112403.4494836
1717112403.4619062
1717112403.470406
1717112403.4925053
1717112403.5060446
1717112403.5295439
1717112403.5377097
1717112403.5513477
1717112403.561571
1717112403.575332
1717112403.5859632
1717112403.6113062
1717112403.6274645
1717112403.6447208
1717112403.6515925
1717112403.6611333
1717112404.8585253
1717112404.8711596
1717112404.8865366
1717112404.913948
1717112404.9281838
1717112404.9344485
1717112404.9435394
1717112404.9564676
1717112404.974842
1717112405.0068693
1717112405.0201905
1717112405.0348694
1717112405.0541308
1717112405.070569
1717112405.0931535
1717112405.121046
1717112405.1393058
1717112405.1620333
1717112405.186191
1717112405.1995752
1717112405.210401
1717112405.217596
1717112405.224976
1717112405.2364197
1717112405.247962
1717112405.2588835
1717112405.2829928
1717112405.2954314
1717112405.3071737
1717112405.3217268
1717112405.3413863
1717112405.3559954
1717112405.3963206
1717112405.4181685
1717112405.4378946
1717112405.4544625
1717112405.472726
1717112405.5010402
1717112405.512466
1717112405.5321772
1717112405.5615606
1717112405.5722015
1717112405.5903122
1717112405.6009808
1717112405.6262927
1717112405.6339004
1717112405.647391
1717112405.6710534
1717112405.7088468
1717112405.7392642
1717112405.7754414
1717112405.7837708
1717112405.8155637
1717112405.8329494
1717112405.855621
1717112405.8847377
1717112405.8910923
1717112405.9025655
1717112405.9151545
1717112405.922224
1717112405.9386523
1717112405.9693155
1717112405.9904008
1717112406.0074942
1717112406.0193963
1717112406.0628428
1717112406.07299
1717112406.0830734
1717112406.1016052
1717112406.117463
1717112406.1402786
1717112406.1556854
1717112406.172624
1717112407.2706685
1717112407.2813377
1717112407.3344288
1717112407.3772411
1717112407.3941193
1717112407.4099915
1717112407.4284823
1717112407.4432106
1717112407.4724345
1717112407.4853008
1717112407.4987218
1717112407.5237758
1717112407.5344028
1717112407.5587738
1717112407.5965226
1717112407.6044114
1717112407.6255658
1717112407.645564
1717112407.66118
1717112407.6799066
1717112407.6903799
1717112407.703558
1717112407.7313128
1717112407.7465844
1717112407.7643878
1717112407.781091
1717112407.8186474
1717112407.8316724
1717112407.8401322
1717112407.8531237
1717112407.8682768
1717112407.8744442
1717112407.88275
1717112407.8908472
1717112407.9524164
1717112407.9631848
1717112407.9862704
1717112407.9982762
1717112408.0141947
1717112408.0418458
1717112408.08195
1717112408.114782
1717112408.153006
1717112408.1911006
1717112408.200613
1717112408.219568
1717112408.270402
1717112408.2829437
1717112408.3034945
1717112408.3312855
1717112408.3452177
1717112408.3559608
1717112408.3795283
1717112408.39262
1717112408.417705
1717112408.4344037
1717112408.4733593
1717112408.5224745
1717112408.5520308
1717112408.5677037
1717112408.615379
1717112409.7580452
1717112409.7690291
1717112409.7844927
1717112409.8673553
1717112409.9143023
1717112409.963094
1717112409.9759223
1717112409.990008
1717112410.0358524
1717112410.0538213
1717112410.0614846
1717112410.0867808
1717112410.133445
1717112410.145573
1717112410.16583
1717112410.1769059
1717112410.1992044
1717112410.2552369
1717112410.3082964
1717112410.348372
1717112410.3823762
1717112410.4180853
1717112410.4585922
1717112410.4820964
1717112410.5243185
1717112410.595985
1717112410.6229854
1717112410.6341717
1717112410.6432362
1717112410.714042
1717112410.7566698
1717112410.8156836
1717112410.8637054
1717112410.8810875
1717112410.8957283
1717112410.9443624
1717112410.983364
1717112411.011832
1717112412.1872554
1717112412.2674615
1717112412.384339
1717112412.441737
1717112412.4634902
1717112412.5362833
1717112412.683364
1717112412.7106311
1717112412.719105
1717112412.7742994
1717112412.8041453
1717112412.8765721
1717112412.9444768
1717112412.960767
1717112413.0415971
1717112413.1615593
1717112413.1913629
1717112413.2013848
1717112413.3068335
1717112413.3982024
1717112414.540956
1717112414.694994
1717112414.7927918
1717112414.8628204
1717112414.9953537
1717112415.0956316
1717112415.2409086
1717112415.2496893
1717112415.3090978
1717112415.4123824
1717112415.4752212
1717112415.5236447
1717112415.5734928
1717112415.6652443
1717112415.7602558
1717112415.8466454
1717112416.9256167
1717112417.1523545
1717112417.2653322
1717112417.4619715
1717112417.617446
1717112417.82276
1717112418.0007505
1717112419.1872475
1717112419.3665113
1717112419.5825393
1717112419.7994442
1717112419.8378081
1717112419.9471993
1717112420.0598283
1717112420.177996
1717112420.3035858
1717112420.4203444
1717112421.6839247
1717112421.827992
1717112422.097705
1717112422.1900997
1717112422.435317
1717112422.7226639
1717112422.8594093
1717112422.9140072
1717112424.3318536
1717112424.5877817
1717112424.9193103
1717112425.2126567
1717112425.3629498
1717112427.070221
1717112427.1921651
1717112427.4945154
1717112427.6861062
1717112428.0596588
1717112429.5589008
1717112429.8850932
1717112430.0187445
1717112430.3389935
1717112430.5075798
1717112431.9834168
1717112432.2647014
1717112432.6114702
1717112432.9511094
1717112434.2451541
1717112434.565201
1717112434.9032376
1717112435.139555
1717112435.4647884
1717112437.204322
1717112437.5201387
1717112437.8595335
1717112438.1679387
1717112439.8946543
1717112440.23372
1717112440.5731695
1717112440.9144838
1717112442.5951068
1717112442.9183095
1717112443.2980676
1717112443.6341114
1717112445.6590543
1717112446.0245154
1717112446.3847723
1717112446.7143185
1717112448.527649
1717112448.916749
1717112449.2752073
1717112449.5954552
1717112449.9695632
1717112451.5487707
1717112451.9353015
1717112452.3637948
1717112452.7090013
1717112454.2913365
1717112454.6205516
1717112454.9601288
1717112455.2943206
1717112456.7714903
1717112457.0609493
1717112457.3856668
1717112457.7108319
1717112459.2195442
1717112459.5450678
1717112459.8851755
1717112460.2198606
1717112461.6764073
1717112462.0078466
1717112462.3339229
1717112462.6551013
1717112464.090183
1717112464.410772
1717112464.734353
1717112465.0597064
1717112466.5844796
1717112466.9282935
1717112467.2580235
1717112467.592457
1717112469.1306617
1717112469.4797978
1717112469.7928417
1717112470.1305938
1717112471.7366514
1717112472.0642056
1717112472.3916047
1717112472.7307184
1717112474.63415
1717112475.007091
1717112475.3729067
1717112475.6921837
1717112477.270942
1717112477.593842
1717112477.9377506
1717112478.2891798
1717112478.6270492
1717112480.377094
1717112480.6996326
1717112481.0122998
1717112481.3225029
1717112482.838647
1717112483.173749
1717112483.4918911
1717112483.816092
1717112485.4675512
1717112485.8000586
1717112486.1297262
1717112486.4584057
1717112488.1347945
1717112488.4490886
1717112488.7669342
1717112489.0909061
1717112490.5797405
1717112490.9121957
1717112491.2464304
1717112491.5775654
1717112493.048177
1717112493.3781664
1717112493.682612
1717112493.962045
1717112495.4919863
1717112495.8307316
1717112496.1574829
1717112496.4489307
1717112497.9701002
1717112498.273312
1717112498.5958679
1717112498.9316611
1717112500.405426
1717112500.719061
1717112501.0471985
1717112501.3598342
1717112502.818603
1717112503.1308386
1717112503.4580238
1717112503.781439
1717112504.1020343
1717112505.5289826
1717112505.8555465
1717112506.1632283
1717112506.4687815
1717112507.9667804
1717112508.2789648
1717112508.583716
1717112508.9097126
1717112510.435098
1717112510.7628224
1717112511.0846672
1717112511.403281
1717112512.8668036
1717112513.1895883
1717112513.5226624
1717112513.8602006
1717112515.3227992
1717112515.6327224
1717112515.9578822
1717112516.2883103
1717112517.7188342
1717112518.0453694
1717112518.3576648
1717112518.655543
1717112520.0966454
1717112520.429367
1717112520.7628248
1717112521.0885487
1717112522.5402443
1717112522.8785214
1717112523.2080178
1717112523.5417333
1717112525.0330985
1717112525.3724868
1717112525.704426
1717112526.0284574
1717112527.459047
1717112527.7871094
1717112528.0990975
1717112528.4234412
1717112528.727878
1717112530.3662996
1717112530.7010043
1717112531.023852
1717112531.3528035
1717112532.8305964
1717112533.1481187
1717112533.4731226
1717112533.813529
1717112535.402625
1717112535.730112
1717112536.060543
1717112536.3988514
1717112538.0959315
1717112538.4533212
1717112538.7934206
1717112539.1278317
1717112540.9251542
1717112541.241416
1717112541.5912945
1717112541.9553397
1717112543.633937
1717112543.994993
1717112544.30643
1717112544.6599698
1717112546.2121973
1717112546.5395055
1717112546.8654482
1717112547.1938722
1717112548.701065
1717112549.0320418
1717112549.3454423
1717112549.6572943
1717112551.1252713
1717112551.432207
1717112551.7726011
1717112552.1138608
1717112553.6065931
1717112553.931898
1717112554.2561684
1717112554.5854006
1717112556.242541
1717112556.5408125
1717112556.8686635
1717112557.1930547
1717112557.5149505
1717112559.0010858
1717112559.3239613
1717112559.6533294
1717112559.9883137
1717112561.5976784
1717112561.938727
1717112562.267209
1717112562.5992546
1717112564.096387
1717112564.4191043
1717112564.748608
1717112565.0757961
1717112566.5661273
1717112566.906065
1717112567.2420251
1717112567.5499444
1717112569.0902956
1717112569.4159937
1717112569.7610717
1717112570.100682
1717112571.67715
1717112571.9731936
1717112572.3076534
1717112572.6413531
1717112574.032137
1717112574.3608956
1717112574.6817944
1717112574.9863853
1717112576.502576
1717112576.8222682
1717112577.150476
1717112577.4799418
1717112578.9047549
1717112579.2239473
1717112579.5674615
1717112579.8802912
1717112581.353204
1717112581.6945634
1717112582.0129082
1717112582.3501506
1717112582.6791582
1717112584.1571913
1717112584.475622
1717112584.8050022
1717112585.1461675
1717112586.6420507
1717112586.9471414
1717112587.2535622
1717112587.55804
1717112589.0021777
1717112589.294911
1717112589.6010761
1717112589.924274
1717112591.43009
1717112591.7512224
1717112592.035479
1717112592.3621402
1717112593.832834
1717112594.1463783
1717112594.4684255
1717112594.8058057
1717112596.259683
1717112596.5731902
1717112596.9116855
1717112597.2350163
1717112598.6608274
1717112598.9781194
1717112599.3084338
1717112599.6175056
1717112601.039816
1717112601.3717268
1717112601.7127702
1717112602.041655
1717112603.4507666
1717112603.759839
1717112604.0587127
1717112604.3752394
1717112605.8014295
1717112606.1000583
1717112606.4020576
1717112606.729174
1717112608.297298
1717112608.6276972
1717112608.9293745
1717112609.256115
1717112609.5452693
1717112610.9914083
1717112611.2932587
1717112611.6112936
1717112611.927746
1717112613.3448617
1717112613.6758173
1717112614.0150425
1717112614.317947
1717112615.8256676
1717112616.1222382
1717112616.4068635
1717112616.7240238
1717112618.1825497
1717112618.5011685
1717112618.829975
1717112619.1673381
1717112620.5940146
1717112620.917472
1717112621.2110763
1717112621.5491295
1717112622.9971747
1717112623.3193765
1717112623.646699
1717112623.9524207
1717112625.4178612
1717112625.7459424
1717112626.0670257
1717112626.388838
1717112627.8379073
1717112628.148009
1717112628.4679196
1717112628.7982142
1717112630.1936266
1717112630.5261557
1717112630.8475926
1717112631.164814
1717112632.7506342
1717112633.0586512
1717112633.3680496
1717112633.6900861
