640
1344
2560
4352
4928
5952
6976
8128
11776
14016
15104
15872
16576
19072
20224
21120
21760
22528
24256
25088
26048
27456
29504
30848
31680
32896
34112
35008
36992
37696
38784
41408
42432
45696
46400
48896
51328
53440
55232
56448
58752
61440
62400
63488
64448
66304
66944
67840
68544
69504
70272
71104
71744
72896
74112
75328
76352
77568
78720
80448
83584
84672
86656
88512
89792
91072
92800
95296
96000
98112
100288
101440
102208
103040
104768
106560
107904
109568
111168
112384
114112
115008
116800
119040
120128
121152
122176
122944
123904
125120
125888
127296
128576
129280
129856
131072
131968
132992
134528
135872
136704
138944
139584
140992
145152
146240
147648
150144
151296
152896
154944
157440
158848
160256
163264
163968
164800
166016
167424
168064
168832
170304
171200
173824
174912
176512
178112
179520
183168
184384
185984
188224
190656
194496
195968
197184
198784
199680
200576
202560
203776
206208
207552
208384
209792
213632
215680
217664
219968
222592
223552
225664
227136
227840
228800
230592
231680
232704
234240
235264
236096
236928
238656
241024
241984
244096
244736
246592
247296
249088
249664
252096
253632
257152
258624
259648
261120
261952
265216
269248
270080
271040
273536
274880
276032
277376
280128
282560
283648
287104
290624
293376
295296
300672
302848
305792
311680
314304
315136
317312
320512
321664
323456
329984
336064
338112
342400
344448
346496
348480
349952
354368
355584
360128
364928
369152
371520
377088
378880
380160
381888
383488
385536
387584
392192
404672
405632
412032
413760
417344
419008
423360
425344
429120
431232
432768
435456
438080
440320
445184
449344
453888
456128
456960
457728
464128
465984
467264
468800
474176
475456
479808
485248
489920
496064
496832
505408
511168
512896
518912
524416
528128
531072
537472
544192
551104
558464
563968
569728
578816
585152
589824
597696
603392
613824
617792
622208
633728
635328
637120
641344
643008
651584
658176
667520
681600
688640
698496
704704
711040
712448
721984
729216
734784
751488
761472
771904
782464
786688
794624
807744
816704
834944
852736
862080
875200
883648
891520
910848
928128
956544
972928
1004928
1021888
1039936
1063424
1080192
1095040
1127040
1149120
1181120
1213120
1237760
1245440
1277440
1295744
1327744
1359744
1391744
1423744
1455744
1485824
1517824
1541376
1573376
1605376
1637376
1669376
1701376
1733376
1765376
1792512
1813760
1837248
1869248
1901248
1933248
1965248
1997248
2029248
2061248
2093248
2125248
2157248
2189248
2221248
2253248
2282752
2314752
2346752
2378752
2410752
2442752
2474752
2506752
2528960
2560960
2588544
2620544
2652544
2684544
2716544
2748544
2780544
2812544
2844544
2876544
2908544
2940544
2972544
3004544
3036544
3068544
3100544
3132544
3164544
3196544
3228544
3260544
3292544
3324544
3356544
3388544
3420544
3452544
3484544
3516544
3548544
3580544
3612544
3644544
3676544
3708544
3740544
3772544
3804544
3836544
3868544
3900544
3932544
3964544
3996544
4028544
4060544
4092544
4124544
4156544
4188544
4220544
4252544
4284544
4316544
4348544
4380544
4412544
4444544
4476544
4508544
4540544
4572544
4604544
4636544
4668544
4700544
4732544
4764544
4796544
4828544
4860544
4892544
4924544
4956544
4988544
5020544
5052544
5084544
5116544
5148544
5180544
5212544
5244544
5276544
5308544
5340544
5372544
5404544
5436544
5468544
5500544
5532544
5564544
5596544
5628544
5660544
5692544
5724544
5756544
5788544
5820544
5852544
5884544
5916544
5948544
5980544
6012544
6044544
6076544
6108544
6140544
6172544
6204544
6236544
6268544
6300544
6332544
6364544
6396544
6428544
6460544
6492544
6524544
6556544
6588544
6620544
6652544
6684544
6716544
6748544
6780544
6812544
6844544
6876544
6908544
6940544
6972544
7004544
7036544
7068544
7100544
7132544
7164544
7196544
7228544
7260544
7292544
7324544
7356544
7388544
7420544
7452544
7484544
7516544
7548544
7580544
7612544
7644544
7676544
7708544
7740544
7772544
7804544
7836544
7868544
7900544
7932544
7964544
7996544
8028544
8060544
8092544
8124544
8156544
8188544
8220544
8252544
8284544
8316544
8348544
8380544
8412544
8444544
8476544
8508544
8540544
8572544
8604544
8636544
8668544
8700544
8732544
8764544
8796544
8828544
8860544
8892544
8924544
8956544
8988544
9020544
9052544
9084544
9116544
9148544
9180544
9212544
9244544
9276544
9308544
9340544
9372544
9404544
9436544
9468544
9500544
9532544
9564544
9596544
9628544
9660544
9692544
9724544
9756544
9788544
9820544
9852544
9884544
9916544
9948544
9980544
10012544
10044544
10076544
10108544
10140544
10172544
10204544
10236544
10268544
10300544
10332544
10364544
10396544
10428544
10460544
10492544
10524544
10556544
10588544
10620544
10652544
10684544
10716544
10748544
10780544
10812544
10844544
10876544
10908544
10940544
10972544
11004544
11036544
11068544
11100544
11132544
11164544
11196544
11228544
11260544
11292544
11324544
11356544
11388544
11420544
11452544
11484544
11516544
11548544
11580544
11612544
11644544
11676544
11708544
11740544
11772544
11804544
11836544
11868544
11900544
11932544
11964544
11996544
12028544
