1024
4096
5056
6272
7040
8512
11584
14080
14848
15808
16768
17536
18304
19520
21376
22464
23808
24832
26944
27776
29056
30016
31488
33024
33728
34432
37632
39104
40768
41920
43008
43904
45376
47872
48768
49920
51648
53312
55040
56128
60672
64320
65280
66048
67328
68544
70400
71680
73088
73792
74624
76160
77184
78144
78784
79616
80960
81856
83712
84416
86912
89408
90496
91840
93056
94016
96000
97152
99072
99904
101696
102848
104384
105216
105984
106880
108416
109632
111104
113344
115392
116672
117376
118144
119552
120384
121600
122304
123520
124544
125760
128640
129664
130944
131584
133184
134144
134848
136576
138112
139584
141312
144512
146304
149952
152704
155264
157056
158336
160064
162304
165056
167424
172800
173696
175296
177088
178240
179072
181888
184256
186560
187968
189248
190848
192128
194560
196736
197888
198592
200256
201664
203456
204608
205504
207936
210240
212608
213312
214016
216320
217216
221248
223488
227072
230464
233024
233856
234688
238720
240512
241920
243264
246144
246976
248064
249408
252352
253120
254272
255168
257600
260736
263424
270848
275136
276416
277184
279488
280512
282496
283584
285568
288000
290112
291008
292736
298368
302272
303872
305664
314496
315968
316480
318528
319104
322560
324416
325760
327488
330368
331776
332928
333888
335168
336448
339328
341504
343232
344704
346816
349568
351232
353280
354496
356608
358592
360640
362048
365568
367104
371648
373376
376704
383296
386176
388544
390336
391360
392576
393984
395712
403712
410240
416128
417600
418432
420224
422144
425280
427840
429504
436800
447104
448896
454272
458048
458880
462336
463936
465088
466496
468672
477568
478656
482496
485696
487040
488448
498624
503744
504960
514496
521152
522752
526336
530560
536128
537728
538752
542272
546816
556672
561856
569152
574912
579072
586176
589632
598400
600256
603008
609600
617984
624064
625472
638400
647872
652480
655296
664064
671488
679168
688704
711296
714624
726080
735552
739904
753984
759104
774272
784640
796416
817088
829184
843968
854272
863424
871168
881536
883456
894912
908096
911936
938048
958784
973312
990400
1004096
1036096
1065728
1087616
1111616
1126272
1148352
1180352
1196672
1228672
1260672
1290048
1322048
1335296
1367296
1398080
1430080
1462080
1494080
1523584
1555584
1587584
1619584
1651584
1683584
1710080
1742080
1765312
1797312
1829312
1861312
1893312
1925312
1948032
1980032
2012032
2044032
2076032
2108032
2140032
2165696
2197696
2229696
2261696
2293696
2325696
2357696
2389696
2421696
2453696
2485696
2517696
2549696
2581696
2613696
2645696
2677696
2709696
2741696
2773696
2805696
2837696
2869696
2901696
2933696
2965696
2997696
3029696
3061696
3093696
3125696
3157696
3189696
3221696
3253696
3285696
3317696
3349696
3381696
3413696
3445696
3477696
3509696
3541696
3573696
3605696
3637696
3669696
3701696
3733696
3765696
3797696
3829696
3861696
3893696
3925696
3957696
3989696
4021696
4053696
4085696
4117696
4149696
4181696
4213696
4245696
4277696
4309696
4341696
4373696
4405696
4437696
4469696
4501696
4533696
4565696
4597696
4629696
4661696
4693696
4725696
4757696
4789696
4821696
4853696
4885696
4917696
4949696
4981696
5013696
5045696
5077696
5109696
5141696
5173696
5205696
5237696
5269696
5301696
5333696
5365696
5397696
5429696
5461696
5493696
5525696
5557696
5589696
5621696
5653696
5685696
5717696
5749696
5781696
5813696
5845696
5877696
5909696
5941696
5973696
6005696
6037696
6069696
6101696
6133696
6165696
6197696
6229696
6261696
6293696
6325696
6357696
6389696
6421696
6453696
6485696
6517696
6549696
6581696
6613696
6645696
6677696
6709696
6741696
6773696
6805696
6837696
6869696
6901696
6933696
6965696
6997696
7029696
7061696
7093696
7125696
7157696
7189696
7221696
7253696
7285696
7317696
7349696
7381696
7413696
7445696
7477696
7509696
7541696
7573696
7605696
7637696
7669696
7701696
7733696
7765696
7797696
7829696
7861696
7893696
7925696
7957696
7989696
8021696
8053696
8085696
8117696
8149696
8181696
8213696
8245696
8277696
8309696
8341696
8373696
8405696
8437696
8469696
8501696
8533696
8565696
8597696
8629696
8661696
8693696
8725696
8757696
8789696
8821696
8853696
8885696
8917696
8949696
8981696
9013696
9045696
9077696
9109696
9141696
9173696
9205696
9237696
9269696
9301696
9333696
9365696
9397696
9429696
9461696
9493696
9525696
9557696
9589696
9621696
9653696
9685696
9717696
9749696
9781696
9813696
9845696
9877696
9909696
9941696
9973696
10005696
10037696
10069696
10101696
10133696
10165696
10197696
10229696
10261696
10293696
10325696
10357696
10389696
10421696
10453696
10485696
10517696
10549696
10581696
10613696
10645696
10677696
10709696
10741696
10773696
10805696
10837696
10869696
10901696
10933696
10965696
10997696
11029696
11061696
11093696
11125696
11157696
11189696
11221696
11253696
11285696
11317696
11349696
11381696
11413696
11445696
11477696
11509696
11541696
11573696
11605696
11637696
11669696
11701696
11733696
11765696
11797696
11829696
11861696
11893696
11925696
11957696
11989696
12021696
